step,task_id,remaining_work,total_work,progress,status,finished_step
1,0,10.0,10.0,0.0,pending,
1,1,10.0,10.0,0.0,pending,
1,2,5.0,5.0,0.0,pending,
1,3,10.0,10.0,0.0,pending,
1,4,15.0,15.0,0.0,pending,
1,5,10.0,10.0,0.0,pending,
1,6,10.0,10.0,0.0,pending,
1,7,10.0,10.0,0.0,pending,
1,8,10.0,10.0,0.0,pending,
1,9,10.0,10.0,0.0,pending,
1,10,15.0,15.0,0.0,pending,
1,11,5.0,5.0,0.0,pending,
1,12,15.0,15.0,0.0,pending,
1,13,5.0,5.0,0.0,pending,
1,14,10.0,10.0,0.0,pending,
1,15,5.0,5.0,0.0,pending,
1,16,5.0,5.0,0.0,pending,
1,17,15.0,15.0,0.0,pending,
1,18,10.0,10.0,0.0,pending,
1,19,15.0,15.0,0.0,pending,
1,20,15.0,15.0,0.0,pending,
1,21,15.0,15.0,0.0,pending,
1,22,5.0,5.0,0.0,pending,
1,23,10.0,10.0,0.0,pending,
1,24,5.0,5.0,0.0,pending,
1,25,15.0,15.0,0.0,pending,
1,26,5.0,5.0,0.0,pending,
1,27,15.0,15.0,0.0,pending,
1,28,10.0,10.0,0.0,pending,
1,29,10.0,10.0,0.0,pending,
1,30,15.0,15.0,0.0,pending,
1,31,5.0,5.0,0.0,pending,
1,32,10.0,10.0,0.0,pending,
1,33,10.0,10.0,0.0,pending,
1,34,10.0,10.0,0.0,pending,
1,35,15.0,15.0,0.0,pending,
1,36,15.0,15.0,0.0,pending,
1,37,5.0,5.0,0.0,pending,
1,38,15.0,15.0,0.0,pending,
1,39,10.0,10.0,0.0,pending,
1,40,10.0,10.0,0.0,pending,
1,41,15.0,15.0,0.0,pending,
1,42,10.0,10.0,0.0,pending,
1,43,5.0,5.0,0.0,pending,
1,44,15.0,15.0,0.0,pending,
1,45,5.0,5.0,0.0,pending,
1,46,5.0,5.0,0.0,pending,
1,47,15.0,15.0,0.0,pending,
1,48,10.0,10.0,0.0,pending,
2,0,10.0,10.0,0.0,pending,
2,1,10.0,10.0,0.0,pending,
2,2,5.0,5.0,0.0,pending,
2,3,10.0,10.0,0.0,pending,
2,4,15.0,15.0,0.0,pending,
2,5,10.0,10.0,0.0,pending,
2,6,10.0,10.0,0.0,pending,
2,7,10.0,10.0,0.0,pending,
2,8,10.0,10.0,0.0,pending,
2,9,10.0,10.0,0.0,pending,
2,10,15.0,15.0,0.0,pending,
2,11,5.0,5.0,0.0,pending,
2,12,15.0,15.0,0.0,pending,
2,13,5.0,5.0,0.0,pending,
2,14,10.0,10.0,0.0,pending,
2,15,5.0,5.0,0.0,pending,
2,16,5.0,5.0,0.0,pending,
2,17,15.0,15.0,0.0,pending,
2,18,10.0,10.0,0.0,pending,
2,19,15.0,15.0,0.0,pending,
2,20,15.0,15.0,0.0,pending,
2,21,15.0,15.0,0.0,pending,
2,22,5.0,5.0,0.0,pending,
2,23,10.0,10.0,0.0,pending,
2,24,5.0,5.0,0.0,pending,
2,25,15.0,15.0,0.0,pending,
2,26,5.0,5.0,0.0,pending,
2,27,15.0,15.0,0.0,pending,
2,28,10.0,10.0,0.0,pending,
2,29,10.0,10.0,0.0,pending,
2,30,15.0,15.0,0.0,pending,
2,31,5.0,5.0,0.0,pending,
2,32,10.0,10.0,0.0,pending,
2,33,10.0,10.0,0.0,pending,
2,34,10.0,10.0,0.0,pending,
2,35,15.0,15.0,0.0,pending,
2,36,15.0,15.0,0.0,pending,
2,37,5.0,5.0,0.0,pending,
2,38,15.0,15.0,0.0,pending,
2,39,10.0,10.0,0.0,pending,
2,40,10.0,10.0,0.0,pending,
2,41,15.0,15.0,0.0,pending,
2,42,10.0,10.0,0.0,pending,
2,43,5.0,5.0,0.0,pending,
2,44,15.0,15.0,0.0,pending,
2,45,5.0,5.0,0.0,pending,
2,46,5.0,5.0,0.0,pending,
2,47,15.0,15.0,0.0,pending,
2,48,10.0,10.0,0.0,pending,
3,0,10.0,10.0,0.0,pending,
3,1,10.0,10.0,0.0,pending,
3,2,5.0,5.0,0.0,pending,
3,3,10.0,10.0,0.0,pending,
3,4,15.0,15.0,0.0,pending,
3,5,10.0,10.0,0.0,pending,
3,6,10.0,10.0,0.0,pending,
3,7,10.0,10.0,0.0,pending,
3,8,10.0,10.0,0.0,pending,
3,9,10.0,10.0,0.0,pending,
3,10,15.0,15.0,0.0,pending,
3,11,5.0,5.0,0.0,pending,
3,12,15.0,15.0,0.0,pending,
3,13,5.0,5.0,0.0,pending,
3,14,10.0,10.0,0.0,pending,
3,15,5.0,5.0,0.0,pending,
3,16,5.0,5.0,0.0,pending,
3,17,15.0,15.0,0.0,pending,
3,18,10.0,10.0,0.0,pending,
3,19,15.0,15.0,0.0,pending,
3,20,15.0,15.0,0.0,pending,
3,21,15.0,15.0,0.0,pending,
3,22,5.0,5.0,0.0,pending,
3,23,10.0,10.0,0.0,pending,
3,24,5.0,5.0,0.0,pending,
3,25,15.0,15.0,0.0,pending,
3,26,5.0,5.0,0.0,pending,
3,27,15.0,15.0,0.0,pending,
3,28,10.0,10.0,0.0,pending,
3,29,10.0,10.0,0.0,pending,
3,30,15.0,15.0,0.0,pending,
3,31,5.0,5.0,0.0,pending,
3,32,10.0,10.0,0.0,pending,
3,33,10.0,10.0,0.0,pending,
3,34,10.0,10.0,0.0,pending,
3,35,15.0,15.0,0.0,pending,
3,36,15.0,15.0,0.0,pending,
3,37,5.0,5.0,0.0,pending,
3,38,15.0,15.0,0.0,pending,
3,39,10.0,10.0,0.0,pending,
3,40,10.0,10.0,0.0,pending,
3,41,15.0,15.0,0.0,pending,
3,42,10.0,10.0,0.0,pending,
3,43,5.0,5.0,0.0,pending,
3,44,15.0,15.0,0.0,pending,
3,45,5.0,5.0,0.0,pending,
3,46,5.0,5.0,0.0,pending,
3,47,15.0,15.0,0.0,pending,
3,48,10.0,10.0,0.0,pending,
4,0,10.0,10.0,0.0,pending,
4,1,10.0,10.0,0.0,pending,
4,2,5.0,5.0,0.0,pending,
4,3,10.0,10.0,0.0,pending,
4,4,15.0,15.0,0.0,pending,
4,5,10.0,10.0,0.0,pending,
4,6,10.0,10.0,0.0,pending,
4,7,10.0,10.0,0.0,pending,
4,8,10.0,10.0,0.0,pending,
4,9,10.0,10.0,0.0,pending,
4,10,15.0,15.0,0.0,pending,
4,11,5.0,5.0,0.0,pending,
4,12,15.0,15.0,0.0,pending,
4,13,5.0,5.0,0.0,pending,
4,14,10.0,10.0,0.0,pending,
4,15,5.0,5.0,0.0,pending,
4,16,5.0,5.0,0.0,pending,
4,17,15.0,15.0,0.0,pending,
4,18,10.0,10.0,0.0,pending,
4,19,15.0,15.0,0.0,pending,
4,20,15.0,15.0,0.0,pending,
4,21,15.0,15.0,0.0,pending,
4,22,5.0,5.0,0.0,pending,
4,23,10.0,10.0,0.0,pending,
4,24,5.0,5.0,0.0,pending,
4,25,15.0,15.0,0.0,pending,
4,26,5.0,5.0,0.0,pending,
4,27,15.0,15.0,0.0,pending,
4,28,10.0,10.0,0.0,pending,
4,29,10.0,10.0,0.0,pending,
4,30,15.0,15.0,0.0,pending,
4,31,5.0,5.0,0.0,pending,
4,32,10.0,10.0,0.0,pending,
4,33,10.0,10.0,0.0,pending,
4,34,10.0,10.0,0.0,pending,
4,35,15.0,15.0,0.0,pending,
4,36,15.0,15.0,0.0,pending,
4,37,5.0,5.0,0.0,pending,
4,38,15.0,15.0,0.0,pending,
4,39,10.0,10.0,0.0,pending,
4,40,10.0,10.0,0.0,pending,
4,41,15.0,15.0,0.0,pending,
4,42,10.0,10.0,0.0,pending,
4,43,5.0,5.0,0.0,pending,
4,44,15.0,15.0,0.0,pending,
4,45,5.0,5.0,0.0,pending,
4,46,5.0,5.0,0.0,pending,
4,47,15.0,15.0,0.0,pending,
4,48,10.0,10.0,0.0,pending,
5,0,10.0,10.0,0.0,pending,
5,1,10.0,10.0,0.0,pending,
5,2,5.0,5.0,0.0,pending,
5,3,10.0,10.0,0.0,pending,
5,4,15.0,15.0,0.0,pending,
5,5,10.0,10.0,0.0,pending,
5,6,10.0,10.0,0.0,pending,
5,7,10.0,10.0,0.0,pending,
5,8,10.0,10.0,0.0,pending,
5,9,10.0,10.0,0.0,pending,
5,10,15.0,15.0,0.0,pending,
5,11,5.0,5.0,0.0,pending,
5,12,15.0,15.0,0.0,pending,
5,13,5.0,5.0,0.0,pending,
5,14,10.0,10.0,0.0,pending,
5,15,5.0,5.0,0.0,pending,
5,16,5.0,5.0,0.0,pending,
5,17,15.0,15.0,0.0,pending,
5,18,10.0,10.0,0.0,pending,
5,19,15.0,15.0,0.0,pending,
5,20,15.0,15.0,0.0,pending,
5,21,15.0,15.0,0.0,pending,
5,22,5.0,5.0,0.0,pending,
5,23,10.0,10.0,0.0,pending,
5,24,5.0,5.0,0.0,pending,
5,25,15.0,15.0,0.0,pending,
5,26,5.0,5.0,0.0,pending,
5,27,15.0,15.0,0.0,pending,
5,28,10.0,10.0,0.0,pending,
5,29,10.0,10.0,0.0,pending,
5,30,15.0,15.0,0.0,pending,
5,31,5.0,5.0,0.0,pending,
5,32,10.0,10.0,0.0,pending,
5,33,10.0,10.0,0.0,pending,
5,34,10.0,10.0,0.0,pending,
5,35,15.0,15.0,0.0,pending,
5,36,15.0,15.0,0.0,pending,
5,37,5.0,5.0,0.0,pending,
5,38,15.0,15.0,0.0,pending,
5,39,10.0,10.0,0.0,pending,
5,40,10.0,10.0,0.0,pending,
5,41,15.0,15.0,0.0,pending,
5,42,10.0,10.0,0.0,pending,
5,43,5.0,5.0,0.0,pending,
5,44,15.0,15.0,0.0,pending,
5,45,5.0,5.0,0.0,pending,
5,46,5.0,5.0,0.0,pending,
5,47,15.0,15.0,0.0,pending,
5,48,10.0,10.0,0.0,pending,
6,0,10.0,10.0,0.0,pending,
6,1,10.0,10.0,0.0,pending,
6,2,5.0,5.0,0.0,pending,
6,3,10.0,10.0,0.0,pending,
6,4,15.0,15.0,0.0,pending,
6,5,10.0,10.0,0.0,pending,
6,6,10.0,10.0,0.0,pending,
6,7,10.0,10.0,0.0,pending,
6,8,10.0,10.0,0.0,pending,
6,9,10.0,10.0,0.0,pending,
6,10,15.0,15.0,0.0,pending,
6,11,5.0,5.0,0.0,pending,
6,12,15.0,15.0,0.0,pending,
6,13,5.0,5.0,0.0,pending,
6,14,10.0,10.0,0.0,pending,
6,15,5.0,5.0,0.0,pending,
6,16,5.0,5.0,0.0,pending,
6,17,15.0,15.0,0.0,pending,
6,18,10.0,10.0,0.0,pending,
6,19,15.0,15.0,0.0,pending,
6,20,15.0,15.0,0.0,pending,
6,21,15.0,15.0,0.0,pending,
6,22,5.0,5.0,0.0,pending,
6,23,10.0,10.0,0.0,pending,
6,24,5.0,5.0,0.0,pending,
6,25,15.0,15.0,0.0,pending,
6,26,5.0,5.0,0.0,pending,
6,27,15.0,15.0,0.0,pending,
6,28,10.0,10.0,0.0,pending,
6,29,10.0,10.0,0.0,pending,
6,30,15.0,15.0,0.0,pending,
6,31,5.0,5.0,0.0,pending,
6,32,10.0,10.0,0.0,pending,
6,33,10.0,10.0,0.0,pending,
6,34,10.0,10.0,0.0,pending,
6,35,15.0,15.0,0.0,pending,
6,36,15.0,15.0,0.0,pending,
6,37,5.0,5.0,0.0,pending,
6,38,15.0,15.0,0.0,pending,
6,39,10.0,10.0,0.0,pending,
6,40,10.0,10.0,0.0,pending,
6,41,15.0,15.0,0.0,pending,
6,42,10.0,10.0,0.0,pending,
6,43,5.0,5.0,0.0,pending,
6,44,15.0,15.0,0.0,pending,
6,45,5.0,5.0,0.0,pending,
6,46,5.0,5.0,0.0,pending,
6,47,15.0,15.0,0.0,pending,
6,48,10.0,10.0,0.0,pending,
7,0,10.0,10.0,0.0,pending,
7,1,10.0,10.0,0.0,pending,
7,2,5.0,5.0,0.0,pending,
7,3,10.0,10.0,0.0,pending,
7,4,15.0,15.0,0.0,pending,
7,5,10.0,10.0,0.0,pending,
7,6,10.0,10.0,0.0,pending,
7,7,10.0,10.0,0.0,pending,
7,8,10.0,10.0,0.0,pending,
7,9,10.0,10.0,0.0,pending,
7,10,15.0,15.0,0.0,pending,
7,11,5.0,5.0,0.0,pending,
7,12,15.0,15.0,0.0,pending,
7,13,5.0,5.0,0.0,pending,
7,14,10.0,10.0,0.0,pending,
7,15,5.0,5.0,0.0,pending,
7,16,5.0,5.0,0.0,pending,
7,17,15.0,15.0,0.0,pending,
7,18,10.0,10.0,0.0,pending,
7,19,15.0,15.0,0.0,pending,
7,20,15.0,15.0,0.0,pending,
7,21,15.0,15.0,0.0,pending,
7,22,5.0,5.0,0.0,pending,
7,23,10.0,10.0,0.0,pending,
7,24,5.0,5.0,0.0,pending,
7,25,15.0,15.0,0.0,pending,
7,26,5.0,5.0,0.0,pending,
7,27,15.0,15.0,0.0,pending,
7,28,10.0,10.0,0.0,pending,
7,29,10.0,10.0,0.0,pending,
7,30,15.0,15.0,0.0,pending,
7,31,5.0,5.0,0.0,pending,
7,32,10.0,10.0,0.0,pending,
7,33,10.0,10.0,0.0,pending,
7,34,10.0,10.0,0.0,pending,
7,35,15.0,15.0,0.0,pending,
7,36,15.0,15.0,0.0,pending,
7,37,5.0,5.0,0.0,pending,
7,38,15.0,15.0,0.0,pending,
7,39,10.0,10.0,0.0,pending,
7,40,10.0,10.0,0.0,pending,
7,41,15.0,15.0,0.0,pending,
7,42,10.0,10.0,0.0,pending,
7,43,5.0,5.0,0.0,pending,
7,44,15.0,15.0,0.0,pending,
7,45,5.0,5.0,0.0,pending,
7,46,5.0,5.0,0.0,pending,
7,47,15.0,15.0,0.0,pending,
7,48,10.0,10.0,0.0,pending,
8,0,10.0,10.0,0.0,pending,
8,1,10.0,10.0,0.0,pending,
8,2,5.0,5.0,0.0,pending,
8,3,10.0,10.0,0.0,pending,
8,4,15.0,15.0,0.0,pending,
8,5,10.0,10.0,0.0,pending,
8,6,10.0,10.0,0.0,pending,
8,7,10.0,10.0,0.0,pending,
8,8,10.0,10.0,0.0,pending,
8,9,10.0,10.0,0.0,pending,
8,10,15.0,15.0,0.0,pending,
8,11,5.0,5.0,0.0,pending,
8,12,15.0,15.0,0.0,pending,
8,13,5.0,5.0,0.0,pending,
8,14,10.0,10.0,0.0,pending,
8,15,5.0,5.0,0.0,pending,
8,16,5.0,5.0,0.0,pending,
8,17,15.0,15.0,0.0,pending,
8,18,10.0,10.0,0.0,pending,
8,19,15.0,15.0,0.0,pending,
8,20,15.0,15.0,0.0,pending,
8,21,15.0,15.0,0.0,pending,
8,22,5.0,5.0,0.0,pending,
8,23,10.0,10.0,0.0,pending,
8,24,5.0,5.0,0.0,pending,
8,25,15.0,15.0,0.0,pending,
8,26,5.0,5.0,0.0,pending,
8,27,15.0,15.0,0.0,pending,
8,28,10.0,10.0,0.0,pending,
8,29,10.0,10.0,0.0,pending,
8,30,15.0,15.0,0.0,pending,
8,31,5.0,5.0,0.0,pending,
8,32,10.0,10.0,0.0,pending,
8,33,10.0,10.0,0.0,pending,
8,34,10.0,10.0,0.0,pending,
8,35,15.0,15.0,0.0,pending,
8,36,15.0,15.0,0.0,pending,
8,37,5.0,5.0,0.0,pending,
8,38,15.0,15.0,0.0,pending,
8,39,10.0,10.0,0.0,pending,
8,40,10.0,10.0,0.0,pending,
8,41,15.0,15.0,0.0,pending,
8,42,10.0,10.0,0.0,pending,
8,43,5.0,5.0,0.0,pending,
8,44,15.0,15.0,0.0,pending,
8,45,5.0,5.0,0.0,pending,
8,46,5.0,5.0,0.0,pending,
8,47,15.0,15.0,0.0,pending,
8,48,10.0,10.0,0.0,pending,
9,0,10.0,10.0,0.0,pending,
9,1,10.0,10.0,0.0,pending,
9,2,5.0,5.0,0.0,pending,
9,3,10.0,10.0,0.0,pending,
9,4,15.0,15.0,0.0,pending,
9,5,10.0,10.0,0.0,pending,
9,6,10.0,10.0,0.0,pending,
9,7,10.0,10.0,0.0,pending,
9,8,10.0,10.0,0.0,pending,
9,9,10.0,10.0,0.0,pending,
9,10,15.0,15.0,0.0,pending,
9,11,5.0,5.0,0.0,pending,
9,12,15.0,15.0,0.0,pending,
9,13,5.0,5.0,0.0,pending,
9,14,10.0,10.0,0.0,pending,
9,15,5.0,5.0,0.0,pending,
9,16,5.0,5.0,0.0,pending,
9,17,15.0,15.0,0.0,pending,
9,18,10.0,10.0,0.0,pending,
9,19,15.0,15.0,0.0,pending,
9,20,15.0,15.0,0.0,pending,
9,21,15.0,15.0,0.0,pending,
9,22,5.0,5.0,0.0,pending,
9,23,10.0,10.0,0.0,pending,
9,24,5.0,5.0,0.0,pending,
9,25,15.0,15.0,0.0,pending,
9,26,5.0,5.0,0.0,pending,
9,27,15.0,15.0,0.0,pending,
9,28,10.0,10.0,0.0,pending,
9,29,10.0,10.0,0.0,pending,
9,30,15.0,15.0,0.0,pending,
9,31,5.0,5.0,0.0,pending,
9,32,10.0,10.0,0.0,pending,
9,33,10.0,10.0,0.0,pending,
9,34,10.0,10.0,0.0,pending,
9,35,15.0,15.0,0.0,pending,
9,36,15.0,15.0,0.0,pending,
9,37,5.0,5.0,0.0,pending,
9,38,15.0,15.0,0.0,pending,
9,39,10.0,10.0,0.0,pending,
9,40,10.0,10.0,0.0,pending,
9,41,15.0,15.0,0.0,pending,
9,42,10.0,10.0,0.0,pending,
9,43,5.0,5.0,0.0,pending,
9,44,15.0,15.0,0.0,pending,
9,45,5.0,5.0,0.0,pending,
9,46,5.0,5.0,0.0,pending,
9,47,15.0,15.0,0.0,pending,
9,48,10.0,10.0,0.0,pending,
10,0,10.0,10.0,0.0,pending,
10,1,10.0,10.0,0.0,pending,
10,2,5.0,5.0,0.0,pending,
10,3,10.0,10.0,0.0,pending,
10,4,15.0,15.0,0.0,pending,
10,5,10.0,10.0,0.0,pending,
10,6,10.0,10.0,0.0,pending,
10,7,10.0,10.0,0.0,pending,
10,8,10.0,10.0,0.0,pending,
10,9,10.0,10.0,0.0,pending,
10,10,15.0,15.0,0.0,pending,
10,11,5.0,5.0,0.0,pending,
10,12,15.0,15.0,0.0,pending,
10,13,5.0,5.0,0.0,pending,
10,14,10.0,10.0,0.0,pending,
10,15,5.0,5.0,0.0,pending,
10,16,5.0,5.0,0.0,pending,
10,17,15.0,15.0,0.0,pending,
10,18,10.0,10.0,0.0,pending,
10,19,15.0,15.0,0.0,pending,
10,20,15.0,15.0,0.0,pending,
10,21,15.0,15.0,0.0,pending,
10,22,5.0,5.0,0.0,pending,
10,23,10.0,10.0,0.0,pending,
10,24,5.0,5.0,0.0,pending,
10,25,15.0,15.0,0.0,pending,
10,26,5.0,5.0,0.0,pending,
10,27,15.0,15.0,0.0,pending,
10,28,10.0,10.0,0.0,pending,
10,29,10.0,10.0,0.0,pending,
10,30,15.0,15.0,0.0,pending,
10,31,5.0,5.0,0.0,pending,
10,32,10.0,10.0,0.0,pending,
10,33,10.0,10.0,0.0,pending,
10,34,10.0,10.0,0.0,pending,
10,35,15.0,15.0,0.0,pending,
10,36,15.0,15.0,0.0,pending,
10,37,5.0,5.0,0.0,pending,
10,38,15.0,15.0,0.0,pending,
10,39,10.0,10.0,0.0,pending,
10,40,10.0,10.0,0.0,pending,
10,41,15.0,15.0,0.0,pending,
10,42,10.0,10.0,0.0,pending,
10,43,5.0,5.0,0.0,pending,
10,44,15.0,15.0,0.0,pending,
10,45,5.0,5.0,0.0,pending,
10,46,5.0,5.0,0.0,pending,
10,47,15.0,15.0,0.0,pending,
10,48,10.0,10.0,0.0,pending,
11,0,10.0,10.0,0.0,pending,
11,1,10.0,10.0,0.0,pending,
11,2,5.0,5.0,0.0,pending,
11,3,10.0,10.0,0.0,pending,
11,4,15.0,15.0,0.0,pending,
11,5,10.0,10.0,0.0,pending,
11,6,10.0,10.0,0.0,pending,
11,7,10.0,10.0,0.0,pending,
11,8,10.0,10.0,0.0,pending,
11,9,10.0,10.0,0.0,pending,
11,10,15.0,15.0,0.0,pending,
11,11,5.0,5.0,0.0,pending,
11,12,15.0,15.0,0.0,pending,
11,13,5.0,5.0,0.0,pending,
11,14,10.0,10.0,0.0,pending,
11,15,5.0,5.0,0.0,pending,
11,16,5.0,5.0,0.0,pending,
11,17,15.0,15.0,0.0,pending,
11,18,10.0,10.0,0.0,pending,
11,19,15.0,15.0,0.0,pending,
11,20,15.0,15.0,0.0,pending,
11,21,15.0,15.0,0.0,pending,
11,22,5.0,5.0,0.0,pending,
11,23,10.0,10.0,0.0,pending,
11,24,5.0,5.0,0.0,pending,
11,25,15.0,15.0,0.0,pending,
11,26,5.0,5.0,0.0,pending,
11,27,15.0,15.0,0.0,pending,
11,28,10.0,10.0,0.0,pending,
11,29,10.0,10.0,0.0,pending,
11,30,15.0,15.0,0.0,pending,
11,31,5.0,5.0,0.0,pending,
11,32,10.0,10.0,0.0,pending,
11,33,10.0,10.0,0.0,pending,
11,34,10.0,10.0,0.0,pending,
11,35,15.0,15.0,0.0,pending,
11,36,15.0,15.0,0.0,pending,
11,37,5.0,5.0,0.0,pending,
11,38,15.0,15.0,0.0,pending,
11,39,10.0,10.0,0.0,pending,
11,40,10.0,10.0,0.0,pending,
11,41,15.0,15.0,0.0,pending,
11,42,10.0,10.0,0.0,pending,
11,43,5.0,5.0,0.0,pending,
11,44,13.511091706090097,15.0,0.09926055292732687,in_progress,
11,45,5.0,5.0,0.0,pending,
11,46,5.0,5.0,0.0,pending,
11,47,15.0,15.0,0.0,pending,
11,48,10.0,10.0,0.0,pending,
12,0,10.0,10.0,0.0,pending,
12,1,10.0,10.0,0.0,pending,
12,2,5.0,5.0,0.0,pending,
12,3,10.0,10.0,0.0,pending,
12,4,15.0,15.0,0.0,pending,
12,5,10.0,10.0,0.0,pending,
12,6,10.0,10.0,0.0,pending,
12,7,10.0,10.0,0.0,pending,
12,8,10.0,10.0,0.0,pending,
12,9,10.0,10.0,0.0,pending,
12,10,15.0,15.0,0.0,pending,
12,11,5.0,5.0,0.0,pending,
12,12,14.858919814603828,15.0,0.009405345693078123,in_progress,
12,13,5.0,5.0,0.0,pending,
12,14,10.0,10.0,0.0,pending,
12,15,5.0,5.0,0.0,pending,
12,16,5.0,5.0,0.0,pending,
12,17,15.0,15.0,0.0,pending,
12,18,10.0,10.0,0.0,pending,
12,19,15.0,15.0,0.0,pending,
12,20,15.0,15.0,0.0,pending,
12,21,15.0,15.0,0.0,pending,
12,22,5.0,5.0,0.0,pending,
12,23,10.0,10.0,0.0,pending,
12,24,5.0,5.0,0.0,pending,
12,25,15.0,15.0,0.0,pending,
12,26,5.0,5.0,0.0,pending,
12,27,15.0,15.0,0.0,pending,
12,28,10.0,10.0,0.0,pending,
12,29,10.0,10.0,0.0,pending,
12,30,15.0,15.0,0.0,pending,
12,31,5.0,5.0,0.0,pending,
12,32,10.0,10.0,0.0,pending,
12,33,10.0,10.0,0.0,pending,
12,34,10.0,10.0,0.0,pending,
12,35,15.0,15.0,0.0,pending,
12,36,15.0,15.0,0.0,pending,
12,37,5.0,5.0,0.0,pending,
12,38,15.0,15.0,0.0,pending,
12,39,10.0,10.0,0.0,pending,
12,40,10.0,10.0,0.0,pending,
12,41,15.0,15.0,0.0,pending,
12,42,10.0,10.0,0.0,pending,
12,43,5.0,5.0,0.0,pending,
12,44,11.511091706090097,15.0,0.2325938862606602,in_progress,
12,45,5.0,5.0,0.0,pending,
12,46,5.0,5.0,0.0,pending,
12,47,15.0,15.0,0.0,pending,
12,48,10.0,10.0,0.0,pending,
13,0,10.0,10.0,0.0,pending,
13,1,10.0,10.0,0.0,pending,
13,2,5.0,5.0,0.0,pending,
13,3,10.0,10.0,0.0,pending,
13,4,15.0,15.0,0.0,pending,
13,5,10.0,10.0,0.0,pending,
13,6,10.0,10.0,0.0,pending,
13,7,10.0,10.0,0.0,pending,
13,8,10.0,10.0,0.0,pending,
13,9,10.0,10.0,0.0,pending,
13,10,15.0,15.0,0.0,pending,
13,11,5.0,5.0,0.0,pending,
13,12,11.858919814603828,15.0,0.20940534569307812,in_progress,
13,13,5.0,5.0,0.0,pending,
13,14,10.0,10.0,0.0,pending,
13,15,5.0,5.0,0.0,pending,
13,16,5.0,5.0,0.0,pending,
13,17,15.0,15.0,0.0,pending,
13,18,10.0,10.0,0.0,pending,
13,19,15.0,15.0,0.0,pending,
13,20,15.0,15.0,0.0,pending,
13,21,15.0,15.0,0.0,pending,
13,22,5.0,5.0,0.0,pending,
13,23,10.0,10.0,0.0,pending,
13,24,5.0,5.0,0.0,pending,
13,25,15.0,15.0,0.0,pending,
13,26,5.0,5.0,0.0,pending,
13,27,15.0,15.0,0.0,pending,
13,28,10.0,10.0,0.0,pending,
13,29,10.0,10.0,0.0,pending,
13,30,15.0,15.0,0.0,pending,
13,31,5.0,5.0,0.0,pending,
13,32,10.0,10.0,0.0,pending,
13,33,10.0,10.0,0.0,pending,
13,34,10.0,10.0,0.0,pending,
13,35,15.0,15.0,0.0,pending,
13,36,15.0,15.0,0.0,pending,
13,37,5.0,5.0,0.0,pending,
13,38,15.0,15.0,0.0,pending,
13,39,10.0,10.0,0.0,pending,
13,40,10.0,10.0,0.0,pending,
13,41,15.0,15.0,0.0,pending,
13,42,10.0,10.0,0.0,pending,
13,43,5.0,5.0,0.0,pending,
13,44,9.511091706090097,15.0,0.36592721959399355,in_progress,
13,45,5.0,5.0,0.0,pending,
13,46,5.0,5.0,0.0,pending,
13,47,15.0,15.0,0.0,pending,
13,48,10.0,10.0,0.0,pending,
14,0,10.0,10.0,0.0,pending,
14,1,10.0,10.0,0.0,pending,
14,2,5.0,5.0,0.0,pending,
14,3,10.0,10.0,0.0,pending,
14,4,15.0,15.0,0.0,pending,
14,5,10.0,10.0,0.0,pending,
14,6,10.0,10.0,0.0,pending,
14,7,10.0,10.0,0.0,pending,
14,8,10.0,10.0,0.0,pending,
14,9,10.0,10.0,0.0,pending,
14,10,15.0,15.0,0.0,pending,
14,11,5.0,5.0,0.0,pending,
14,12,8.858919814603828,15.0,0.4094053456930781,in_progress,
14,13,5.0,5.0,0.0,pending,
14,14,10.0,10.0,0.0,pending,
14,15,5.0,5.0,0.0,pending,
14,16,5.0,5.0,0.0,pending,
14,17,15.0,15.0,0.0,pending,
14,18,10.0,10.0,0.0,pending,
14,19,15.0,15.0,0.0,pending,
14,20,15.0,15.0,0.0,pending,
14,21,15.0,15.0,0.0,pending,
14,22,5.0,5.0,0.0,pending,
14,23,10.0,10.0,0.0,pending,
14,24,5.0,5.0,0.0,pending,
14,25,15.0,15.0,0.0,pending,
14,26,5.0,5.0,0.0,pending,
14,27,15.0,15.0,0.0,pending,
14,28,10.0,10.0,0.0,pending,
14,29,10.0,10.0,0.0,pending,
14,30,15.0,15.0,0.0,pending,
14,31,5.0,5.0,0.0,pending,
14,32,10.0,10.0,0.0,pending,
14,33,10.0,10.0,0.0,pending,
14,34,10.0,10.0,0.0,pending,
14,35,15.0,15.0,0.0,pending,
14,36,15.0,15.0,0.0,pending,
14,37,5.0,5.0,0.0,pending,
14,38,15.0,15.0,0.0,pending,
14,39,10.0,10.0,0.0,pending,
14,40,10.0,10.0,0.0,pending,
14,41,15.0,15.0,0.0,pending,
14,42,10.0,10.0,0.0,pending,
14,43,5.0,5.0,0.0,pending,
14,44,7.511091706090097,15.0,0.49926055292732685,in_progress,
14,45,5.0,5.0,0.0,pending,
14,46,5.0,5.0,0.0,pending,
14,47,15.0,15.0,0.0,pending,
14,48,10.0,10.0,0.0,pending,
15,0,10.0,10.0,0.0,pending,
15,1,10.0,10.0,0.0,pending,
15,2,5.0,5.0,0.0,pending,
15,3,10.0,10.0,0.0,pending,
15,4,15.0,15.0,0.0,pending,
15,5,10.0,10.0,0.0,pending,
15,6,10.0,10.0,0.0,pending,
15,7,10.0,10.0,0.0,pending,
15,8,10.0,10.0,0.0,pending,
15,9,10.0,10.0,0.0,pending,
15,10,15.0,15.0,0.0,pending,
15,11,5.0,5.0,0.0,pending,
15,12,5.858919814603828,15.0,0.6094053456930781,in_progress,
15,13,5.0,5.0,0.0,pending,
15,14,10.0,10.0,0.0,pending,
15,15,5.0,5.0,0.0,pending,
15,16,5.0,5.0,0.0,pending,
15,17,15.0,15.0,0.0,pending,
15,18,10.0,10.0,0.0,pending,
15,19,15.0,15.0,0.0,pending,
15,20,15.0,15.0,0.0,pending,
15,21,15.0,15.0,0.0,pending,
15,22,5.0,5.0,0.0,pending,
15,23,10.0,10.0,0.0,pending,
15,24,5.0,5.0,0.0,pending,
15,25,15.0,15.0,0.0,pending,
15,26,5.0,5.0,0.0,pending,
15,27,15.0,15.0,0.0,pending,
15,28,10.0,10.0,0.0,pending,
15,29,10.0,10.0,0.0,pending,
15,30,15.0,15.0,0.0,pending,
15,31,5.0,5.0,0.0,pending,
15,32,10.0,10.0,0.0,pending,
15,33,10.0,10.0,0.0,pending,
15,34,10.0,10.0,0.0,pending,
15,35,15.0,15.0,0.0,pending,
15,36,15.0,15.0,0.0,pending,
15,37,5.0,5.0,0.0,pending,
15,38,15.0,15.0,0.0,pending,
15,39,10.0,10.0,0.0,pending,
15,40,10.0,10.0,0.0,pending,
15,41,15.0,15.0,0.0,pending,
15,42,10.0,10.0,0.0,pending,
15,43,5.0,5.0,0.0,pending,
15,44,5.511091706090097,15.0,0.6325938862606602,in_progress,
15,45,5.0,5.0,0.0,pending,
15,46,5.0,5.0,0.0,pending,
15,47,15.0,15.0,0.0,pending,
15,48,10.0,10.0,0.0,pending,
16,0,10.0,10.0,0.0,pending,
16,1,10.0,10.0,0.0,pending,
16,2,5.0,5.0,0.0,pending,
16,3,10.0,10.0,0.0,pending,
16,4,15.0,15.0,0.0,pending,
16,5,10.0,10.0,0.0,pending,
16,6,10.0,10.0,0.0,pending,
16,7,10.0,10.0,0.0,pending,
16,8,10.0,10.0,0.0,pending,
16,9,10.0,10.0,0.0,pending,
16,10,15.0,15.0,0.0,pending,
16,11,5.0,5.0,0.0,pending,
16,12,2.858919814603828,15.0,0.8094053456930781,in_progress,
16,13,5.0,5.0,0.0,pending,
16,14,10.0,10.0,0.0,pending,
16,15,5.0,5.0,0.0,pending,
16,16,5.0,5.0,0.0,pending,
16,17,15.0,15.0,0.0,pending,
16,18,10.0,10.0,0.0,pending,
16,19,15.0,15.0,0.0,pending,
16,20,15.0,15.0,0.0,pending,
16,21,15.0,15.0,0.0,pending,
16,22,5.0,5.0,0.0,pending,
16,23,10.0,10.0,0.0,pending,
16,24,5.0,5.0,0.0,pending,
16,25,15.0,15.0,0.0,pending,
16,26,5.0,5.0,0.0,pending,
16,27,15.0,15.0,0.0,pending,
16,28,10.0,10.0,0.0,pending,
16,29,10.0,10.0,0.0,pending,
16,30,15.0,15.0,0.0,pending,
16,31,5.0,5.0,0.0,pending,
16,32,10.0,10.0,0.0,pending,
16,33,10.0,10.0,0.0,pending,
16,34,10.0,10.0,0.0,pending,
16,35,15.0,15.0,0.0,pending,
16,36,15.0,15.0,0.0,pending,
16,37,5.0,5.0,0.0,pending,
16,38,15.0,15.0,0.0,pending,
16,39,10.0,10.0,0.0,pending,
16,40,10.0,10.0,0.0,pending,
16,41,15.0,15.0,0.0,pending,
16,42,10.0,10.0,0.0,pending,
16,43,5.0,5.0,0.0,pending,
16,44,3.511091706090097,15.0,0.7659272195939936,in_progress,
16,45,5.0,5.0,0.0,pending,
16,46,5.0,5.0,0.0,pending,
16,47,15.0,15.0,0.0,pending,
16,48,10.0,10.0,0.0,pending,
17,0,10.0,10.0,0.0,pending,
17,1,10.0,10.0,0.0,pending,
17,2,5.0,5.0,0.0,pending,
17,3,10.0,10.0,0.0,pending,
17,4,15.0,15.0,0.0,pending,
17,5,10.0,10.0,0.0,pending,
17,6,10.0,10.0,0.0,pending,
17,7,10.0,10.0,0.0,pending,
17,8,10.0,10.0,0.0,pending,
17,9,10.0,10.0,0.0,pending,
17,10,15.0,15.0,0.0,pending,
17,11,5.0,5.0,0.0,pending,
17,12,0,15.0,1.0,done,17
17,13,5.0,5.0,0.0,pending,
17,14,10.0,10.0,0.0,pending,
17,15,5.0,5.0,0.0,pending,
17,16,5.0,5.0,0.0,pending,
17,17,15.0,15.0,0.0,pending,
17,18,10.0,10.0,0.0,pending,
17,19,15.0,15.0,0.0,pending,
17,20,15.0,15.0,0.0,pending,
17,21,15.0,15.0,0.0,pending,
17,22,5.0,5.0,0.0,pending,
17,23,10.0,10.0,0.0,pending,
17,24,5.0,5.0,0.0,pending,
17,25,15.0,15.0,0.0,pending,
17,26,5.0,5.0,0.0,pending,
17,27,15.0,15.0,0.0,pending,
17,28,10.0,10.0,0.0,pending,
17,29,10.0,10.0,0.0,pending,
17,30,15.0,15.0,0.0,pending,
17,31,5.0,5.0,0.0,pending,
17,32,10.0,10.0,0.0,pending,
17,33,10.0,10.0,0.0,pending,
17,34,10.0,10.0,0.0,pending,
17,35,15.0,15.0,0.0,pending,
17,36,15.0,15.0,0.0,pending,
17,37,5.0,5.0,0.0,pending,
17,38,15.0,15.0,0.0,pending,
17,39,10.0,10.0,0.0,pending,
17,40,10.0,10.0,0.0,pending,
17,41,15.0,15.0,0.0,pending,
17,42,10.0,10.0,0.0,pending,
17,43,5.0,5.0,0.0,pending,
17,44,1.511091706090097,15.0,0.8992605529273269,in_progress,
17,45,5.0,5.0,0.0,pending,
17,46,5.0,5.0,0.0,pending,
17,47,15.0,15.0,0.0,pending,
17,48,10.0,10.0,0.0,pending,
18,0,10.0,10.0,0.0,pending,
18,1,10.0,10.0,0.0,pending,
18,2,4.660738863397273,5.0,0.06785222732054538,in_progress,
18,3,10.0,10.0,0.0,pending,
18,4,15.0,15.0,0.0,pending,
18,5,10.0,10.0,0.0,pending,
18,6,10.0,10.0,0.0,pending,
18,7,10.0,10.0,0.0,pending,
18,8,10.0,10.0,0.0,pending,
18,9,10.0,10.0,0.0,pending,
18,10,15.0,15.0,0.0,pending,
18,11,5.0,5.0,0.0,pending,
18,12,0,15.0,1.0,done,17
18,13,5.0,5.0,0.0,pending,
18,14,10.0,10.0,0.0,pending,
18,15,5.0,5.0,0.0,pending,
18,16,5.0,5.0,0.0,pending,
18,17,15.0,15.0,0.0,pending,
18,18,10.0,10.0,0.0,pending,
18,19,15.0,15.0,0.0,pending,
18,20,15.0,15.0,0.0,pending,
18,21,15.0,15.0,0.0,pending,
18,22,5.0,5.0,0.0,pending,
18,23,10.0,10.0,0.0,pending,
18,24,5.0,5.0,0.0,pending,
18,25,15.0,15.0,0.0,pending,
18,26,5.0,5.0,0.0,pending,
18,27,15.0,15.0,0.0,pending,
18,28,10.0,10.0,0.0,pending,
18,29,10.0,10.0,0.0,pending,
18,30,15.0,15.0,0.0,pending,
18,31,5.0,5.0,0.0,pending,
18,32,10.0,10.0,0.0,pending,
18,33,10.0,10.0,0.0,pending,
18,34,10.0,10.0,0.0,pending,
18,35,15.0,15.0,0.0,pending,
18,36,15.0,15.0,0.0,pending,
18,37,5.0,5.0,0.0,pending,
18,38,15.0,15.0,0.0,pending,
18,39,10.0,10.0,0.0,pending,
18,40,10.0,10.0,0.0,pending,
18,41,15.0,15.0,0.0,pending,
18,42,10.0,10.0,0.0,pending,
18,43,5.0,5.0,0.0,pending,
18,44,0,15.0,1.0,done,18
18,45,5.0,5.0,0.0,pending,
18,46,5.0,5.0,0.0,pending,
18,47,15.0,15.0,0.0,pending,
18,48,10.0,10.0,0.0,pending,
19,0,10.0,10.0,0.0,pending,
19,1,10.0,10.0,0.0,pending,
19,2,2.660738863397273,5.0,0.4678522273205454,in_progress,
19,3,10.0,10.0,0.0,pending,
19,4,15.0,15.0,0.0,pending,
19,5,10.0,10.0,0.0,pending,
19,6,10.0,10.0,0.0,pending,
19,7,10.0,10.0,0.0,pending,
19,8,10.0,10.0,0.0,pending,
19,9,10.0,10.0,0.0,pending,
19,10,15.0,15.0,0.0,pending,
19,11,5.0,5.0,0.0,pending,
19,12,0,15.0,1.0,done,17
19,13,5.0,5.0,0.0,pending,
19,14,10.0,10.0,0.0,pending,
19,15,5.0,5.0,0.0,pending,
19,16,5.0,5.0,0.0,pending,
19,17,15.0,15.0,0.0,pending,
19,18,10.0,10.0,0.0,pending,
19,19,15.0,15.0,0.0,pending,
19,20,15.0,15.0,0.0,pending,
19,21,15.0,15.0,0.0,pending,
19,22,5.0,5.0,0.0,pending,
19,23,10.0,10.0,0.0,pending,
19,24,5.0,5.0,0.0,pending,
19,25,15.0,15.0,0.0,pending,
19,26,5.0,5.0,0.0,pending,
19,27,15.0,15.0,0.0,pending,
19,28,10.0,10.0,0.0,pending,
19,29,10.0,10.0,0.0,pending,
19,30,15.0,15.0,0.0,pending,
19,31,5.0,5.0,0.0,pending,
19,32,10.0,10.0,0.0,pending,
19,33,10.0,10.0,0.0,pending,
19,34,10.0,10.0,0.0,pending,
19,35,15.0,15.0,0.0,pending,
19,36,15.0,15.0,0.0,pending,
19,37,5.0,5.0,0.0,pending,
19,38,15.0,15.0,0.0,pending,
19,39,10.0,10.0,0.0,pending,
19,40,10.0,10.0,0.0,pending,
19,41,15.0,15.0,0.0,pending,
19,42,10.0,10.0,0.0,pending,
19,43,5.0,5.0,0.0,pending,
19,44,0,15.0,1.0,done,18
19,45,5.0,5.0,0.0,pending,
19,46,5.0,5.0,0.0,pending,
19,47,15.0,15.0,0.0,pending,
19,48,10.0,10.0,0.0,pending,
20,0,10.0,10.0,0.0,pending,
20,1,10.0,10.0,0.0,pending,
20,2,0.6607388633972731,5.0,0.8678522273205453,in_progress,
20,3,10.0,10.0,0.0,pending,
20,4,15.0,15.0,0.0,pending,
20,5,10.0,10.0,0.0,pending,
20,6,10.0,10.0,0.0,pending,
20,7,10.0,10.0,0.0,pending,
20,8,10.0,10.0,0.0,pending,
20,9,10.0,10.0,0.0,pending,
20,10,15.0,15.0,0.0,pending,
20,11,5.0,5.0,0.0,pending,
20,12,0,15.0,1.0,done,17
20,13,5.0,5.0,0.0,pending,
20,14,10.0,10.0,0.0,pending,
20,15,5.0,5.0,0.0,pending,
20,16,5.0,5.0,0.0,pending,
20,17,15.0,15.0,0.0,pending,
20,18,10.0,10.0,0.0,pending,
20,19,15.0,15.0,0.0,pending,
20,20,15.0,15.0,0.0,pending,
20,21,15.0,15.0,0.0,pending,
20,22,5.0,5.0,0.0,pending,
20,23,10.0,10.0,0.0,pending,
20,24,5.0,5.0,0.0,pending,
20,25,15.0,15.0,0.0,pending,
20,26,5.0,5.0,0.0,pending,
20,27,15.0,15.0,0.0,pending,
20,28,10.0,10.0,0.0,pending,
20,29,10.0,10.0,0.0,pending,
20,30,15.0,15.0,0.0,pending,
20,31,5.0,5.0,0.0,pending,
20,32,10.0,10.0,0.0,pending,
20,33,10.0,10.0,0.0,pending,
20,34,10.0,10.0,0.0,pending,
20,35,15.0,15.0,0.0,pending,
20,36,15.0,15.0,0.0,pending,
20,37,5.0,5.0,0.0,pending,
20,38,15.0,15.0,0.0,pending,
20,39,10.0,10.0,0.0,pending,
20,40,10.0,10.0,0.0,pending,
20,41,15.0,15.0,0.0,pending,
20,42,10.0,10.0,0.0,pending,
20,43,5.0,5.0,0.0,pending,
20,44,0,15.0,1.0,done,18
20,45,5.0,5.0,0.0,pending,
20,46,5.0,5.0,0.0,pending,
20,47,15.0,15.0,0.0,pending,
20,48,10.0,10.0,0.0,pending,
21,0,9.483226399056923,10.0,0.05167736009430772,in_progress,
21,1,10.0,10.0,0.0,pending,
21,2,0,5.0,1.0,done,21
21,3,10.0,10.0,0.0,pending,
21,4,15.0,15.0,0.0,pending,
21,5,10.0,10.0,0.0,pending,
21,6,10.0,10.0,0.0,pending,
21,7,10.0,10.0,0.0,pending,
21,8,10.0,10.0,0.0,pending,
21,9,10.0,10.0,0.0,pending,
21,10,15.0,15.0,0.0,pending,
21,11,5.0,5.0,0.0,pending,
21,12,0,15.0,1.0,done,17
21,13,5.0,5.0,0.0,pending,
21,14,10.0,10.0,0.0,pending,
21,15,5.0,5.0,0.0,pending,
21,16,5.0,5.0,0.0,pending,
21,17,15.0,15.0,0.0,pending,
21,18,10.0,10.0,0.0,pending,
21,19,15.0,15.0,0.0,pending,
21,20,15.0,15.0,0.0,pending,
21,21,15.0,15.0,0.0,pending,
21,22,5.0,5.0,0.0,pending,
21,23,10.0,10.0,0.0,pending,
21,24,5.0,5.0,0.0,pending,
21,25,15.0,15.0,0.0,pending,
21,26,5.0,5.0,0.0,pending,
21,27,15.0,15.0,0.0,pending,
21,28,10.0,10.0,0.0,pending,
21,29,10.0,10.0,0.0,pending,
21,30,15.0,15.0,0.0,pending,
21,31,5.0,5.0,0.0,pending,
21,32,10.0,10.0,0.0,pending,
21,33,10.0,10.0,0.0,pending,
21,34,10.0,10.0,0.0,pending,
21,35,15.0,15.0,0.0,pending,
21,36,15.0,15.0,0.0,pending,
21,37,5.0,5.0,0.0,pending,
21,38,15.0,15.0,0.0,pending,
21,39,10.0,10.0,0.0,pending,
21,40,10.0,10.0,0.0,pending,
21,41,15.0,15.0,0.0,pending,
21,42,10.0,10.0,0.0,pending,
21,43,5.0,5.0,0.0,pending,
21,44,0,15.0,1.0,done,18
21,45,5.0,5.0,0.0,pending,
21,46,5.0,5.0,0.0,pending,
21,47,15.0,15.0,0.0,pending,
21,48,10.0,10.0,0.0,pending,
22,0,6.983226399056923,10.0,0.30167736009430773,in_progress,
22,1,10.0,10.0,0.0,pending,
22,2,0,5.0,1.0,done,21
22,3,10.0,10.0,0.0,pending,
22,4,15.0,15.0,0.0,pending,
22,5,10.0,10.0,0.0,pending,
22,6,10.0,10.0,0.0,pending,
22,7,10.0,10.0,0.0,pending,
22,8,10.0,10.0,0.0,pending,
22,9,10.0,10.0,0.0,pending,
22,10,15.0,15.0,0.0,pending,
22,11,5.0,5.0,0.0,pending,
22,12,0,15.0,1.0,done,17
22,13,5.0,5.0,0.0,pending,
22,14,10.0,10.0,0.0,pending,
22,15,5.0,5.0,0.0,pending,
22,16,5.0,5.0,0.0,pending,
22,17,15.0,15.0,0.0,pending,
22,18,10.0,10.0,0.0,pending,
22,19,15.0,15.0,0.0,pending,
22,20,15.0,15.0,0.0,pending,
22,21,15.0,15.0,0.0,pending,
22,22,5.0,5.0,0.0,pending,
22,23,10.0,10.0,0.0,pending,
22,24,5.0,5.0,0.0,pending,
22,25,15.0,15.0,0.0,pending,
22,26,5.0,5.0,0.0,pending,
22,27,15.0,15.0,0.0,pending,
22,28,10.0,10.0,0.0,pending,
22,29,10.0,10.0,0.0,pending,
22,30,15.0,15.0,0.0,pending,
22,31,5.0,5.0,0.0,pending,
22,32,10.0,10.0,0.0,pending,
22,33,10.0,10.0,0.0,pending,
22,34,10.0,10.0,0.0,pending,
22,35,15.0,15.0,0.0,pending,
22,36,15.0,15.0,0.0,pending,
22,37,5.0,5.0,0.0,pending,
22,38,15.0,15.0,0.0,pending,
22,39,10.0,10.0,0.0,pending,
22,40,10.0,10.0,0.0,pending,
22,41,15.0,15.0,0.0,pending,
22,42,10.0,10.0,0.0,pending,
22,43,5.0,5.0,0.0,pending,
22,44,0,15.0,1.0,done,18
22,45,5.0,5.0,0.0,pending,
22,46,5.0,5.0,0.0,pending,
22,47,15.0,15.0,0.0,pending,
22,48,10.0,10.0,0.0,pending,
23,0,4.483226399056923,10.0,0.5516773600943077,in_progress,
23,1,10.0,10.0,0.0,pending,
23,2,0,5.0,1.0,done,21
23,3,10.0,10.0,0.0,pending,
23,4,15.0,15.0,0.0,pending,
23,5,10.0,10.0,0.0,pending,
23,6,10.0,10.0,0.0,pending,
23,7,10.0,10.0,0.0,pending,
23,8,10.0,10.0,0.0,pending,
23,9,10.0,10.0,0.0,pending,
23,10,15.0,15.0,0.0,pending,
23,11,5.0,5.0,0.0,pending,
23,12,0,15.0,1.0,done,17
23,13,5.0,5.0,0.0,pending,
23,14,10.0,10.0,0.0,pending,
23,15,5.0,5.0,0.0,pending,
23,16,5.0,5.0,0.0,pending,
23,17,15.0,15.0,0.0,pending,
23,18,10.0,10.0,0.0,pending,
23,19,15.0,15.0,0.0,pending,
23,20,15.0,15.0,0.0,pending,
23,21,15.0,15.0,0.0,pending,
23,22,5.0,5.0,0.0,pending,
23,23,10.0,10.0,0.0,pending,
23,24,5.0,5.0,0.0,pending,
23,25,15.0,15.0,0.0,pending,
23,26,5.0,5.0,0.0,pending,
23,27,15.0,15.0,0.0,pending,
23,28,10.0,10.0,0.0,pending,
23,29,10.0,10.0,0.0,pending,
23,30,15.0,15.0,0.0,pending,
23,31,5.0,5.0,0.0,pending,
23,32,10.0,10.0,0.0,pending,
23,33,10.0,10.0,0.0,pending,
23,34,10.0,10.0,0.0,pending,
23,35,15.0,15.0,0.0,pending,
23,36,15.0,15.0,0.0,pending,
23,37,5.0,5.0,0.0,pending,
23,38,15.0,15.0,0.0,pending,
23,39,10.0,10.0,0.0,pending,
23,40,10.0,10.0,0.0,pending,
23,41,15.0,15.0,0.0,pending,
23,42,10.0,10.0,0.0,pending,
23,43,5.0,5.0,0.0,pending,
23,44,0,15.0,1.0,done,18
23,45,5.0,5.0,0.0,pending,
23,46,5.0,5.0,0.0,pending,
23,47,15.0,15.0,0.0,pending,
23,48,10.0,10.0,0.0,pending,
24,0,1.9832263990569228,10.0,0.8016773600943077,in_progress,
24,1,10.0,10.0,0.0,pending,
24,2,0,5.0,1.0,done,21
24,3,10.0,10.0,0.0,pending,
24,4,15.0,15.0,0.0,pending,
24,5,10.0,10.0,0.0,pending,
24,6,10.0,10.0,0.0,pending,
24,7,10.0,10.0,0.0,pending,
24,8,10.0,10.0,0.0,pending,
24,9,10.0,10.0,0.0,pending,
24,10,15.0,15.0,0.0,pending,
24,11,5.0,5.0,0.0,pending,
24,12,0,15.0,1.0,done,17
24,13,5.0,5.0,0.0,pending,
24,14,10.0,10.0,0.0,pending,
24,15,5.0,5.0,0.0,pending,
24,16,5.0,5.0,0.0,pending,
24,17,15.0,15.0,0.0,pending,
24,18,10.0,10.0,0.0,pending,
24,19,15.0,15.0,0.0,pending,
24,20,15.0,15.0,0.0,pending,
24,21,15.0,15.0,0.0,pending,
24,22,5.0,5.0,0.0,pending,
24,23,10.0,10.0,0.0,pending,
24,24,5.0,5.0,0.0,pending,
24,25,15.0,15.0,0.0,pending,
24,26,5.0,5.0,0.0,pending,
24,27,15.0,15.0,0.0,pending,
24,28,10.0,10.0,0.0,pending,
24,29,10.0,10.0,0.0,pending,
24,30,15.0,15.0,0.0,pending,
24,31,5.0,5.0,0.0,pending,
24,32,10.0,10.0,0.0,pending,
24,33,10.0,10.0,0.0,pending,
24,34,10.0,10.0,0.0,pending,
24,35,15.0,15.0,0.0,pending,
24,36,15.0,15.0,0.0,pending,
24,37,5.0,5.0,0.0,pending,
24,38,15.0,15.0,0.0,pending,
24,39,9.569049484694862,10.0,0.04309505153051383,in_progress,
24,40,10.0,10.0,0.0,pending,
24,41,15.0,15.0,0.0,pending,
24,42,10.0,10.0,0.0,pending,
24,43,5.0,5.0,0.0,pending,
24,44,0,15.0,1.0,done,18
24,45,5.0,5.0,0.0,pending,
24,46,5.0,5.0,0.0,pending,
24,47,15.0,15.0,0.0,pending,
24,48,10.0,10.0,0.0,pending,
25,0,0,10.0,1.0,done,25
25,1,10.0,10.0,0.0,pending,
25,2,0,5.0,1.0,done,21
25,3,10.0,10.0,0.0,pending,
25,4,15.0,15.0,0.0,pending,
25,5,10.0,10.0,0.0,pending,
25,6,10.0,10.0,0.0,pending,
25,7,10.0,10.0,0.0,pending,
25,8,10.0,10.0,0.0,pending,
25,9,10.0,10.0,0.0,pending,
25,10,15.0,15.0,0.0,pending,
25,11,5.0,5.0,0.0,pending,
25,12,0,15.0,1.0,done,17
25,13,5.0,5.0,0.0,pending,
25,14,10.0,10.0,0.0,pending,
25,15,4.575661598888951,5.0,0.08486768022220978,in_progress,
25,16,5.0,5.0,0.0,pending,
25,17,15.0,15.0,0.0,pending,
25,18,10.0,10.0,0.0,pending,
25,19,15.0,15.0,0.0,pending,
25,20,15.0,15.0,0.0,pending,
25,21,15.0,15.0,0.0,pending,
25,22,5.0,5.0,0.0,pending,
25,23,10.0,10.0,0.0,pending,
25,24,5.0,5.0,0.0,pending,
25,25,15.0,15.0,0.0,pending,
25,26,5.0,5.0,0.0,pending,
25,27,15.0,15.0,0.0,pending,
25,28,10.0,10.0,0.0,pending,
25,29,10.0,10.0,0.0,pending,
25,30,15.0,15.0,0.0,pending,
25,31,5.0,5.0,0.0,pending,
25,32,10.0,10.0,0.0,pending,
25,33,10.0,10.0,0.0,pending,
25,34,10.0,10.0,0.0,pending,
25,35,15.0,15.0,0.0,pending,
25,36,15.0,15.0,0.0,pending,
25,37,5.0,5.0,0.0,pending,
25,38,15.0,15.0,0.0,pending,
25,39,6.569049484694862,10.0,0.34309505153051384,in_progress,
25,40,10.0,10.0,0.0,pending,
25,41,15.0,15.0,0.0,pending,
25,42,10.0,10.0,0.0,pending,
25,43,5.0,5.0,0.0,pending,
25,44,0,15.0,1.0,done,18
25,45,5.0,5.0,0.0,pending,
25,46,5.0,5.0,0.0,pending,
25,47,15.0,15.0,0.0,pending,
25,48,10.0,10.0,0.0,pending,
26,0,0,10.0,1.0,done,25
26,1,10.0,10.0,0.0,pending,
26,2,0,5.0,1.0,done,21
26,3,10.0,10.0,0.0,pending,
26,4,15.0,15.0,0.0,pending,
26,5,10.0,10.0,0.0,pending,
26,6,10.0,10.0,0.0,pending,
26,7,10.0,10.0,0.0,pending,
26,8,10.0,10.0,0.0,pending,
26,9,10.0,10.0,0.0,pending,
26,10,15.0,15.0,0.0,pending,
26,11,5.0,5.0,0.0,pending,
26,12,0,15.0,1.0,done,17
26,13,5.0,5.0,0.0,pending,
26,14,10.0,10.0,0.0,pending,
26,15,3.575661598888951,5.0,0.28486768022220976,in_progress,
26,16,5.0,5.0,0.0,pending,
26,17,15.0,15.0,0.0,pending,
26,18,10.0,10.0,0.0,pending,
26,19,15.0,15.0,0.0,pending,
26,20,15.0,15.0,0.0,pending,
26,21,15.0,15.0,0.0,pending,
26,22,5.0,5.0,0.0,pending,
26,23,10.0,10.0,0.0,pending,
26,24,5.0,5.0,0.0,pending,
26,25,15.0,15.0,0.0,pending,
26,26,5.0,5.0,0.0,pending,
26,27,15.0,15.0,0.0,pending,
26,28,10.0,10.0,0.0,pending,
26,29,10.0,10.0,0.0,pending,
26,30,15.0,15.0,0.0,pending,
26,31,5.0,5.0,0.0,pending,
26,32,10.0,10.0,0.0,pending,
26,33,10.0,10.0,0.0,pending,
26,34,10.0,10.0,0.0,pending,
26,35,15.0,15.0,0.0,pending,
26,36,15.0,15.0,0.0,pending,
26,37,5.0,5.0,0.0,pending,
26,38,15.0,15.0,0.0,pending,
26,39,3.5690494846948617,10.0,0.6430950515305138,in_progress,
26,40,10.0,10.0,0.0,pending,
26,41,15.0,15.0,0.0,pending,
26,42,10.0,10.0,0.0,pending,
26,43,5.0,5.0,0.0,pending,
26,44,0,15.0,1.0,done,18
26,45,5.0,5.0,0.0,pending,
26,46,5.0,5.0,0.0,pending,
26,47,15.0,15.0,0.0,pending,
26,48,10.0,10.0,0.0,pending,
27,0,0,10.0,1.0,done,25
27,1,10.0,10.0,0.0,pending,
27,2,0,5.0,1.0,done,21
27,3,10.0,10.0,0.0,pending,
27,4,15.0,15.0,0.0,pending,
27,5,10.0,10.0,0.0,pending,
27,6,10.0,10.0,0.0,pending,
27,7,10.0,10.0,0.0,pending,
27,8,10.0,10.0,0.0,pending,
27,9,10.0,10.0,0.0,pending,
27,10,15.0,15.0,0.0,pending,
27,11,5.0,5.0,0.0,pending,
27,12,0,15.0,1.0,done,17
27,13,5.0,5.0,0.0,pending,
27,14,10.0,10.0,0.0,pending,
27,15,2.575661598888951,5.0,0.4848676802222098,in_progress,
27,16,5.0,5.0,0.0,pending,
27,17,15.0,15.0,0.0,pending,
27,18,10.0,10.0,0.0,pending,
27,19,15.0,15.0,0.0,pending,
27,20,15.0,15.0,0.0,pending,
27,21,15.0,15.0,0.0,pending,
27,22,5.0,5.0,0.0,pending,
27,23,10.0,10.0,0.0,pending,
27,24,5.0,5.0,0.0,pending,
27,25,15.0,15.0,0.0,pending,
27,26,5.0,5.0,0.0,pending,
27,27,15.0,15.0,0.0,pending,
27,28,10.0,10.0,0.0,pending,
27,29,10.0,10.0,0.0,pending,
27,30,15.0,15.0,0.0,pending,
27,31,5.0,5.0,0.0,pending,
27,32,10.0,10.0,0.0,pending,
27,33,10.0,10.0,0.0,pending,
27,34,10.0,10.0,0.0,pending,
27,35,15.0,15.0,0.0,pending,
27,36,15.0,15.0,0.0,pending,
27,37,5.0,5.0,0.0,pending,
27,38,15.0,15.0,0.0,pending,
27,39,0.5690494846948617,10.0,0.9430950515305139,in_progress,
27,40,10.0,10.0,0.0,pending,
27,41,15.0,15.0,0.0,pending,
27,42,10.0,10.0,0.0,pending,
27,43,5.0,5.0,0.0,pending,
27,44,0,15.0,1.0,done,18
27,45,5.0,5.0,0.0,pending,
27,46,5.0,5.0,0.0,pending,
27,47,15.0,15.0,0.0,pending,
27,48,10.0,10.0,0.0,pending,
28,0,0,10.0,1.0,done,25
28,1,10.0,10.0,0.0,pending,
28,2,0,5.0,1.0,done,21
28,3,10.0,10.0,0.0,pending,
28,4,15.0,15.0,0.0,pending,
28,5,10.0,10.0,0.0,pending,
28,6,10.0,10.0,0.0,pending,
28,7,10.0,10.0,0.0,pending,
28,8,10.0,10.0,0.0,pending,
28,9,10.0,10.0,0.0,pending,
28,10,15.0,15.0,0.0,pending,
28,11,5.0,5.0,0.0,pending,
28,12,0,15.0,1.0,done,17
28,13,5.0,5.0,0.0,pending,
28,14,10.0,10.0,0.0,pending,
28,15,1.575661598888951,5.0,0.6848676802222098,in_progress,
28,16,5.0,5.0,0.0,pending,
28,17,15.0,15.0,0.0,pending,
28,18,10.0,10.0,0.0,pending,
28,19,15.0,15.0,0.0,pending,
28,20,15.0,15.0,0.0,pending,
28,21,15.0,15.0,0.0,pending,
28,22,5.0,5.0,0.0,pending,
28,23,10.0,10.0,0.0,pending,
28,24,5.0,5.0,0.0,pending,
28,25,15.0,15.0,0.0,pending,
28,26,5.0,5.0,0.0,pending,
28,27,15.0,15.0,0.0,pending,
28,28,10.0,10.0,0.0,pending,
28,29,10.0,10.0,0.0,pending,
28,30,15.0,15.0,0.0,pending,
28,31,5.0,5.0,0.0,pending,
28,32,10.0,10.0,0.0,pending,
28,33,10.0,10.0,0.0,pending,
28,34,10.0,10.0,0.0,pending,
28,35,15.0,15.0,0.0,pending,
28,36,15.0,15.0,0.0,pending,
28,37,5.0,5.0,0.0,pending,
28,38,15.0,15.0,0.0,pending,
28,39,0,10.0,1.0,done,28
28,40,10.0,10.0,0.0,pending,
28,41,15.0,15.0,0.0,pending,
28,42,10.0,10.0,0.0,pending,
28,43,5.0,5.0,0.0,pending,
28,44,0,15.0,1.0,done,18
28,45,5.0,5.0,0.0,pending,
28,46,5.0,5.0,0.0,pending,
28,47,15.0,15.0,0.0,pending,
28,48,10.0,10.0,0.0,pending,
29,0,0,10.0,1.0,done,25
29,1,10.0,10.0,0.0,pending,
29,2,0,5.0,1.0,done,21
29,3,10.0,10.0,0.0,pending,
29,4,15.0,15.0,0.0,pending,
29,5,10.0,10.0,0.0,pending,
29,6,10.0,10.0,0.0,pending,
29,7,10.0,10.0,0.0,pending,
29,8,10.0,10.0,0.0,pending,
29,9,10.0,10.0,0.0,pending,
29,10,15.0,15.0,0.0,pending,
29,11,5.0,5.0,0.0,pending,
29,12,0,15.0,1.0,done,17
29,13,5.0,5.0,0.0,pending,
29,14,10.0,10.0,0.0,pending,
29,15,0.5756615988889511,5.0,0.8848676802222097,in_progress,
29,16,5.0,5.0,0.0,pending,
29,17,15.0,15.0,0.0,pending,
29,18,10.0,10.0,0.0,pending,
29,19,15.0,15.0,0.0,pending,
29,20,15.0,15.0,0.0,pending,
29,21,15.0,15.0,0.0,pending,
29,22,5.0,5.0,0.0,pending,
29,23,10.0,10.0,0.0,pending,
29,24,5.0,5.0,0.0,pending,
29,25,15.0,15.0,0.0,pending,
29,26,5.0,5.0,0.0,pending,
29,27,15.0,15.0,0.0,pending,
29,28,10.0,10.0,0.0,pending,
29,29,10.0,10.0,0.0,pending,
29,30,15.0,15.0,0.0,pending,
29,31,5.0,5.0,0.0,pending,
29,32,10.0,10.0,0.0,pending,
29,33,10.0,10.0,0.0,pending,
29,34,10.0,10.0,0.0,pending,
29,35,15.0,15.0,0.0,pending,
29,36,15.0,15.0,0.0,pending,
29,37,5.0,5.0,0.0,pending,
29,38,15.0,15.0,0.0,pending,
29,39,0,10.0,1.0,done,28
29,40,10.0,10.0,0.0,pending,
29,41,15.0,15.0,0.0,pending,
29,42,10.0,10.0,0.0,pending,
29,43,5.0,5.0,0.0,pending,
29,44,0,15.0,1.0,done,18
29,45,5.0,5.0,0.0,pending,
29,46,4.00448885885104,5.0,0.19910222822979193,in_progress,
29,47,15.0,15.0,0.0,pending,
29,48,10.0,10.0,0.0,pending,
30,0,0,10.0,1.0,done,25
30,1,10.0,10.0,0.0,pending,
30,2,0,5.0,1.0,done,21
30,3,10.0,10.0,0.0,pending,
30,4,15.0,15.0,0.0,pending,
30,5,10.0,10.0,0.0,pending,
30,6,10.0,10.0,0.0,pending,
30,7,10.0,10.0,0.0,pending,
30,8,10.0,10.0,0.0,pending,
30,9,10.0,10.0,0.0,pending,
30,10,15.0,15.0,0.0,pending,
30,11,5.0,5.0,0.0,pending,
30,12,0,15.0,1.0,done,17
30,13,5.0,5.0,0.0,pending,
30,14,10.0,10.0,0.0,pending,
30,15,0,5.0,1.0,done,30
30,16,5.0,5.0,0.0,pending,
30,17,15.0,15.0,0.0,pending,
30,18,10.0,10.0,0.0,pending,
30,19,15.0,15.0,0.0,pending,
30,20,15.0,15.0,0.0,pending,
30,21,15.0,15.0,0.0,pending,
30,22,5.0,5.0,0.0,pending,
30,23,10.0,10.0,0.0,pending,
30,24,5.0,5.0,0.0,pending,
30,25,15.0,15.0,0.0,pending,
30,26,5.0,5.0,0.0,pending,
30,27,15.0,15.0,0.0,pending,
30,28,10.0,10.0,0.0,pending,
30,29,10.0,10.0,0.0,pending,
30,30,15.0,15.0,0.0,pending,
30,31,5.0,5.0,0.0,pending,
30,32,10.0,10.0,0.0,pending,
30,33,10.0,10.0,0.0,pending,
30,34,10.0,10.0,0.0,pending,
30,35,15.0,15.0,0.0,pending,
30,36,15.0,15.0,0.0,pending,
30,37,5.0,5.0,0.0,pending,
30,38,15.0,15.0,0.0,pending,
30,39,0,10.0,1.0,done,28
30,40,10.0,10.0,0.0,pending,
30,41,15.0,15.0,0.0,pending,
30,42,10.0,10.0,0.0,pending,
30,43,5.0,5.0,0.0,pending,
30,44,0,15.0,1.0,done,18
30,45,5.0,5.0,0.0,pending,
30,46,1.5044888588510403,5.0,0.699102228229792,in_progress,
30,47,15.0,15.0,0.0,pending,
30,48,10.0,10.0,0.0,pending,
31,0,0,10.0,1.0,done,25
31,1,10.0,10.0,0.0,pending,
31,2,0,5.0,1.0,done,21
31,3,10.0,10.0,0.0,pending,
31,4,15.0,15.0,0.0,pending,
31,5,10.0,10.0,0.0,pending,
31,6,10.0,10.0,0.0,pending,
31,7,10.0,10.0,0.0,pending,
31,8,10.0,10.0,0.0,pending,
31,9,10.0,10.0,0.0,pending,
31,10,15.0,15.0,0.0,pending,
31,11,5.0,5.0,0.0,pending,
31,12,0,15.0,1.0,done,17
31,13,5.0,5.0,0.0,pending,
31,14,10.0,10.0,0.0,pending,
31,15,0,5.0,1.0,done,30
31,16,5.0,5.0,0.0,pending,
31,17,15.0,15.0,0.0,pending,
31,18,10.0,10.0,0.0,pending,
31,19,15.0,15.0,0.0,pending,
31,20,15.0,15.0,0.0,pending,
31,21,15.0,15.0,0.0,pending,
31,22,5.0,5.0,0.0,pending,
31,23,10.0,10.0,0.0,pending,
31,24,5.0,5.0,0.0,pending,
31,25,15.0,15.0,0.0,pending,
31,26,5.0,5.0,0.0,pending,
31,27,15.0,15.0,0.0,pending,
31,28,10.0,10.0,0.0,pending,
31,29,10.0,10.0,0.0,pending,
31,30,15.0,15.0,0.0,pending,
31,31,5.0,5.0,0.0,pending,
31,32,10.0,10.0,0.0,pending,
31,33,10.0,10.0,0.0,pending,
31,34,10.0,10.0,0.0,pending,
31,35,15.0,15.0,0.0,pending,
31,36,15.0,15.0,0.0,pending,
31,37,5.0,5.0,0.0,pending,
31,38,15.0,15.0,0.0,pending,
31,39,0,10.0,1.0,done,28
31,40,10.0,10.0,0.0,pending,
31,41,15.0,15.0,0.0,pending,
31,42,10.0,10.0,0.0,pending,
31,43,5.0,5.0,0.0,pending,
31,44,0,15.0,1.0,done,18
31,45,5.0,5.0,0.0,pending,
31,46,0,5.0,1.0,done,31
31,47,15.0,15.0,0.0,pending,
31,48,10.0,10.0,0.0,pending,
32,0,0,10.0,1.0,done,25
32,1,10.0,10.0,0.0,pending,
32,2,0,5.0,1.0,done,21
32,3,10.0,10.0,0.0,pending,
32,4,15.0,15.0,0.0,pending,
32,5,10.0,10.0,0.0,pending,
32,6,10.0,10.0,0.0,pending,
32,7,10.0,10.0,0.0,pending,
32,8,10.0,10.0,0.0,pending,
32,9,10.0,10.0,0.0,pending,
32,10,15.0,15.0,0.0,pending,
32,11,5.0,5.0,0.0,pending,
32,12,0,15.0,1.0,done,17
32,13,5.0,5.0,0.0,pending,
32,14,10.0,10.0,0.0,pending,
32,15,0,5.0,1.0,done,30
32,16,5.0,5.0,0.0,pending,
32,17,15.0,15.0,0.0,pending,
32,18,10.0,10.0,0.0,pending,
32,19,15.0,15.0,0.0,pending,
32,20,15.0,15.0,0.0,pending,
32,21,15.0,15.0,0.0,pending,
32,22,5.0,5.0,0.0,pending,
32,23,10.0,10.0,0.0,pending,
32,24,5.0,5.0,0.0,pending,
32,25,15.0,15.0,0.0,pending,
32,26,5.0,5.0,0.0,pending,
32,27,15.0,15.0,0.0,pending,
32,28,10.0,10.0,0.0,pending,
32,29,10.0,10.0,0.0,pending,
32,30,15.0,15.0,0.0,pending,
32,31,5.0,5.0,0.0,pending,
32,32,10.0,10.0,0.0,pending,
32,33,10.0,10.0,0.0,pending,
32,34,10.0,10.0,0.0,pending,
32,35,15.0,15.0,0.0,pending,
32,36,15.0,15.0,0.0,pending,
32,37,5.0,5.0,0.0,pending,
32,38,15.0,15.0,0.0,pending,
32,39,0,10.0,1.0,done,28
32,40,10.0,10.0,0.0,pending,
32,41,15.0,15.0,0.0,pending,
32,42,10.0,10.0,0.0,pending,
32,43,5.0,5.0,0.0,pending,
32,44,0,15.0,1.0,done,18
32,45,5.0,5.0,0.0,pending,
32,46,0,5.0,1.0,done,31
32,47,15.0,15.0,0.0,pending,
32,48,10.0,10.0,0.0,pending,
33,0,0,10.0,1.0,done,25
33,1,10.0,10.0,0.0,pending,
33,2,0,5.0,1.0,done,21
33,3,10.0,10.0,0.0,pending,
33,4,15.0,15.0,0.0,pending,
33,5,10.0,10.0,0.0,pending,
33,6,10.0,10.0,0.0,pending,
33,7,10.0,10.0,0.0,pending,
33,8,10.0,10.0,0.0,pending,
33,9,10.0,10.0,0.0,pending,
33,10,15.0,15.0,0.0,pending,
33,11,5.0,5.0,0.0,pending,
33,12,0,15.0,1.0,done,17
33,13,5.0,5.0,0.0,pending,
33,14,10.0,10.0,0.0,pending,
33,15,0,5.0,1.0,done,30
33,16,5.0,5.0,0.0,pending,
33,17,15.0,15.0,0.0,pending,
33,18,10.0,10.0,0.0,pending,
33,19,15.0,15.0,0.0,pending,
33,20,15.0,15.0,0.0,pending,
33,21,15.0,15.0,0.0,pending,
33,22,5.0,5.0,0.0,pending,
33,23,10.0,10.0,0.0,pending,
33,24,5.0,5.0,0.0,pending,
33,25,15.0,15.0,0.0,pending,
33,26,5.0,5.0,0.0,pending,
33,27,15.0,15.0,0.0,pending,
33,28,10.0,10.0,0.0,pending,
33,29,10.0,10.0,0.0,pending,
33,30,15.0,15.0,0.0,pending,
33,31,5.0,5.0,0.0,pending,
33,32,10.0,10.0,0.0,pending,
33,33,10.0,10.0,0.0,pending,
33,34,10.0,10.0,0.0,pending,
33,35,15.0,15.0,0.0,pending,
33,36,15.0,15.0,0.0,pending,
33,37,5.0,5.0,0.0,pending,
33,38,15.0,15.0,0.0,pending,
33,39,0,10.0,1.0,done,28
33,40,10.0,10.0,0.0,pending,
33,41,15.0,15.0,0.0,pending,
33,42,10.0,10.0,0.0,pending,
33,43,5.0,5.0,0.0,pending,
33,44,0,15.0,1.0,done,18
33,45,5.0,5.0,0.0,pending,
33,46,0,5.0,1.0,done,31
33,47,15.0,15.0,0.0,pending,
33,48,10.0,10.0,0.0,pending,
34,0,0,10.0,1.0,done,25
34,1,10.0,10.0,0.0,pending,
34,2,0,5.0,1.0,done,21
34,3,10.0,10.0,0.0,pending,
34,4,15.0,15.0,0.0,pending,
34,5,10.0,10.0,0.0,pending,
34,6,10.0,10.0,0.0,pending,
34,7,10.0,10.0,0.0,pending,
34,8,10.0,10.0,0.0,pending,
34,9,10.0,10.0,0.0,pending,
34,10,15.0,15.0,0.0,pending,
34,11,5.0,5.0,0.0,pending,
34,12,0,15.0,1.0,done,17
34,13,5.0,5.0,0.0,pending,
34,14,10.0,10.0,0.0,pending,
34,15,0,5.0,1.0,done,30
34,16,5.0,5.0,0.0,pending,
34,17,15.0,15.0,0.0,pending,
34,18,10.0,10.0,0.0,pending,
34,19,15.0,15.0,0.0,pending,
34,20,15.0,15.0,0.0,pending,
34,21,15.0,15.0,0.0,pending,
34,22,5.0,5.0,0.0,pending,
34,23,8.034014846860233,10.0,0.19659851531397673,in_progress,
34,24,5.0,5.0,0.0,pending,
34,25,15.0,15.0,0.0,pending,
34,26,5.0,5.0,0.0,pending,
34,27,15.0,15.0,0.0,pending,
34,28,10.0,10.0,0.0,pending,
34,29,10.0,10.0,0.0,pending,
34,30,15.0,15.0,0.0,pending,
34,31,5.0,5.0,0.0,pending,
34,32,10.0,10.0,0.0,pending,
34,33,10.0,10.0,0.0,pending,
34,34,10.0,10.0,0.0,pending,
34,35,15.0,15.0,0.0,pending,
34,36,15.0,15.0,0.0,pending,
34,37,5.0,5.0,0.0,pending,
34,38,15.0,15.0,0.0,pending,
34,39,0,10.0,1.0,done,28
34,40,10.0,10.0,0.0,pending,
34,41,15.0,15.0,0.0,pending,
34,42,10.0,10.0,0.0,pending,
34,43,5.0,5.0,0.0,pending,
34,44,0,15.0,1.0,done,18
34,45,5.0,5.0,0.0,pending,
34,46,0,5.0,1.0,done,31
34,47,15.0,15.0,0.0,pending,
34,48,10.0,10.0,0.0,pending,
35,0,0,10.0,1.0,done,25
35,1,10.0,10.0,0.0,pending,
35,2,0,5.0,1.0,done,21
35,3,10.0,10.0,0.0,pending,
35,4,15.0,15.0,0.0,pending,
35,5,10.0,10.0,0.0,pending,
35,6,10.0,10.0,0.0,pending,
35,7,10.0,10.0,0.0,pending,
35,8,10.0,10.0,0.0,pending,
35,9,10.0,10.0,0.0,pending,
35,10,15.0,15.0,0.0,pending,
35,11,5.0,5.0,0.0,pending,
35,12,0,15.0,1.0,done,17
35,13,5.0,5.0,0.0,pending,
35,14,10.0,10.0,0.0,pending,
35,15,0,5.0,1.0,done,30
35,16,5.0,5.0,0.0,pending,
35,17,14.599034203854725,15.0,0.026731053076351687,in_progress,
35,18,10.0,10.0,0.0,pending,
35,19,15.0,15.0,0.0,pending,
35,20,15.0,15.0,0.0,pending,
35,21,15.0,15.0,0.0,pending,
35,22,5.0,5.0,0.0,pending,
35,23,5.034014846860233,10.0,0.49659851531397675,in_progress,
35,24,5.0,5.0,0.0,pending,
35,25,15.0,15.0,0.0,pending,
35,26,5.0,5.0,0.0,pending,
35,27,15.0,15.0,0.0,pending,
35,28,10.0,10.0,0.0,pending,
35,29,10.0,10.0,0.0,pending,
35,30,15.0,15.0,0.0,pending,
35,31,5.0,5.0,0.0,pending,
35,32,10.0,10.0,0.0,pending,
35,33,10.0,10.0,0.0,pending,
35,34,10.0,10.0,0.0,pending,
35,35,15.0,15.0,0.0,pending,
35,36,15.0,15.0,0.0,pending,
35,37,5.0,5.0,0.0,pending,
35,38,15.0,15.0,0.0,pending,
35,39,0,10.0,1.0,done,28
35,40,10.0,10.0,0.0,pending,
35,41,15.0,15.0,0.0,pending,
35,42,10.0,10.0,0.0,pending,
35,43,5.0,5.0,0.0,pending,
35,44,0,15.0,1.0,done,18
35,45,5.0,5.0,0.0,pending,
35,46,0,5.0,1.0,done,31
35,47,15.0,15.0,0.0,pending,
35,48,10.0,10.0,0.0,pending,
36,0,0,10.0,1.0,done,25
36,1,10.0,10.0,0.0,pending,
36,2,0,5.0,1.0,done,21
36,3,10.0,10.0,0.0,pending,
36,4,15.0,15.0,0.0,pending,
36,5,10.0,10.0,0.0,pending,
36,6,10.0,10.0,0.0,pending,
36,7,10.0,10.0,0.0,pending,
36,8,10.0,10.0,0.0,pending,
36,9,10.0,10.0,0.0,pending,
36,10,15.0,15.0,0.0,pending,
36,11,5.0,5.0,0.0,pending,
36,12,0,15.0,1.0,done,17
36,13,5.0,5.0,0.0,pending,
36,14,10.0,10.0,0.0,pending,
36,15,0,5.0,1.0,done,30
36,16,5.0,5.0,0.0,pending,
36,17,12.599034203854725,15.0,0.160064386409685,in_progress,
36,18,10.0,10.0,0.0,pending,
36,19,15.0,15.0,0.0,pending,
36,20,15.0,15.0,0.0,pending,
36,21,15.0,15.0,0.0,pending,
36,22,5.0,5.0,0.0,pending,
36,23,2.0340148468602326,10.0,0.7965985153139767,in_progress,
36,24,5.0,5.0,0.0,pending,
36,25,15.0,15.0,0.0,pending,
36,26,5.0,5.0,0.0,pending,
36,27,15.0,15.0,0.0,pending,
36,28,10.0,10.0,0.0,pending,
36,29,10.0,10.0,0.0,pending,
36,30,15.0,15.0,0.0,pending,
36,31,5.0,5.0,0.0,pending,
36,32,10.0,10.0,0.0,pending,
36,33,10.0,10.0,0.0,pending,
36,34,10.0,10.0,0.0,pending,
36,35,15.0,15.0,0.0,pending,
36,36,15.0,15.0,0.0,pending,
36,37,5.0,5.0,0.0,pending,
36,38,15.0,15.0,0.0,pending,
36,39,0,10.0,1.0,done,28
36,40,10.0,10.0,0.0,pending,
36,41,15.0,15.0,0.0,pending,
36,42,10.0,10.0,0.0,pending,
36,43,5.0,5.0,0.0,pending,
36,44,0,15.0,1.0,done,18
36,45,5.0,5.0,0.0,pending,
36,46,0,5.0,1.0,done,31
36,47,15.0,15.0,0.0,pending,
36,48,10.0,10.0,0.0,pending,
37,0,0,10.0,1.0,done,25
37,1,10.0,10.0,0.0,pending,
37,2,0,5.0,1.0,done,21
37,3,10.0,10.0,0.0,pending,
37,4,15.0,15.0,0.0,pending,
37,5,10.0,10.0,0.0,pending,
37,6,10.0,10.0,0.0,pending,
37,7,10.0,10.0,0.0,pending,
37,8,10.0,10.0,0.0,pending,
37,9,10.0,10.0,0.0,pending,
37,10,15.0,15.0,0.0,pending,
37,11,5.0,5.0,0.0,pending,
37,12,0,15.0,1.0,done,17
37,13,5.0,5.0,0.0,pending,
37,14,10.0,10.0,0.0,pending,
37,15,0,5.0,1.0,done,30
37,16,5.0,5.0,0.0,pending,
37,17,10.599034203854725,15.0,0.29339771974301837,in_progress,
37,18,10.0,10.0,0.0,pending,
37,19,15.0,15.0,0.0,pending,
37,20,15.0,15.0,0.0,pending,
37,21,15.0,15.0,0.0,pending,
37,22,5.0,5.0,0.0,pending,
37,23,0,10.0,1.0,done,37
37,24,5.0,5.0,0.0,pending,
37,25,15.0,15.0,0.0,pending,
37,26,5.0,5.0,0.0,pending,
37,27,15.0,15.0,0.0,pending,
37,28,10.0,10.0,0.0,pending,
37,29,10.0,10.0,0.0,pending,
37,30,15.0,15.0,0.0,pending,
37,31,5.0,5.0,0.0,pending,
37,32,10.0,10.0,0.0,pending,
37,33,10.0,10.0,0.0,pending,
37,34,10.0,10.0,0.0,pending,
37,35,15.0,15.0,0.0,pending,
37,36,15.0,15.0,0.0,pending,
37,37,5.0,5.0,0.0,pending,
37,38,15.0,15.0,0.0,pending,
37,39,0,10.0,1.0,done,28
37,40,10.0,10.0,0.0,pending,
37,41,15.0,15.0,0.0,pending,
37,42,10.0,10.0,0.0,pending,
37,43,5.0,5.0,0.0,pending,
37,44,0,15.0,1.0,done,18
37,45,5.0,5.0,0.0,pending,
37,46,0,5.0,1.0,done,31
37,47,15.0,15.0,0.0,pending,
37,48,10.0,10.0,0.0,pending,
38,0,0,10.0,1.0,done,25
38,1,10.0,10.0,0.0,pending,
38,2,0,5.0,1.0,done,21
38,3,10.0,10.0,0.0,pending,
38,4,15.0,15.0,0.0,pending,
38,5,10.0,10.0,0.0,pending,
38,6,10.0,10.0,0.0,pending,
38,7,10.0,10.0,0.0,pending,
38,8,10.0,10.0,0.0,pending,
38,9,10.0,10.0,0.0,pending,
38,10,15.0,15.0,0.0,pending,
38,11,5.0,5.0,0.0,pending,
38,12,0,15.0,1.0,done,17
38,13,5.0,5.0,0.0,pending,
38,14,10.0,10.0,0.0,pending,
38,15,0,5.0,1.0,done,30
38,16,5.0,5.0,0.0,pending,
38,17,8.599034203854725,15.0,0.4267310530763517,in_progress,
38,18,10.0,10.0,0.0,pending,
38,19,15.0,15.0,0.0,pending,
38,20,15.0,15.0,0.0,pending,
38,21,15.0,15.0,0.0,pending,
38,22,5.0,5.0,0.0,pending,
38,23,0,10.0,1.0,done,37
38,24,5.0,5.0,0.0,pending,
38,25,15.0,15.0,0.0,pending,
38,26,5.0,5.0,0.0,pending,
38,27,15.0,15.0,0.0,pending,
38,28,10.0,10.0,0.0,pending,
38,29,10.0,10.0,0.0,pending,
38,30,15.0,15.0,0.0,pending,
38,31,5.0,5.0,0.0,pending,
38,32,10.0,10.0,0.0,pending,
38,33,10.0,10.0,0.0,pending,
38,34,10.0,10.0,0.0,pending,
38,35,15.0,15.0,0.0,pending,
38,36,15.0,15.0,0.0,pending,
38,37,5.0,5.0,0.0,pending,
38,38,15.0,15.0,0.0,pending,
38,39,0,10.0,1.0,done,28
38,40,10.0,10.0,0.0,pending,
38,41,15.0,15.0,0.0,pending,
38,42,10.0,10.0,0.0,pending,
38,43,5.0,5.0,0.0,pending,
38,44,0,15.0,1.0,done,18
38,45,5.0,5.0,0.0,pending,
38,46,0,5.0,1.0,done,31
38,47,15.0,15.0,0.0,pending,
38,48,10.0,10.0,0.0,pending,
39,0,0,10.0,1.0,done,25
39,1,10.0,10.0,0.0,pending,
39,2,0,5.0,1.0,done,21
39,3,10.0,10.0,0.0,pending,
39,4,15.0,15.0,0.0,pending,
39,5,10.0,10.0,0.0,pending,
39,6,10.0,10.0,0.0,pending,
39,7,10.0,10.0,0.0,pending,
39,8,10.0,10.0,0.0,pending,
39,9,10.0,10.0,0.0,pending,
39,10,15.0,15.0,0.0,pending,
39,11,5.0,5.0,0.0,pending,
39,12,0,15.0,1.0,done,17
39,13,5.0,5.0,0.0,pending,
39,14,10.0,10.0,0.0,pending,
39,15,0,5.0,1.0,done,30
39,16,5.0,5.0,0.0,pending,
39,17,6.599034203854725,15.0,0.560064386409685,in_progress,
39,18,10.0,10.0,0.0,pending,
39,19,15.0,15.0,0.0,pending,
39,20,15.0,15.0,0.0,pending,
39,21,15.0,15.0,0.0,pending,
39,22,5.0,5.0,0.0,pending,
39,23,0,10.0,1.0,done,37
39,24,5.0,5.0,0.0,pending,
39,25,15.0,15.0,0.0,pending,
39,26,5.0,5.0,0.0,pending,
39,27,15.0,15.0,0.0,pending,
39,28,10.0,10.0,0.0,pending,
39,29,10.0,10.0,0.0,pending,
39,30,15.0,15.0,0.0,pending,
39,31,5.0,5.0,0.0,pending,
39,32,10.0,10.0,0.0,pending,
39,33,10.0,10.0,0.0,pending,
39,34,10.0,10.0,0.0,pending,
39,35,15.0,15.0,0.0,pending,
39,36,15.0,15.0,0.0,pending,
39,37,5.0,5.0,0.0,pending,
39,38,15.0,15.0,0.0,pending,
39,39,0,10.0,1.0,done,28
39,40,10.0,10.0,0.0,pending,
39,41,15.0,15.0,0.0,pending,
39,42,10.0,10.0,0.0,pending,
39,43,5.0,5.0,0.0,pending,
39,44,0,15.0,1.0,done,18
39,45,5.0,5.0,0.0,pending,
39,46,0,5.0,1.0,done,31
39,47,15.0,15.0,0.0,pending,
39,48,10.0,10.0,0.0,pending,
40,0,0,10.0,1.0,done,25
40,1,10.0,10.0,0.0,pending,
40,2,0,5.0,1.0,done,21
40,3,10.0,10.0,0.0,pending,
40,4,15.0,15.0,0.0,pending,
40,5,10.0,10.0,0.0,pending,
40,6,10.0,10.0,0.0,pending,
40,7,10.0,10.0,0.0,pending,
40,8,10.0,10.0,0.0,pending,
40,9,10.0,10.0,0.0,pending,
40,10,15.0,15.0,0.0,pending,
40,11,5.0,5.0,0.0,pending,
40,12,0,15.0,1.0,done,17
40,13,5.0,5.0,0.0,pending,
40,14,10.0,10.0,0.0,pending,
40,15,0,5.0,1.0,done,30
40,16,5.0,5.0,0.0,pending,
40,17,4.599034203854725,15.0,0.6933977197430183,in_progress,
40,18,10.0,10.0,0.0,pending,
40,19,15.0,15.0,0.0,pending,
40,20,15.0,15.0,0.0,pending,
40,21,15.0,15.0,0.0,pending,
40,22,5.0,5.0,0.0,pending,
40,23,0,10.0,1.0,done,37
40,24,5.0,5.0,0.0,pending,
40,25,15.0,15.0,0.0,pending,
40,26,5.0,5.0,0.0,pending,
40,27,15.0,15.0,0.0,pending,
40,28,10.0,10.0,0.0,pending,
40,29,10.0,10.0,0.0,pending,
40,30,15.0,15.0,0.0,pending,
40,31,5.0,5.0,0.0,pending,
40,32,10.0,10.0,0.0,pending,
40,33,10.0,10.0,0.0,pending,
40,34,10.0,10.0,0.0,pending,
40,35,15.0,15.0,0.0,pending,
40,36,15.0,15.0,0.0,pending,
40,37,5.0,5.0,0.0,pending,
40,38,15.0,15.0,0.0,pending,
40,39,0,10.0,1.0,done,28
40,40,10.0,10.0,0.0,pending,
40,41,15.0,15.0,0.0,pending,
40,42,10.0,10.0,0.0,pending,
40,43,5.0,5.0,0.0,pending,
40,44,0,15.0,1.0,done,18
40,45,5.0,5.0,0.0,pending,
40,46,0,5.0,1.0,done,31
40,47,15.0,15.0,0.0,pending,
40,48,10.0,10.0,0.0,pending,
41,0,0,10.0,1.0,done,25
41,1,10.0,10.0,0.0,pending,
41,2,0,5.0,1.0,done,21
41,3,10.0,10.0,0.0,pending,
41,4,15.0,15.0,0.0,pending,
41,5,10.0,10.0,0.0,pending,
41,6,10.0,10.0,0.0,pending,
41,7,10.0,10.0,0.0,pending,
41,8,10.0,10.0,0.0,pending,
41,9,10.0,10.0,0.0,pending,
41,10,15.0,15.0,0.0,pending,
41,11,5.0,5.0,0.0,pending,
41,12,0,15.0,1.0,done,17
41,13,5.0,5.0,0.0,pending,
41,14,10.0,10.0,0.0,pending,
41,15,0,5.0,1.0,done,30
41,16,5.0,5.0,0.0,pending,
41,17,2.5990342038547247,15.0,0.8267310530763516,in_progress,
41,18,10.0,10.0,0.0,pending,
41,19,15.0,15.0,0.0,pending,
41,20,15.0,15.0,0.0,pending,
41,21,15.0,15.0,0.0,pending,
41,22,5.0,5.0,0.0,pending,
41,23,0,10.0,1.0,done,37
41,24,5.0,5.0,0.0,pending,
41,25,15.0,15.0,0.0,pending,
41,26,5.0,5.0,0.0,pending,
41,27,15.0,15.0,0.0,pending,
41,28,10.0,10.0,0.0,pending,
41,29,10.0,10.0,0.0,pending,
41,30,15.0,15.0,0.0,pending,
41,31,5.0,5.0,0.0,pending,
41,32,10.0,10.0,0.0,pending,
41,33,10.0,10.0,0.0,pending,
41,34,10.0,10.0,0.0,pending,
41,35,15.0,15.0,0.0,pending,
41,36,15.0,15.0,0.0,pending,
41,37,5.0,5.0,0.0,pending,
41,38,15.0,15.0,0.0,pending,
41,39,0,10.0,1.0,done,28
41,40,10.0,10.0,0.0,pending,
41,41,15.0,15.0,0.0,pending,
41,42,10.0,10.0,0.0,pending,
41,43,5.0,5.0,0.0,pending,
41,44,0,15.0,1.0,done,18
41,45,5.0,5.0,0.0,pending,
41,46,0,5.0,1.0,done,31
41,47,15.0,15.0,0.0,pending,
41,48,10.0,10.0,0.0,pending,
42,0,0,10.0,1.0,done,25
42,1,10.0,10.0,0.0,pending,
42,2,0,5.0,1.0,done,21
42,3,10.0,10.0,0.0,pending,
42,4,15.0,15.0,0.0,pending,
42,5,10.0,10.0,0.0,pending,
42,6,10.0,10.0,0.0,pending,
42,7,10.0,10.0,0.0,pending,
42,8,10.0,10.0,0.0,pending,
42,9,10.0,10.0,0.0,pending,
42,10,15.0,15.0,0.0,pending,
42,11,5.0,5.0,0.0,pending,
42,12,0,15.0,1.0,done,17
42,13,5.0,5.0,0.0,pending,
42,14,10.0,10.0,0.0,pending,
42,15,0,5.0,1.0,done,30
42,16,5.0,5.0,0.0,pending,
42,17,0.5990342038547247,15.0,0.960064386409685,in_progress,
42,18,10.0,10.0,0.0,pending,
42,19,15.0,15.0,0.0,pending,
42,20,15.0,15.0,0.0,pending,
42,21,15.0,15.0,0.0,pending,
42,22,5.0,5.0,0.0,pending,
42,23,0,10.0,1.0,done,37
42,24,5.0,5.0,0.0,pending,
42,25,15.0,15.0,0.0,pending,
42,26,5.0,5.0,0.0,pending,
42,27,15.0,15.0,0.0,pending,
42,28,10.0,10.0,0.0,pending,
42,29,10.0,10.0,0.0,pending,
42,30,15.0,15.0,0.0,pending,
42,31,5.0,5.0,0.0,pending,
42,32,10.0,10.0,0.0,pending,
42,33,10.0,10.0,0.0,pending,
42,34,8.210607721151908,10.0,0.17893922788480926,in_progress,
42,35,15.0,15.0,0.0,pending,
42,36,15.0,15.0,0.0,pending,
42,37,5.0,5.0,0.0,pending,
42,38,15.0,15.0,0.0,pending,
42,39,0,10.0,1.0,done,28
42,40,10.0,10.0,0.0,pending,
42,41,15.0,15.0,0.0,pending,
42,42,10.0,10.0,0.0,pending,
42,43,5.0,5.0,0.0,pending,
42,44,0,15.0,1.0,done,18
42,45,5.0,5.0,0.0,pending,
42,46,0,5.0,1.0,done,31
42,47,15.0,15.0,0.0,pending,
42,48,10.0,10.0,0.0,pending,
43,0,0,10.0,1.0,done,25
43,1,10.0,10.0,0.0,pending,
43,2,0,5.0,1.0,done,21
43,3,10.0,10.0,0.0,pending,
43,4,15.0,15.0,0.0,pending,
43,5,10.0,10.0,0.0,pending,
43,6,10.0,10.0,0.0,pending,
43,7,10.0,10.0,0.0,pending,
43,8,10.0,10.0,0.0,pending,
43,9,10.0,10.0,0.0,pending,
43,10,15.0,15.0,0.0,pending,
43,11,5.0,5.0,0.0,pending,
43,12,0,15.0,1.0,done,17
43,13,5.0,5.0,0.0,pending,
43,14,10.0,10.0,0.0,pending,
43,15,0,5.0,1.0,done,30
43,16,5.0,5.0,0.0,pending,
43,17,0,15.0,1.0,done,43
43,18,10.0,10.0,0.0,pending,
43,19,15.0,15.0,0.0,pending,
43,20,15.0,15.0,0.0,pending,
43,21,15.0,15.0,0.0,pending,
43,22,5.0,5.0,0.0,pending,
43,23,0,10.0,1.0,done,37
43,24,5.0,5.0,0.0,pending,
43,25,15.0,15.0,0.0,pending,
43,26,5.0,5.0,0.0,pending,
43,27,15.0,15.0,0.0,pending,
43,28,10.0,10.0,0.0,pending,
43,29,10.0,10.0,0.0,pending,
43,30,15.0,15.0,0.0,pending,
43,31,5.0,5.0,0.0,pending,
43,32,10.0,10.0,0.0,pending,
43,33,10.0,10.0,0.0,pending,
43,34,5.7106077211519075,10.0,0.42893922788480926,in_progress,
43,35,15.0,15.0,0.0,pending,
43,36,15.0,15.0,0.0,pending,
43,37,5.0,5.0,0.0,pending,
43,38,15.0,15.0,0.0,pending,
43,39,0,10.0,1.0,done,28
43,40,10.0,10.0,0.0,pending,
43,41,15.0,15.0,0.0,pending,
43,42,10.0,10.0,0.0,pending,
43,43,5.0,5.0,0.0,pending,
43,44,0,15.0,1.0,done,18
43,45,5.0,5.0,0.0,pending,
43,46,0,5.0,1.0,done,31
43,47,15.0,15.0,0.0,pending,
43,48,10.0,10.0,0.0,pending,
44,0,0,10.0,1.0,done,25
44,1,10.0,10.0,0.0,pending,
44,2,0,5.0,1.0,done,21
44,3,10.0,10.0,0.0,pending,
44,4,15.0,15.0,0.0,pending,
44,5,10.0,10.0,0.0,pending,
44,6,10.0,10.0,0.0,pending,
44,7,10.0,10.0,0.0,pending,
44,8,8.99695826812767,10.0,0.10030417318723295,in_progress,
44,9,10.0,10.0,0.0,pending,
44,10,15.0,15.0,0.0,pending,
44,11,5.0,5.0,0.0,pending,
44,12,0,15.0,1.0,done,17
44,13,5.0,5.0,0.0,pending,
44,14,10.0,10.0,0.0,pending,
44,15,0,5.0,1.0,done,30
44,16,5.0,5.0,0.0,pending,
44,17,0,15.0,1.0,done,43
44,18,10.0,10.0,0.0,pending,
44,19,15.0,15.0,0.0,pending,
44,20,14.175473890326675,15.0,0.054968407311555015,in_progress,
44,21,15.0,15.0,0.0,pending,
44,22,5.0,5.0,0.0,pending,
44,23,0,10.0,1.0,done,37
44,24,5.0,5.0,0.0,pending,
44,25,15.0,15.0,0.0,pending,
44,26,5.0,5.0,0.0,pending,
44,27,15.0,15.0,0.0,pending,
44,28,10.0,10.0,0.0,pending,
44,29,10.0,10.0,0.0,pending,
44,30,15.0,15.0,0.0,pending,
44,31,5.0,5.0,0.0,pending,
44,32,10.0,10.0,0.0,pending,
44,33,10.0,10.0,0.0,pending,
44,34,3.2106077211519075,10.0,0.6789392278848092,in_progress,
44,35,15.0,15.0,0.0,pending,
44,36,15.0,15.0,0.0,pending,
44,37,5.0,5.0,0.0,pending,
44,38,15.0,15.0,0.0,pending,
44,39,0,10.0,1.0,done,28
44,40,10.0,10.0,0.0,pending,
44,41,15.0,15.0,0.0,pending,
44,42,10.0,10.0,0.0,pending,
44,43,5.0,5.0,0.0,pending,
44,44,0,15.0,1.0,done,18
44,45,5.0,5.0,0.0,pending,
44,46,0,5.0,1.0,done,31
44,47,15.0,15.0,0.0,pending,
44,48,10.0,10.0,0.0,pending,
45,0,0,10.0,1.0,done,25
45,1,10.0,10.0,0.0,pending,
45,2,0,5.0,1.0,done,21
45,3,10.0,10.0,0.0,pending,
45,4,15.0,15.0,0.0,pending,
45,5,10.0,10.0,0.0,pending,
45,6,10.0,10.0,0.0,pending,
45,7,10.0,10.0,0.0,pending,
45,8,5.9969582681276705,10.0,0.40030417318723294,in_progress,
45,9,10.0,10.0,0.0,pending,
45,10,15.0,15.0,0.0,pending,
45,11,5.0,5.0,0.0,pending,
45,12,0,15.0,1.0,done,17
45,13,5.0,5.0,0.0,pending,
45,14,10.0,10.0,0.0,pending,
45,15,0,5.0,1.0,done,30
45,16,5.0,5.0,0.0,pending,
45,17,0,15.0,1.0,done,43
45,18,10.0,10.0,0.0,pending,
45,19,15.0,15.0,0.0,pending,
45,20,12.175473890326675,15.0,0.18830174064488833,in_progress,
45,21,14.00423946688872,15.0,0.06638403554075202,in_progress,
45,22,5.0,5.0,0.0,pending,
45,23,0,10.0,1.0,done,37
45,24,5.0,5.0,0.0,pending,
45,25,15.0,15.0,0.0,pending,
45,26,5.0,5.0,0.0,pending,
45,27,14.082580578855652,15.0,0.06116129474295657,in_progress,
45,28,10.0,10.0,0.0,pending,
45,29,10.0,10.0,0.0,pending,
45,30,15.0,15.0,0.0,pending,
45,31,5.0,5.0,0.0,pending,
45,32,10.0,10.0,0.0,pending,
45,33,10.0,10.0,0.0,pending,
45,34,0.7106077211519075,10.0,0.9289392278848092,in_progress,
45,35,15.0,15.0,0.0,pending,
45,36,15.0,15.0,0.0,pending,
45,37,5.0,5.0,0.0,pending,
45,38,15.0,15.0,0.0,pending,
45,39,0,10.0,1.0,done,28
45,40,10.0,10.0,0.0,pending,
45,41,15.0,15.0,0.0,pending,
45,42,10.0,10.0,0.0,pending,
45,43,5.0,5.0,0.0,pending,
45,44,0,15.0,1.0,done,18
45,45,5.0,5.0,0.0,pending,
45,46,0,5.0,1.0,done,31
45,47,15.0,15.0,0.0,pending,
45,48,10.0,10.0,0.0,pending,
46,0,0,10.0,1.0,done,25
46,1,10.0,10.0,0.0,pending,
46,2,0,5.0,1.0,done,21
46,3,10.0,10.0,0.0,pending,
46,4,15.0,15.0,0.0,pending,
46,5,10.0,10.0,0.0,pending,
46,6,10.0,10.0,0.0,pending,
46,7,10.0,10.0,0.0,pending,
46,8,2.9969582681276705,10.0,0.7003041731872329,in_progress,
46,9,10.0,10.0,0.0,pending,
46,10,15.0,15.0,0.0,pending,
46,11,5.0,5.0,0.0,pending,
46,12,0,15.0,1.0,done,17
46,13,5.0,5.0,0.0,pending,
46,14,10.0,10.0,0.0,pending,
46,15,0,5.0,1.0,done,30
46,16,5.0,5.0,0.0,pending,
46,17,0,15.0,1.0,done,43
46,18,10.0,10.0,0.0,pending,
46,19,15.0,15.0,0.0,pending,
46,20,10.175473890326675,15.0,0.32163507397822166,in_progress,
46,21,12.00423946688872,15.0,0.19971736887408534,in_progress,
46,22,5.0,5.0,0.0,pending,
46,23,0,10.0,1.0,done,37
46,24,5.0,5.0,0.0,pending,
46,25,15.0,15.0,0.0,pending,
46,26,5.0,5.0,0.0,pending,
46,27,13.082580578855652,15.0,0.12782796140962324,in_progress,
46,28,10.0,10.0,0.0,pending,
46,29,10.0,10.0,0.0,pending,
46,30,15.0,15.0,0.0,pending,
46,31,5.0,5.0,0.0,pending,
46,32,10.0,10.0,0.0,pending,
46,33,10.0,10.0,0.0,pending,
46,34,0,10.0,1.0,done,46
46,35,15.0,15.0,0.0,pending,
46,36,15.0,15.0,0.0,pending,
46,37,5.0,5.0,0.0,pending,
46,38,15.0,15.0,0.0,pending,
46,39,0,10.0,1.0,done,28
46,40,10.0,10.0,0.0,pending,
46,41,15.0,15.0,0.0,pending,
46,42,10.0,10.0,0.0,pending,
46,43,5.0,5.0,0.0,pending,
46,44,0,15.0,1.0,done,18
46,45,5.0,5.0,0.0,pending,
46,46,0,5.0,1.0,done,31
46,47,15.0,15.0,0.0,pending,
46,48,10.0,10.0,0.0,pending,
47,0,0,10.0,1.0,done,25
47,1,10.0,10.0,0.0,pending,
47,2,0,5.0,1.0,done,21
47,3,10.0,10.0,0.0,pending,
47,4,15.0,15.0,0.0,pending,
47,5,10.0,10.0,0.0,pending,
47,6,10.0,10.0,0.0,pending,
47,7,10.0,10.0,0.0,pending,
47,8,0,10.0,1.0,done,47
47,9,10.0,10.0,0.0,pending,
47,10,15.0,15.0,0.0,pending,
47,11,5.0,5.0,0.0,pending,
47,12,0,15.0,1.0,done,17
47,13,5.0,5.0,0.0,pending,
47,14,10.0,10.0,0.0,pending,
47,15,0,5.0,1.0,done,30
47,16,5.0,5.0,0.0,pending,
47,17,0,15.0,1.0,done,43
47,18,10.0,10.0,0.0,pending,
47,19,15.0,15.0,0.0,pending,
47,20,8.175473890326675,15.0,0.454968407311555,in_progress,
47,21,10.00423946688872,15.0,0.33305070220741867,in_progress,
47,22,5.0,5.0,0.0,pending,
47,23,0,10.0,1.0,done,37
47,24,5.0,5.0,0.0,pending,
47,25,15.0,15.0,0.0,pending,
47,26,5.0,5.0,0.0,pending,
47,27,12.082580578855652,15.0,0.1944946280762899,in_progress,
47,28,10.0,10.0,0.0,pending,
47,29,10.0,10.0,0.0,pending,
47,30,15.0,15.0,0.0,pending,
47,31,5.0,5.0,0.0,pending,
47,32,10.0,10.0,0.0,pending,
47,33,10.0,10.0,0.0,pending,
47,34,0,10.0,1.0,done,46
47,35,15.0,15.0,0.0,pending,
47,36,15.0,15.0,0.0,pending,
47,37,5.0,5.0,0.0,pending,
47,38,15.0,15.0,0.0,pending,
47,39,0,10.0,1.0,done,28
47,40,10.0,10.0,0.0,pending,
47,41,15.0,15.0,0.0,pending,
47,42,10.0,10.0,0.0,pending,
47,43,5.0,5.0,0.0,pending,
47,44,0,15.0,1.0,done,18
47,45,5.0,5.0,0.0,pending,
47,46,0,5.0,1.0,done,31
47,47,15.0,15.0,0.0,pending,
47,48,10.0,10.0,0.0,pending,
48,0,0,10.0,1.0,done,25
48,1,10.0,10.0,0.0,pending,
48,2,0,5.0,1.0,done,21
48,3,10.0,10.0,0.0,pending,
48,4,15.0,15.0,0.0,pending,
48,5,10.0,10.0,0.0,pending,
48,6,10.0,10.0,0.0,pending,
48,7,10.0,10.0,0.0,pending,
48,8,0,10.0,1.0,done,47
48,9,10.0,10.0,0.0,pending,
48,10,15.0,15.0,0.0,pending,
48,11,4.755018043877751,5.0,0.048996391224449806,in_progress,
48,12,0,15.0,1.0,done,17
48,13,5.0,5.0,0.0,pending,
48,14,10.0,10.0,0.0,pending,
48,15,0,5.0,1.0,done,30
48,16,5.0,5.0,0.0,pending,
48,17,0,15.0,1.0,done,43
48,18,10.0,10.0,0.0,pending,
48,19,15.0,15.0,0.0,pending,
48,20,6.175473890326675,15.0,0.5883017406448884,in_progress,
48,21,8.00423946688872,15.0,0.46638403554075203,in_progress,
48,22,5.0,5.0,0.0,pending,
48,23,0,10.0,1.0,done,37
48,24,5.0,5.0,0.0,pending,
48,25,15.0,15.0,0.0,pending,
48,26,5.0,5.0,0.0,pending,
48,27,11.082580578855652,15.0,0.2611612947429566,in_progress,
48,28,10.0,10.0,0.0,pending,
48,29,10.0,10.0,0.0,pending,
48,30,15.0,15.0,0.0,pending,
48,31,5.0,5.0,0.0,pending,
48,32,10.0,10.0,0.0,pending,
48,33,10.0,10.0,0.0,pending,
48,34,0,10.0,1.0,done,46
48,35,15.0,15.0,0.0,pending,
48,36,15.0,15.0,0.0,pending,
48,37,5.0,5.0,0.0,pending,
48,38,15.0,15.0,0.0,pending,
48,39,0,10.0,1.0,done,28
48,40,10.0,10.0,0.0,pending,
48,41,15.0,15.0,0.0,pending,
48,42,10.0,10.0,0.0,pending,
48,43,5.0,5.0,0.0,pending,
48,44,0,15.0,1.0,done,18
48,45,5.0,5.0,0.0,pending,
48,46,0,5.0,1.0,done,31
48,47,15.0,15.0,0.0,pending,
48,48,10.0,10.0,0.0,pending,
49,0,0,10.0,1.0,done,25
49,1,10.0,10.0,0.0,pending,
49,2,0,5.0,1.0,done,21
49,3,10.0,10.0,0.0,pending,
49,4,15.0,15.0,0.0,pending,
49,5,10.0,10.0,0.0,pending,
49,6,10.0,10.0,0.0,pending,
49,7,10.0,10.0,0.0,pending,
49,8,0,10.0,1.0,done,47
49,9,10.0,10.0,0.0,pending,
49,10,15.0,15.0,0.0,pending,
49,11,2.755018043877751,5.0,0.4489963912244498,in_progress,
49,12,0,15.0,1.0,done,17
49,13,5.0,5.0,0.0,pending,
49,14,10.0,10.0,0.0,pending,
49,15,0,5.0,1.0,done,30
49,16,5.0,5.0,0.0,pending,
49,17,0,15.0,1.0,done,43
49,18,10.0,10.0,0.0,pending,
49,19,15.0,15.0,0.0,pending,
49,20,4.175473890326675,15.0,0.7216350739782217,in_progress,
49,21,6.00423946688872,15.0,0.5997173688740853,in_progress,
49,22,5.0,5.0,0.0,pending,
49,23,0,10.0,1.0,done,37
49,24,5.0,5.0,0.0,pending,
49,25,15.0,15.0,0.0,pending,
49,26,5.0,5.0,0.0,pending,
49,27,10.082580578855652,15.0,0.3278279614096232,in_progress,
49,28,10.0,10.0,0.0,pending,
49,29,10.0,10.0,0.0,pending,
49,30,15.0,15.0,0.0,pending,
49,31,5.0,5.0,0.0,pending,
49,32,10.0,10.0,0.0,pending,
49,33,10.0,10.0,0.0,pending,
49,34,0,10.0,1.0,done,46
49,35,15.0,15.0,0.0,pending,
49,36,15.0,15.0,0.0,pending,
49,37,5.0,5.0,0.0,pending,
49,38,15.0,15.0,0.0,pending,
49,39,0,10.0,1.0,done,28
49,40,10.0,10.0,0.0,pending,
49,41,15.0,15.0,0.0,pending,
49,42,10.0,10.0,0.0,pending,
49,43,5.0,5.0,0.0,pending,
49,44,0,15.0,1.0,done,18
49,45,5.0,5.0,0.0,pending,
49,46,0,5.0,1.0,done,31
49,47,15.0,15.0,0.0,pending,
49,48,10.0,10.0,0.0,pending,
50,0,0,10.0,1.0,done,25
50,1,10.0,10.0,0.0,pending,
50,2,0,5.0,1.0,done,21
50,3,10.0,10.0,0.0,pending,
50,4,15.0,15.0,0.0,pending,
50,5,10.0,10.0,0.0,pending,
50,6,10.0,10.0,0.0,pending,
50,7,10.0,10.0,0.0,pending,
50,8,0,10.0,1.0,done,47
50,9,10.0,10.0,0.0,pending,
50,10,15.0,15.0,0.0,pending,
50,11,0.755018043877751,5.0,0.8489963912244498,in_progress,
50,12,0,15.0,1.0,done,17
50,13,5.0,5.0,0.0,pending,
50,14,10.0,10.0,0.0,pending,
50,15,0,5.0,1.0,done,30
50,16,5.0,5.0,0.0,pending,
50,17,0,15.0,1.0,done,43
50,18,10.0,10.0,0.0,pending,
50,19,15.0,15.0,0.0,pending,
50,20,2.175473890326675,15.0,0.854968407311555,in_progress,
50,21,4.00423946688872,15.0,0.7330507022074186,in_progress,
50,22,5.0,5.0,0.0,pending,
50,23,0,10.0,1.0,done,37
50,24,5.0,5.0,0.0,pending,
50,25,15.0,15.0,0.0,pending,
50,26,5.0,5.0,0.0,pending,
50,27,9.082580578855652,15.0,0.3944946280762899,in_progress,
50,28,10.0,10.0,0.0,pending,
50,29,10.0,10.0,0.0,pending,
50,30,15.0,15.0,0.0,pending,
50,31,5.0,5.0,0.0,pending,
50,32,10.0,10.0,0.0,pending,
50,33,10.0,10.0,0.0,pending,
50,34,0,10.0,1.0,done,46
50,35,15.0,15.0,0.0,pending,
50,36,15.0,15.0,0.0,pending,
50,37,5.0,5.0,0.0,pending,
50,38,15.0,15.0,0.0,pending,
50,39,0,10.0,1.0,done,28
50,40,10.0,10.0,0.0,pending,
50,41,15.0,15.0,0.0,pending,
50,42,10.0,10.0,0.0,pending,
50,43,5.0,5.0,0.0,pending,
50,44,0,15.0,1.0,done,18
50,45,5.0,5.0,0.0,pending,
50,46,0,5.0,1.0,done,31
50,47,15.0,15.0,0.0,pending,
50,48,10.0,10.0,0.0,pending,
51,0,0,10.0,1.0,done,25
51,1,10.0,10.0,0.0,pending,
51,2,0,5.0,1.0,done,21
51,3,10.0,10.0,0.0,pending,
51,4,15.0,15.0,0.0,pending,
51,5,10.0,10.0,0.0,pending,
51,6,10.0,10.0,0.0,pending,
51,7,10.0,10.0,0.0,pending,
51,8,0,10.0,1.0,done,47
51,9,10.0,10.0,0.0,pending,
51,10,15.0,15.0,0.0,pending,
51,11,0,5.0,1.0,done,51
51,12,0,15.0,1.0,done,17
51,13,5.0,5.0,0.0,pending,
51,14,10.0,10.0,0.0,pending,
51,15,0,5.0,1.0,done,30
51,16,5.0,5.0,0.0,pending,
51,17,0,15.0,1.0,done,43
51,18,10.0,10.0,0.0,pending,
51,19,15.0,15.0,0.0,pending,
51,20,0.17547389032667482,15.0,0.9883017406448883,in_progress,
51,21,2.00423946688872,15.0,0.866384035540752,in_progress,
51,22,5.0,5.0,0.0,pending,
51,23,0,10.0,1.0,done,37
51,24,5.0,5.0,0.0,pending,
51,25,15.0,15.0,0.0,pending,
51,26,5.0,5.0,0.0,pending,
51,27,8.082580578855652,15.0,0.4611612947429566,in_progress,
51,28,10.0,10.0,0.0,pending,
51,29,10.0,10.0,0.0,pending,
51,30,15.0,15.0,0.0,pending,
51,31,5.0,5.0,0.0,pending,
51,32,10.0,10.0,0.0,pending,
51,33,10.0,10.0,0.0,pending,
51,34,0,10.0,1.0,done,46
51,35,15.0,15.0,0.0,pending,
51,36,15.0,15.0,0.0,pending,
51,37,5.0,5.0,0.0,pending,
51,38,15.0,15.0,0.0,pending,
51,39,0,10.0,1.0,done,28
51,40,10.0,10.0,0.0,pending,
51,41,15.0,15.0,0.0,pending,
51,42,10.0,10.0,0.0,pending,
51,43,5.0,5.0,0.0,pending,
51,44,0,15.0,1.0,done,18
51,45,5.0,5.0,0.0,pending,
51,46,0,5.0,1.0,done,31
51,47,15.0,15.0,0.0,pending,
51,48,10.0,10.0,0.0,pending,
52,0,0,10.0,1.0,done,25
52,1,10.0,10.0,0.0,pending,
52,2,0,5.0,1.0,done,21
52,3,10.0,10.0,0.0,pending,
52,4,15.0,15.0,0.0,pending,
52,5,10.0,10.0,0.0,pending,
52,6,10.0,10.0,0.0,pending,
52,7,10.0,10.0,0.0,pending,
52,8,0,10.0,1.0,done,47
52,9,10.0,10.0,0.0,pending,
52,10,15.0,15.0,0.0,pending,
52,11,0,5.0,1.0,done,51
52,12,0,15.0,1.0,done,17
52,13,5.0,5.0,0.0,pending,
52,14,10.0,10.0,0.0,pending,
52,15,0,5.0,1.0,done,30
52,16,5.0,5.0,0.0,pending,
52,17,0,15.0,1.0,done,43
52,18,10.0,10.0,0.0,pending,
52,19,15.0,15.0,0.0,pending,
52,20,0,15.0,1.0,done,52
52,21,0.0042394668887197895,15.0,0.9997173688740854,in_progress,
52,22,5.0,5.0,0.0,pending,
52,23,0,10.0,1.0,done,37
52,24,5.0,5.0,0.0,pending,
52,25,15.0,15.0,0.0,pending,
52,26,5.0,5.0,0.0,pending,
52,27,7.0825805788556515,15.0,0.5278279614096232,in_progress,
52,28,10.0,10.0,0.0,pending,
52,29,10.0,10.0,0.0,pending,
52,30,15.0,15.0,0.0,pending,
52,31,5.0,5.0,0.0,pending,
52,32,10.0,10.0,0.0,pending,
52,33,10.0,10.0,0.0,pending,
52,34,0,10.0,1.0,done,46
52,35,15.0,15.0,0.0,pending,
52,36,15.0,15.0,0.0,pending,
52,37,5.0,5.0,0.0,pending,
52,38,15.0,15.0,0.0,pending,
52,39,0,10.0,1.0,done,28
52,40,10.0,10.0,0.0,pending,
52,41,15.0,15.0,0.0,pending,
52,42,10.0,10.0,0.0,pending,
52,43,5.0,5.0,0.0,pending,
52,44,0,15.0,1.0,done,18
52,45,5.0,5.0,0.0,pending,
52,46,0,5.0,1.0,done,31
52,47,15.0,15.0,0.0,pending,
52,48,10.0,10.0,0.0,pending,
53,0,0,10.0,1.0,done,25
53,1,10.0,10.0,0.0,pending,
53,2,0,5.0,1.0,done,21
53,3,10.0,10.0,0.0,pending,
53,4,15.0,15.0,0.0,pending,
53,5,10.0,10.0,0.0,pending,
53,6,10.0,10.0,0.0,pending,
53,7,10.0,10.0,0.0,pending,
53,8,0,10.0,1.0,done,47
53,9,10.0,10.0,0.0,pending,
53,10,15.0,15.0,0.0,pending,
53,11,0,5.0,1.0,done,51
53,12,0,15.0,1.0,done,17
53,13,5.0,5.0,0.0,pending,
53,14,10.0,10.0,0.0,pending,
53,15,0,5.0,1.0,done,30
53,16,5.0,5.0,0.0,pending,
53,17,0,15.0,1.0,done,43
53,18,10.0,10.0,0.0,pending,
53,19,15.0,15.0,0.0,pending,
53,20,0,15.0,1.0,done,52
53,21,0,15.0,1.0,done,53
53,22,5.0,5.0,0.0,pending,
53,23,0,10.0,1.0,done,37
53,24,5.0,5.0,0.0,pending,
53,25,15.0,15.0,0.0,pending,
53,26,5.0,5.0,0.0,pending,
53,27,6.0825805788556515,15.0,0.5944946280762899,in_progress,
53,28,10.0,10.0,0.0,pending,
53,29,10.0,10.0,0.0,pending,
53,30,15.0,15.0,0.0,pending,
53,31,5.0,5.0,0.0,pending,
53,32,10.0,10.0,0.0,pending,
53,33,10.0,10.0,0.0,pending,
53,34,0,10.0,1.0,done,46
53,35,15.0,15.0,0.0,pending,
53,36,15.0,15.0,0.0,pending,
53,37,5.0,5.0,0.0,pending,
53,38,15.0,15.0,0.0,pending,
53,39,0,10.0,1.0,done,28
53,40,10.0,10.0,0.0,pending,
53,41,15.0,15.0,0.0,pending,
53,42,10.0,10.0,0.0,pending,
53,43,5.0,5.0,0.0,pending,
53,44,0,15.0,1.0,done,18
53,45,5.0,5.0,0.0,pending,
53,46,0,5.0,1.0,done,31
53,47,15.0,15.0,0.0,pending,
53,48,10.0,10.0,0.0,pending,
54,0,0,10.0,1.0,done,25
54,1,10.0,10.0,0.0,pending,
54,2,0,5.0,1.0,done,21
54,3,10.0,10.0,0.0,pending,
54,4,15.0,15.0,0.0,pending,
54,5,10.0,10.0,0.0,pending,
54,6,10.0,10.0,0.0,pending,
54,7,10.0,10.0,0.0,pending,
54,8,0,10.0,1.0,done,47
54,9,10.0,10.0,0.0,pending,
54,10,15.0,15.0,0.0,pending,
54,11,0,5.0,1.0,done,51
54,12,0,15.0,1.0,done,17
54,13,5.0,5.0,0.0,pending,
54,14,10.0,10.0,0.0,pending,
54,15,0,5.0,1.0,done,30
54,16,5.0,5.0,0.0,pending,
54,17,0,15.0,1.0,done,43
54,18,10.0,10.0,0.0,pending,
54,19,15.0,15.0,0.0,pending,
54,20,0,15.0,1.0,done,52
54,21,0,15.0,1.0,done,53
54,22,5.0,5.0,0.0,pending,
54,23,0,10.0,1.0,done,37
54,24,5.0,5.0,0.0,pending,
54,25,15.0,15.0,0.0,pending,
54,26,5.0,5.0,0.0,pending,
54,27,5.0825805788556515,15.0,0.6611612947429566,in_progress,
54,28,10.0,10.0,0.0,pending,
54,29,10.0,10.0,0.0,pending,
54,30,15.0,15.0,0.0,pending,
54,31,5.0,5.0,0.0,pending,
54,32,10.0,10.0,0.0,pending,
54,33,10.0,10.0,0.0,pending,
54,34,0,10.0,1.0,done,46
54,35,15.0,15.0,0.0,pending,
54,36,15.0,15.0,0.0,pending,
54,37,5.0,5.0,0.0,pending,
54,38,15.0,15.0,0.0,pending,
54,39,0,10.0,1.0,done,28
54,40,10.0,10.0,0.0,pending,
54,41,15.0,15.0,0.0,pending,
54,42,10.0,10.0,0.0,pending,
54,43,5.0,5.0,0.0,pending,
54,44,0,15.0,1.0,done,18
54,45,5.0,5.0,0.0,pending,
54,46,0,5.0,1.0,done,31
54,47,15.0,15.0,0.0,pending,
54,48,10.0,10.0,0.0,pending,
55,0,0,10.0,1.0,done,25
55,1,10.0,10.0,0.0,pending,
55,2,0,5.0,1.0,done,21
55,3,10.0,10.0,0.0,pending,
55,4,15.0,15.0,0.0,pending,
55,5,10.0,10.0,0.0,pending,
55,6,10.0,10.0,0.0,pending,
55,7,10.0,10.0,0.0,pending,
55,8,0,10.0,1.0,done,47
55,9,10.0,10.0,0.0,pending,
55,10,15.0,15.0,0.0,pending,
55,11,0,5.0,1.0,done,51
55,12,0,15.0,1.0,done,17
55,13,5.0,5.0,0.0,pending,
55,14,10.0,10.0,0.0,pending,
55,15,0,5.0,1.0,done,30
55,16,5.0,5.0,0.0,pending,
55,17,0,15.0,1.0,done,43
55,18,10.0,10.0,0.0,pending,
55,19,15.0,15.0,0.0,pending,
55,20,0,15.0,1.0,done,52
55,21,0,15.0,1.0,done,53
55,22,5.0,5.0,0.0,pending,
55,23,0,10.0,1.0,done,37
55,24,5.0,5.0,0.0,pending,
55,25,15.0,15.0,0.0,pending,
55,26,5.0,5.0,0.0,pending,
55,27,4.0825805788556515,15.0,0.7278279614096232,in_progress,
55,28,10.0,10.0,0.0,pending,
55,29,10.0,10.0,0.0,pending,
55,30,15.0,15.0,0.0,pending,
55,31,5.0,5.0,0.0,pending,
55,32,10.0,10.0,0.0,pending,
55,33,10.0,10.0,0.0,pending,
55,34,0,10.0,1.0,done,46
55,35,15.0,15.0,0.0,pending,
55,36,15.0,15.0,0.0,pending,
55,37,5.0,5.0,0.0,pending,
55,38,15.0,15.0,0.0,pending,
55,39,0,10.0,1.0,done,28
55,40,10.0,10.0,0.0,pending,
55,41,15.0,15.0,0.0,pending,
55,42,10.0,10.0,0.0,pending,
55,43,5.0,5.0,0.0,pending,
55,44,0,15.0,1.0,done,18
55,45,5.0,5.0,0.0,pending,
55,46,0,5.0,1.0,done,31
55,47,15.0,15.0,0.0,pending,
55,48,10.0,10.0,0.0,pending,
56,0,0,10.0,1.0,done,25
56,1,10.0,10.0,0.0,pending,
56,2,0,5.0,1.0,done,21
56,3,10.0,10.0,0.0,pending,
56,4,15.0,15.0,0.0,pending,
56,5,10.0,10.0,0.0,pending,
56,6,10.0,10.0,0.0,pending,
56,7,10.0,10.0,0.0,pending,
56,8,0,10.0,1.0,done,47
56,9,10.0,10.0,0.0,pending,
56,10,15.0,15.0,0.0,pending,
56,11,0,5.0,1.0,done,51
56,12,0,15.0,1.0,done,17
56,13,5.0,5.0,0.0,pending,
56,14,10.0,10.0,0.0,pending,
56,15,0,5.0,1.0,done,30
56,16,5.0,5.0,0.0,pending,
56,17,0,15.0,1.0,done,43
56,18,10.0,10.0,0.0,pending,
56,19,15.0,15.0,0.0,pending,
56,20,0,15.0,1.0,done,52
56,21,0,15.0,1.0,done,53
56,22,5.0,5.0,0.0,pending,
56,23,0,10.0,1.0,done,37
56,24,5.0,5.0,0.0,pending,
56,25,15.0,15.0,0.0,pending,
56,26,5.0,5.0,0.0,pending,
56,27,3.0825805788556515,15.0,0.7944946280762899,in_progress,
56,28,10.0,10.0,0.0,pending,
56,29,10.0,10.0,0.0,pending,
56,30,15.0,15.0,0.0,pending,
56,31,5.0,5.0,0.0,pending,
56,32,10.0,10.0,0.0,pending,
56,33,10.0,10.0,0.0,pending,
56,34,0,10.0,1.0,done,46
56,35,15.0,15.0,0.0,pending,
56,36,15.0,15.0,0.0,pending,
56,37,5.0,5.0,0.0,pending,
56,38,15.0,15.0,0.0,pending,
56,39,0,10.0,1.0,done,28
56,40,10.0,10.0,0.0,pending,
56,41,15.0,15.0,0.0,pending,
56,42,10.0,10.0,0.0,pending,
56,43,5.0,5.0,0.0,pending,
56,44,0,15.0,1.0,done,18
56,45,5.0,5.0,0.0,pending,
56,46,0,5.0,1.0,done,31
56,47,15.0,15.0,0.0,pending,
56,48,10.0,10.0,0.0,pending,
57,0,0,10.0,1.0,done,25
57,1,10.0,10.0,0.0,pending,
57,2,0,5.0,1.0,done,21
57,3,10.0,10.0,0.0,pending,
57,4,15.0,15.0,0.0,pending,
57,5,10.0,10.0,0.0,pending,
57,6,10.0,10.0,0.0,pending,
57,7,10.0,10.0,0.0,pending,
57,8,0,10.0,1.0,done,47
57,9,10.0,10.0,0.0,pending,
57,10,15.0,15.0,0.0,pending,
57,11,0,5.0,1.0,done,51
57,12,0,15.0,1.0,done,17
57,13,5.0,5.0,0.0,pending,
57,14,10.0,10.0,0.0,pending,
57,15,0,5.0,1.0,done,30
57,16,5.0,5.0,0.0,pending,
57,17,0,15.0,1.0,done,43
57,18,10.0,10.0,0.0,pending,
57,19,15.0,15.0,0.0,pending,
57,20,0,15.0,1.0,done,52
57,21,0,15.0,1.0,done,53
57,22,5.0,5.0,0.0,pending,
57,23,0,10.0,1.0,done,37
57,24,5.0,5.0,0.0,pending,
57,25,15.0,15.0,0.0,pending,
57,26,5.0,5.0,0.0,pending,
57,27,2.0825805788556515,15.0,0.8611612947429566,in_progress,
57,28,10.0,10.0,0.0,pending,
57,29,10.0,10.0,0.0,pending,
57,30,15.0,15.0,0.0,pending,
57,31,5.0,5.0,0.0,pending,
57,32,10.0,10.0,0.0,pending,
57,33,10.0,10.0,0.0,pending,
57,34,0,10.0,1.0,done,46
57,35,15.0,15.0,0.0,pending,
57,36,15.0,15.0,0.0,pending,
57,37,5.0,5.0,0.0,pending,
57,38,15.0,15.0,0.0,pending,
57,39,0,10.0,1.0,done,28
57,40,10.0,10.0,0.0,pending,
57,41,15.0,15.0,0.0,pending,
57,42,10.0,10.0,0.0,pending,
57,43,5.0,5.0,0.0,pending,
57,44,0,15.0,1.0,done,18
57,45,5.0,5.0,0.0,pending,
57,46,0,5.0,1.0,done,31
57,47,15.0,15.0,0.0,pending,
57,48,10.0,10.0,0.0,pending,
58,0,0,10.0,1.0,done,25
58,1,10.0,10.0,0.0,pending,
58,2,0,5.0,1.0,done,21
58,3,10.0,10.0,0.0,pending,
58,4,15.0,15.0,0.0,pending,
58,5,10.0,10.0,0.0,pending,
58,6,10.0,10.0,0.0,pending,
58,7,10.0,10.0,0.0,pending,
58,8,0,10.0,1.0,done,47
58,9,10.0,10.0,0.0,pending,
58,10,15.0,15.0,0.0,pending,
58,11,0,5.0,1.0,done,51
58,12,0,15.0,1.0,done,17
58,13,5.0,5.0,0.0,pending,
58,14,10.0,10.0,0.0,pending,
58,15,0,5.0,1.0,done,30
58,16,5.0,5.0,0.0,pending,
58,17,0,15.0,1.0,done,43
58,18,10.0,10.0,0.0,pending,
58,19,15.0,15.0,0.0,pending,
58,20,0,15.0,1.0,done,52
58,21,0,15.0,1.0,done,53
58,22,5.0,5.0,0.0,pending,
58,23,0,10.0,1.0,done,37
58,24,5.0,5.0,0.0,pending,
58,25,15.0,15.0,0.0,pending,
58,26,5.0,5.0,0.0,pending,
58,27,1.0825805788556515,15.0,0.9278279614096232,in_progress,
58,28,10.0,10.0,0.0,pending,
58,29,10.0,10.0,0.0,pending,
58,30,15.0,15.0,0.0,pending,
58,31,5.0,5.0,0.0,pending,
58,32,10.0,10.0,0.0,pending,
58,33,10.0,10.0,0.0,pending,
58,34,0,10.0,1.0,done,46
58,35,15.0,15.0,0.0,pending,
58,36,15.0,15.0,0.0,pending,
58,37,5.0,5.0,0.0,pending,
58,38,15.0,15.0,0.0,pending,
58,39,0,10.0,1.0,done,28
58,40,10.0,10.0,0.0,pending,
58,41,15.0,15.0,0.0,pending,
58,42,10.0,10.0,0.0,pending,
58,43,5.0,5.0,0.0,pending,
58,44,0,15.0,1.0,done,18
58,45,5.0,5.0,0.0,pending,
58,46,0,5.0,1.0,done,31
58,47,15.0,15.0,0.0,pending,
58,48,10.0,10.0,0.0,pending,
59,0,0,10.0,1.0,done,25
59,1,10.0,10.0,0.0,pending,
59,2,0,5.0,1.0,done,21
59,3,10.0,10.0,0.0,pending,
59,4,15.0,15.0,0.0,pending,
59,5,10.0,10.0,0.0,pending,
59,6,10.0,10.0,0.0,pending,
59,7,10.0,10.0,0.0,pending,
59,8,0,10.0,1.0,done,47
59,9,10.0,10.0,0.0,pending,
59,10,15.0,15.0,0.0,pending,
59,11,0,5.0,1.0,done,51
59,12,0,15.0,1.0,done,17
59,13,5.0,5.0,0.0,pending,
59,14,10.0,10.0,0.0,pending,
59,15,0,5.0,1.0,done,30
59,16,5.0,5.0,0.0,pending,
59,17,0,15.0,1.0,done,43
59,18,10.0,10.0,0.0,pending,
59,19,15.0,15.0,0.0,pending,
59,20,0,15.0,1.0,done,52
59,21,0,15.0,1.0,done,53
59,22,5.0,5.0,0.0,pending,
59,23,0,10.0,1.0,done,37
59,24,5.0,5.0,0.0,pending,
59,25,15.0,15.0,0.0,pending,
59,26,5.0,5.0,0.0,pending,
59,27,0.08258057885565151,15.0,0.9944946280762899,in_progress,
59,28,10.0,10.0,0.0,pending,
59,29,10.0,10.0,0.0,pending,
59,30,15.0,15.0,0.0,pending,
59,31,5.0,5.0,0.0,pending,
59,32,10.0,10.0,0.0,pending,
59,33,10.0,10.0,0.0,pending,
59,34,0,10.0,1.0,done,46
59,35,15.0,15.0,0.0,pending,
59,36,15.0,15.0,0.0,pending,
59,37,5.0,5.0,0.0,pending,
59,38,15.0,15.0,0.0,pending,
59,39,0,10.0,1.0,done,28
59,40,10.0,10.0,0.0,pending,
59,41,15.0,15.0,0.0,pending,
59,42,10.0,10.0,0.0,pending,
59,43,5.0,5.0,0.0,pending,
59,44,0,15.0,1.0,done,18
59,45,5.0,5.0,0.0,pending,
59,46,0,5.0,1.0,done,31
59,47,15.0,15.0,0.0,pending,
59,48,10.0,10.0,0.0,pending,
60,0,0,10.0,1.0,done,25
60,1,10.0,10.0,0.0,pending,
60,2,0,5.0,1.0,done,21
60,3,9.757114499755543,10.0,0.024288550024445677,in_progress,
60,4,15.0,15.0,0.0,pending,
60,5,10.0,10.0,0.0,pending,
60,6,10.0,10.0,0.0,pending,
60,7,10.0,10.0,0.0,pending,
60,8,0,10.0,1.0,done,47
60,9,10.0,10.0,0.0,pending,
60,10,15.0,15.0,0.0,pending,
60,11,0,5.0,1.0,done,51
60,12,0,15.0,1.0,done,17
60,13,5.0,5.0,0.0,pending,
60,14,10.0,10.0,0.0,pending,
60,15,0,5.0,1.0,done,30
60,16,5.0,5.0,0.0,pending,
60,17,0,15.0,1.0,done,43
60,18,10.0,10.0,0.0,pending,
60,19,15.0,15.0,0.0,pending,
60,20,0,15.0,1.0,done,52
60,21,0,15.0,1.0,done,53
60,22,5.0,5.0,0.0,pending,
60,23,0,10.0,1.0,done,37
60,24,5.0,5.0,0.0,pending,
60,25,15.0,15.0,0.0,pending,
60,26,5.0,5.0,0.0,pending,
60,27,0,15.0,1.0,done,60
60,28,10.0,10.0,0.0,pending,
60,29,10.0,10.0,0.0,pending,
60,30,15.0,15.0,0.0,pending,
60,31,5.0,5.0,0.0,pending,
60,32,10.0,10.0,0.0,pending,
60,33,10.0,10.0,0.0,pending,
60,34,0,10.0,1.0,done,46
60,35,15.0,15.0,0.0,pending,
60,36,15.0,15.0,0.0,pending,
60,37,5.0,5.0,0.0,pending,
60,38,15.0,15.0,0.0,pending,
60,39,0,10.0,1.0,done,28
60,40,10.0,10.0,0.0,pending,
60,41,15.0,15.0,0.0,pending,
60,42,10.0,10.0,0.0,pending,
60,43,5.0,5.0,0.0,pending,
60,44,0,15.0,1.0,done,18
60,45,5.0,5.0,0.0,pending,
60,46,0,5.0,1.0,done,31
60,47,15.0,15.0,0.0,pending,
60,48,10.0,10.0,0.0,pending,
61,0,0,10.0,1.0,done,25
61,1,10.0,10.0,0.0,pending,
61,2,0,5.0,1.0,done,21
61,3,7.757114499755543,10.0,0.22428855002444567,in_progress,
61,4,15.0,15.0,0.0,pending,
61,5,10.0,10.0,0.0,pending,
61,6,10.0,10.0,0.0,pending,
61,7,10.0,10.0,0.0,pending,
61,8,0,10.0,1.0,done,47
61,9,10.0,10.0,0.0,pending,
61,10,15.0,15.0,0.0,pending,
61,11,0,5.0,1.0,done,51
61,12,0,15.0,1.0,done,17
61,13,5.0,5.0,0.0,pending,
61,14,10.0,10.0,0.0,pending,
61,15,0,5.0,1.0,done,30
61,16,5.0,5.0,0.0,pending,
61,17,0,15.0,1.0,done,43
61,18,10.0,10.0,0.0,pending,
61,19,15.0,15.0,0.0,pending,
61,20,0,15.0,1.0,done,52
61,21,0,15.0,1.0,done,53
61,22,5.0,5.0,0.0,pending,
61,23,0,10.0,1.0,done,37
61,24,5.0,5.0,0.0,pending,
61,25,15.0,15.0,0.0,pending,
61,26,5.0,5.0,0.0,pending,
61,27,0,15.0,1.0,done,60
61,28,10.0,10.0,0.0,pending,
61,29,10.0,10.0,0.0,pending,
61,30,15.0,15.0,0.0,pending,
61,31,5.0,5.0,0.0,pending,
61,32,10.0,10.0,0.0,pending,
61,33,10.0,10.0,0.0,pending,
61,34,0,10.0,1.0,done,46
61,35,15.0,15.0,0.0,pending,
61,36,15.0,15.0,0.0,pending,
61,37,5.0,5.0,0.0,pending,
61,38,15.0,15.0,0.0,pending,
61,39,0,10.0,1.0,done,28
61,40,10.0,10.0,0.0,pending,
61,41,15.0,15.0,0.0,pending,
61,42,10.0,10.0,0.0,pending,
61,43,5.0,5.0,0.0,pending,
61,44,0,15.0,1.0,done,18
61,45,5.0,5.0,0.0,pending,
61,46,0,5.0,1.0,done,31
61,47,15.0,15.0,0.0,pending,
61,48,10.0,10.0,0.0,pending,
62,0,0,10.0,1.0,done,25
62,1,10.0,10.0,0.0,pending,
62,2,0,5.0,1.0,done,21
62,3,5.757114499755543,10.0,0.42428855002444565,in_progress,
62,4,15.0,15.0,0.0,pending,
62,5,10.0,10.0,0.0,pending,
62,6,10.0,10.0,0.0,pending,
62,7,10.0,10.0,0.0,pending,
62,8,0,10.0,1.0,done,47
62,9,10.0,10.0,0.0,pending,
62,10,15.0,15.0,0.0,pending,
62,11,0,5.0,1.0,done,51
62,12,0,15.0,1.0,done,17
62,13,5.0,5.0,0.0,pending,
62,14,10.0,10.0,0.0,pending,
62,15,0,5.0,1.0,done,30
62,16,5.0,5.0,0.0,pending,
62,17,0,15.0,1.0,done,43
62,18,10.0,10.0,0.0,pending,
62,19,15.0,15.0,0.0,pending,
62,20,0,15.0,1.0,done,52
62,21,0,15.0,1.0,done,53
62,22,5.0,5.0,0.0,pending,
62,23,0,10.0,1.0,done,37
62,24,5.0,5.0,0.0,pending,
62,25,15.0,15.0,0.0,pending,
62,26,5.0,5.0,0.0,pending,
62,27,0,15.0,1.0,done,60
62,28,10.0,10.0,0.0,pending,
62,29,10.0,10.0,0.0,pending,
62,30,15.0,15.0,0.0,pending,
62,31,5.0,5.0,0.0,pending,
62,32,10.0,10.0,0.0,pending,
62,33,10.0,10.0,0.0,pending,
62,34,0,10.0,1.0,done,46
62,35,15.0,15.0,0.0,pending,
62,36,15.0,15.0,0.0,pending,
62,37,5.0,5.0,0.0,pending,
62,38,15.0,15.0,0.0,pending,
62,39,0,10.0,1.0,done,28
62,40,10.0,10.0,0.0,pending,
62,41,15.0,15.0,0.0,pending,
62,42,10.0,10.0,0.0,pending,
62,43,5.0,5.0,0.0,pending,
62,44,0,15.0,1.0,done,18
62,45,5.0,5.0,0.0,pending,
62,46,0,5.0,1.0,done,31
62,47,15.0,15.0,0.0,pending,
62,48,10.0,10.0,0.0,pending,
63,0,0,10.0,1.0,done,25
63,1,10.0,10.0,0.0,pending,
63,2,0,5.0,1.0,done,21
63,3,3.7571144997555432,10.0,0.6242885500244457,in_progress,
63,4,15.0,15.0,0.0,pending,
63,5,10.0,10.0,0.0,pending,
63,6,10.0,10.0,0.0,pending,
63,7,10.0,10.0,0.0,pending,
63,8,0,10.0,1.0,done,47
63,9,10.0,10.0,0.0,pending,
63,10,15.0,15.0,0.0,pending,
63,11,0,5.0,1.0,done,51
63,12,0,15.0,1.0,done,17
63,13,5.0,5.0,0.0,pending,
63,14,10.0,10.0,0.0,pending,
63,15,0,5.0,1.0,done,30
63,16,5.0,5.0,0.0,pending,
63,17,0,15.0,1.0,done,43
63,18,10.0,10.0,0.0,pending,
63,19,15.0,15.0,0.0,pending,
63,20,0,15.0,1.0,done,52
63,21,0,15.0,1.0,done,53
63,22,5.0,5.0,0.0,pending,
63,23,0,10.0,1.0,done,37
63,24,5.0,5.0,0.0,pending,
63,25,15.0,15.0,0.0,pending,
63,26,5.0,5.0,0.0,pending,
63,27,0,15.0,1.0,done,60
63,28,10.0,10.0,0.0,pending,
63,29,10.0,10.0,0.0,pending,
63,30,15.0,15.0,0.0,pending,
63,31,5.0,5.0,0.0,pending,
63,32,10.0,10.0,0.0,pending,
63,33,10.0,10.0,0.0,pending,
63,34,0,10.0,1.0,done,46
63,35,15.0,15.0,0.0,pending,
63,36,15.0,15.0,0.0,pending,
63,37,5.0,5.0,0.0,pending,
63,38,15.0,15.0,0.0,pending,
63,39,0,10.0,1.0,done,28
63,40,10.0,10.0,0.0,pending,
63,41,15.0,15.0,0.0,pending,
63,42,10.0,10.0,0.0,pending,
63,43,5.0,5.0,0.0,pending,
63,44,0,15.0,1.0,done,18
63,45,5.0,5.0,0.0,pending,
63,46,0,5.0,1.0,done,31
63,47,14.522904030996546,15.0,0.03180639793356358,in_progress,
63,48,10.0,10.0,0.0,pending,
64,0,0,10.0,1.0,done,25
64,1,10.0,10.0,0.0,pending,
64,2,0,5.0,1.0,done,21
64,3,1.7571144997555432,10.0,0.8242885500244457,in_progress,
64,4,15.0,15.0,0.0,pending,
64,5,10.0,10.0,0.0,pending,
64,6,10.0,10.0,0.0,pending,
64,7,10.0,10.0,0.0,pending,
64,8,0,10.0,1.0,done,47
64,9,10.0,10.0,0.0,pending,
64,10,15.0,15.0,0.0,pending,
64,11,0,5.0,1.0,done,51
64,12,0,15.0,1.0,done,17
64,13,5.0,5.0,0.0,pending,
64,14,10.0,10.0,0.0,pending,
64,15,0,5.0,1.0,done,30
64,16,5.0,5.0,0.0,pending,
64,17,0,15.0,1.0,done,43
64,18,10.0,10.0,0.0,pending,
64,19,15.0,15.0,0.0,pending,
64,20,0,15.0,1.0,done,52
64,21,0,15.0,1.0,done,53
64,22,5.0,5.0,0.0,pending,
64,23,0,10.0,1.0,done,37
64,24,5.0,5.0,0.0,pending,
64,25,15.0,15.0,0.0,pending,
64,26,5.0,5.0,0.0,pending,
64,27,0,15.0,1.0,done,60
64,28,10.0,10.0,0.0,pending,
64,29,10.0,10.0,0.0,pending,
64,30,15.0,15.0,0.0,pending,
64,31,5.0,5.0,0.0,pending,
64,32,10.0,10.0,0.0,pending,
64,33,10.0,10.0,0.0,pending,
64,34,0,10.0,1.0,done,46
64,35,15.0,15.0,0.0,pending,
64,36,15.0,15.0,0.0,pending,
64,37,3.4270892846017955,5.0,0.3145821430796409,in_progress,
64,38,15.0,15.0,0.0,pending,
64,39,0,10.0,1.0,done,28
64,40,10.0,10.0,0.0,pending,
64,41,15.0,15.0,0.0,pending,
64,42,10.0,10.0,0.0,pending,
64,43,5.0,5.0,0.0,pending,
64,44,0,15.0,1.0,done,18
64,45,5.0,5.0,0.0,pending,
64,46,0,5.0,1.0,done,31
64,47,12.022904030996546,15.0,0.19847306460023026,in_progress,
64,48,10.0,10.0,0.0,pending,
65,0,0,10.0,1.0,done,25
65,1,10.0,10.0,0.0,pending,
65,2,0,5.0,1.0,done,21
65,3,0,10.0,1.0,done,65
65,4,15.0,15.0,0.0,pending,
65,5,10.0,10.0,0.0,pending,
65,6,10.0,10.0,0.0,pending,
65,7,10.0,10.0,0.0,pending,
65,8,0,10.0,1.0,done,47
65,9,10.0,10.0,0.0,pending,
65,10,15.0,15.0,0.0,pending,
65,11,0,5.0,1.0,done,51
65,12,0,15.0,1.0,done,17
65,13,5.0,5.0,0.0,pending,
65,14,10.0,10.0,0.0,pending,
65,15,0,5.0,1.0,done,30
65,16,5.0,5.0,0.0,pending,
65,17,0,15.0,1.0,done,43
65,18,10.0,10.0,0.0,pending,
65,19,15.0,15.0,0.0,pending,
65,20,0,15.0,1.0,done,52
65,21,0,15.0,1.0,done,53
65,22,5.0,5.0,0.0,pending,
65,23,0,10.0,1.0,done,37
65,24,5.0,5.0,0.0,pending,
65,25,15.0,15.0,0.0,pending,
65,26,5.0,5.0,0.0,pending,
65,27,0,15.0,1.0,done,60
65,28,10.0,10.0,0.0,pending,
65,29,10.0,10.0,0.0,pending,
65,30,15.0,15.0,0.0,pending,
65,31,5.0,5.0,0.0,pending,
65,32,10.0,10.0,0.0,pending,
65,33,10.0,10.0,0.0,pending,
65,34,0,10.0,1.0,done,46
65,35,15.0,15.0,0.0,pending,
65,36,15.0,15.0,0.0,pending,
65,37,1.4270892846017955,5.0,0.7145821430796409,in_progress,
65,38,15.0,15.0,0.0,pending,
65,39,0,10.0,1.0,done,28
65,40,10.0,10.0,0.0,pending,
65,41,15.0,15.0,0.0,pending,
65,42,10.0,10.0,0.0,pending,
65,43,5.0,5.0,0.0,pending,
65,44,0,15.0,1.0,done,18
65,45,5.0,5.0,0.0,pending,
65,46,0,5.0,1.0,done,31
65,47,9.522904030996546,15.0,0.3651397312668969,in_progress,
65,48,10.0,10.0,0.0,pending,
66,0,0,10.0,1.0,done,25
66,1,10.0,10.0,0.0,pending,
66,2,0,5.0,1.0,done,21
66,3,0,10.0,1.0,done,65
66,4,15.0,15.0,0.0,pending,
66,5,10.0,10.0,0.0,pending,
66,6,10.0,10.0,0.0,pending,
66,7,10.0,10.0,0.0,pending,
66,8,0,10.0,1.0,done,47
66,9,10.0,10.0,0.0,pending,
66,10,15.0,15.0,0.0,pending,
66,11,0,5.0,1.0,done,51
66,12,0,15.0,1.0,done,17
66,13,5.0,5.0,0.0,pending,
66,14,10.0,10.0,0.0,pending,
66,15,0,5.0,1.0,done,30
66,16,5.0,5.0,0.0,pending,
66,17,0,15.0,1.0,done,43
66,18,10.0,10.0,0.0,pending,
66,19,15.0,15.0,0.0,pending,
66,20,0,15.0,1.0,done,52
66,21,0,15.0,1.0,done,53
66,22,5.0,5.0,0.0,pending,
66,23,0,10.0,1.0,done,37
66,24,5.0,5.0,0.0,pending,
66,25,15.0,15.0,0.0,pending,
66,26,5.0,5.0,0.0,pending,
66,27,0,15.0,1.0,done,60
66,28,10.0,10.0,0.0,pending,
66,29,10.0,10.0,0.0,pending,
66,30,15.0,15.0,0.0,pending,
66,31,5.0,5.0,0.0,pending,
66,32,10.0,10.0,0.0,pending,
66,33,10.0,10.0,0.0,pending,
66,34,0,10.0,1.0,done,46
66,35,15.0,15.0,0.0,pending,
66,36,15.0,15.0,0.0,pending,
66,37,0,5.0,1.0,done,66
66,38,15.0,15.0,0.0,pending,
66,39,0,10.0,1.0,done,28
66,40,10.0,10.0,0.0,pending,
66,41,15.0,15.0,0.0,pending,
66,42,10.0,10.0,0.0,pending,
66,43,5.0,5.0,0.0,pending,
66,44,0,15.0,1.0,done,18
66,45,5.0,5.0,0.0,pending,
66,46,0,5.0,1.0,done,31
66,47,7.022904030996546,15.0,0.5318063979335635,in_progress,
66,48,10.0,10.0,0.0,pending,
67,0,0,10.0,1.0,done,25
67,1,10.0,10.0,0.0,pending,
67,2,0,5.0,1.0,done,21
67,3,0,10.0,1.0,done,65
67,4,15.0,15.0,0.0,pending,
67,5,10.0,10.0,0.0,pending,
67,6,10.0,10.0,0.0,pending,
67,7,10.0,10.0,0.0,pending,
67,8,0,10.0,1.0,done,47
67,9,10.0,10.0,0.0,pending,
67,10,15.0,15.0,0.0,pending,
67,11,0,5.0,1.0,done,51
67,12,0,15.0,1.0,done,17
67,13,5.0,5.0,0.0,pending,
67,14,10.0,10.0,0.0,pending,
67,15,0,5.0,1.0,done,30
67,16,5.0,5.0,0.0,pending,
67,17,0,15.0,1.0,done,43
67,18,10.0,10.0,0.0,pending,
67,19,15.0,15.0,0.0,pending,
67,20,0,15.0,1.0,done,52
67,21,0,15.0,1.0,done,53
67,22,5.0,5.0,0.0,pending,
67,23,0,10.0,1.0,done,37
67,24,5.0,5.0,0.0,pending,
67,25,15.0,15.0,0.0,pending,
67,26,5.0,5.0,0.0,pending,
67,27,0,15.0,1.0,done,60
67,28,10.0,10.0,0.0,pending,
67,29,10.0,10.0,0.0,pending,
67,30,15.0,15.0,0.0,pending,
67,31,5.0,5.0,0.0,pending,
67,32,10.0,10.0,0.0,pending,
67,33,10.0,10.0,0.0,pending,
67,34,0,10.0,1.0,done,46
67,35,15.0,15.0,0.0,pending,
67,36,15.0,15.0,0.0,pending,
67,37,0,5.0,1.0,done,66
67,38,15.0,15.0,0.0,pending,
67,39,0,10.0,1.0,done,28
67,40,10.0,10.0,0.0,pending,
67,41,15.0,15.0,0.0,pending,
67,42,10.0,10.0,0.0,pending,
67,43,5.0,5.0,0.0,pending,
67,44,0,15.0,1.0,done,18
67,45,5.0,5.0,0.0,pending,
67,46,0,5.0,1.0,done,31
67,47,4.522904030996546,15.0,0.6984730646002303,in_progress,
67,48,10.0,10.0,0.0,pending,
68,0,0,10.0,1.0,done,25
68,1,10.0,10.0,0.0,pending,
68,2,0,5.0,1.0,done,21
68,3,0,10.0,1.0,done,65
68,4,15.0,15.0,0.0,pending,
68,5,10.0,10.0,0.0,pending,
68,6,10.0,10.0,0.0,pending,
68,7,10.0,10.0,0.0,pending,
68,8,0,10.0,1.0,done,47
68,9,10.0,10.0,0.0,pending,
68,10,15.0,15.0,0.0,pending,
68,11,0,5.0,1.0,done,51
68,12,0,15.0,1.0,done,17
68,13,5.0,5.0,0.0,pending,
68,14,10.0,10.0,0.0,pending,
68,15,0,5.0,1.0,done,30
68,16,5.0,5.0,0.0,pending,
68,17,0,15.0,1.0,done,43
68,18,10.0,10.0,0.0,pending,
68,19,15.0,15.0,0.0,pending,
68,20,0,15.0,1.0,done,52
68,21,0,15.0,1.0,done,53
68,22,5.0,5.0,0.0,pending,
68,23,0,10.0,1.0,done,37
68,24,5.0,5.0,0.0,pending,
68,25,15.0,15.0,0.0,pending,
68,26,5.0,5.0,0.0,pending,
68,27,0,15.0,1.0,done,60
68,28,10.0,10.0,0.0,pending,
68,29,10.0,10.0,0.0,pending,
68,30,15.0,15.0,0.0,pending,
68,31,5.0,5.0,0.0,pending,
68,32,10.0,10.0,0.0,pending,
68,33,10.0,10.0,0.0,pending,
68,34,0,10.0,1.0,done,46
68,35,15.0,15.0,0.0,pending,
68,36,15.0,15.0,0.0,pending,
68,37,0,5.0,1.0,done,66
68,38,15.0,15.0,0.0,pending,
68,39,0,10.0,1.0,done,28
68,40,10.0,10.0,0.0,pending,
68,41,15.0,15.0,0.0,pending,
68,42,10.0,10.0,0.0,pending,
68,43,5.0,5.0,0.0,pending,
68,44,0,15.0,1.0,done,18
68,45,5.0,5.0,0.0,pending,
68,46,0,5.0,1.0,done,31
68,47,2.0229040309965463,15.0,0.8651397312668969,in_progress,
68,48,10.0,10.0,0.0,pending,
69,0,0,10.0,1.0,done,25
69,1,10.0,10.0,0.0,pending,
69,2,0,5.0,1.0,done,21
69,3,0,10.0,1.0,done,65
69,4,15.0,15.0,0.0,pending,
69,5,10.0,10.0,0.0,pending,
69,6,10.0,10.0,0.0,pending,
69,7,10.0,10.0,0.0,pending,
69,8,0,10.0,1.0,done,47
69,9,10.0,10.0,0.0,pending,
69,10,15.0,15.0,0.0,pending,
69,11,0,5.0,1.0,done,51
69,12,0,15.0,1.0,done,17
69,13,5.0,5.0,0.0,pending,
69,14,10.0,10.0,0.0,pending,
69,15,0,5.0,1.0,done,30
69,16,5.0,5.0,0.0,pending,
69,17,0,15.0,1.0,done,43
69,18,10.0,10.0,0.0,pending,
69,19,15.0,15.0,0.0,pending,
69,20,0,15.0,1.0,done,52
69,21,0,15.0,1.0,done,53
69,22,5.0,5.0,0.0,pending,
69,23,0,10.0,1.0,done,37
69,24,5.0,5.0,0.0,pending,
69,25,15.0,15.0,0.0,pending,
69,26,5.0,5.0,0.0,pending,
69,27,0,15.0,1.0,done,60
69,28,10.0,10.0,0.0,pending,
69,29,10.0,10.0,0.0,pending,
69,30,15.0,15.0,0.0,pending,
69,31,5.0,5.0,0.0,pending,
69,32,10.0,10.0,0.0,pending,
69,33,10.0,10.0,0.0,pending,
69,34,0,10.0,1.0,done,46
69,35,15.0,15.0,0.0,pending,
69,36,15.0,15.0,0.0,pending,
69,37,0,5.0,1.0,done,66
69,38,15.0,15.0,0.0,pending,
69,39,0,10.0,1.0,done,28
69,40,10.0,10.0,0.0,pending,
69,41,15.0,15.0,0.0,pending,
69,42,10.0,10.0,0.0,pending,
69,43,5.0,5.0,0.0,pending,
69,44,0,15.0,1.0,done,18
69,45,5.0,5.0,0.0,pending,
69,46,0,5.0,1.0,done,31
69,47,0,15.0,1.0,done,69
69,48,10.0,10.0,0.0,pending,
70,0,0,10.0,1.0,done,25
70,1,10.0,10.0,0.0,pending,
70,2,0,5.0,1.0,done,21
70,3,0,10.0,1.0,done,65
70,4,15.0,15.0,0.0,pending,
70,5,10.0,10.0,0.0,pending,
70,6,10.0,10.0,0.0,pending,
70,7,10.0,10.0,0.0,pending,
70,8,0,10.0,1.0,done,47
70,9,10.0,10.0,0.0,pending,
70,10,15.0,15.0,0.0,pending,
70,11,0,5.0,1.0,done,51
70,12,0,15.0,1.0,done,17
70,13,5.0,5.0,0.0,pending,
70,14,10.0,10.0,0.0,pending,
70,15,0,5.0,1.0,done,30
70,16,5.0,5.0,0.0,pending,
70,17,0,15.0,1.0,done,43
70,18,10.0,10.0,0.0,pending,
70,19,15.0,15.0,0.0,pending,
70,20,0,15.0,1.0,done,52
70,21,0,15.0,1.0,done,53
70,22,5.0,5.0,0.0,pending,
70,23,0,10.0,1.0,done,37
70,24,5.0,5.0,0.0,pending,
70,25,15.0,15.0,0.0,pending,
70,26,5.0,5.0,0.0,pending,
70,27,0,15.0,1.0,done,60
70,28,10.0,10.0,0.0,pending,
70,29,10.0,10.0,0.0,pending,
70,30,15.0,15.0,0.0,pending,
70,31,5.0,5.0,0.0,pending,
70,32,10.0,10.0,0.0,pending,
70,33,10.0,10.0,0.0,pending,
70,34,0,10.0,1.0,done,46
70,35,15.0,15.0,0.0,pending,
70,36,15.0,15.0,0.0,pending,
70,37,0,5.0,1.0,done,66
70,38,15.0,15.0,0.0,pending,
70,39,0,10.0,1.0,done,28
70,40,10.0,10.0,0.0,pending,
70,41,15.0,15.0,0.0,pending,
70,42,10.0,10.0,0.0,pending,
70,43,5.0,5.0,0.0,pending,
70,44,0,15.0,1.0,done,18
70,45,5.0,5.0,0.0,pending,
70,46,0,5.0,1.0,done,31
70,47,0,15.0,1.0,done,69
70,48,10.0,10.0,0.0,pending,
71,0,0,10.0,1.0,done,25
71,1,10.0,10.0,0.0,pending,
71,2,0,5.0,1.0,done,21
71,3,0,10.0,1.0,done,65
71,4,15.0,15.0,0.0,pending,
71,5,10.0,10.0,0.0,pending,
71,6,10.0,10.0,0.0,pending,
71,7,10.0,10.0,0.0,pending,
71,8,0,10.0,1.0,done,47
71,9,10.0,10.0,0.0,pending,
71,10,15.0,15.0,0.0,pending,
71,11,0,5.0,1.0,done,51
71,12,0,15.0,1.0,done,17
71,13,5.0,5.0,0.0,pending,
71,14,10.0,10.0,0.0,pending,
71,15,0,5.0,1.0,done,30
71,16,5.0,5.0,0.0,pending,
71,17,0,15.0,1.0,done,43
71,18,10.0,10.0,0.0,pending,
71,19,15.0,15.0,0.0,pending,
71,20,0,15.0,1.0,done,52
71,21,0,15.0,1.0,done,53
71,22,5.0,5.0,0.0,pending,
71,23,0,10.0,1.0,done,37
71,24,5.0,5.0,0.0,pending,
71,25,15.0,15.0,0.0,pending,
71,26,5.0,5.0,0.0,pending,
71,27,0,15.0,1.0,done,60
71,28,10.0,10.0,0.0,pending,
71,29,10.0,10.0,0.0,pending,
71,30,15.0,15.0,0.0,pending,
71,31,5.0,5.0,0.0,pending,
71,32,10.0,10.0,0.0,pending,
71,33,10.0,10.0,0.0,pending,
71,34,0,10.0,1.0,done,46
71,35,15.0,15.0,0.0,pending,
71,36,15.0,15.0,0.0,pending,
71,37,0,5.0,1.0,done,66
71,38,15.0,15.0,0.0,pending,
71,39,0,10.0,1.0,done,28
71,40,10.0,10.0,0.0,pending,
71,41,15.0,15.0,0.0,pending,
71,42,10.0,10.0,0.0,pending,
71,43,5.0,5.0,0.0,pending,
71,44,0,15.0,1.0,done,18
71,45,5.0,5.0,0.0,pending,
71,46,0,5.0,1.0,done,31
71,47,0,15.0,1.0,done,69
71,48,10.0,10.0,0.0,pending,
72,0,0,10.0,1.0,done,25
72,1,10.0,10.0,0.0,pending,
72,2,0,5.0,1.0,done,21
72,3,0,10.0,1.0,done,65
72,4,15.0,15.0,0.0,pending,
72,5,10.0,10.0,0.0,pending,
72,6,10.0,10.0,0.0,pending,
72,7,10.0,10.0,0.0,pending,
72,8,0,10.0,1.0,done,47
72,9,10.0,10.0,0.0,pending,
72,10,15.0,15.0,0.0,pending,
72,11,0,5.0,1.0,done,51
72,12,0,15.0,1.0,done,17
72,13,5.0,5.0,0.0,pending,
72,14,10.0,10.0,0.0,pending,
72,15,0,5.0,1.0,done,30
72,16,5.0,5.0,0.0,pending,
72,17,0,15.0,1.0,done,43
72,18,10.0,10.0,0.0,pending,
72,19,15.0,15.0,0.0,pending,
72,20,0,15.0,1.0,done,52
72,21,0,15.0,1.0,done,53
72,22,5.0,5.0,0.0,pending,
72,23,0,10.0,1.0,done,37
72,24,5.0,5.0,0.0,pending,
72,25,15.0,15.0,0.0,pending,
72,26,5.0,5.0,0.0,pending,
72,27,0,15.0,1.0,done,60
72,28,10.0,10.0,0.0,pending,
72,29,10.0,10.0,0.0,pending,
72,30,15.0,15.0,0.0,pending,
72,31,5.0,5.0,0.0,pending,
72,32,10.0,10.0,0.0,pending,
72,33,10.0,10.0,0.0,pending,
72,34,0,10.0,1.0,done,46
72,35,15.0,15.0,0.0,pending,
72,36,15.0,15.0,0.0,pending,
72,37,0,5.0,1.0,done,66
72,38,15.0,15.0,0.0,pending,
72,39,0,10.0,1.0,done,28
72,40,10.0,10.0,0.0,pending,
72,41,15.0,15.0,0.0,pending,
72,42,10.0,10.0,0.0,pending,
72,43,5.0,5.0,0.0,pending,
72,44,0,15.0,1.0,done,18
72,45,5.0,5.0,0.0,pending,
72,46,0,5.0,1.0,done,31
72,47,0,15.0,1.0,done,69
72,48,10.0,10.0,0.0,pending,
73,0,0,10.0,1.0,done,25
73,1,10.0,10.0,0.0,pending,
73,2,0,5.0,1.0,done,21
73,3,0,10.0,1.0,done,65
73,4,15.0,15.0,0.0,pending,
73,5,10.0,10.0,0.0,pending,
73,6,10.0,10.0,0.0,pending,
73,7,10.0,10.0,0.0,pending,
73,8,0,10.0,1.0,done,47
73,9,10.0,10.0,0.0,pending,
73,10,15.0,15.0,0.0,pending,
73,11,0,5.0,1.0,done,51
73,12,0,15.0,1.0,done,17
73,13,5.0,5.0,0.0,pending,
73,14,10.0,10.0,0.0,pending,
73,15,0,5.0,1.0,done,30
73,16,5.0,5.0,0.0,pending,
73,17,0,15.0,1.0,done,43
73,18,10.0,10.0,0.0,pending,
73,19,15.0,15.0,0.0,pending,
73,20,0,15.0,1.0,done,52
73,21,0,15.0,1.0,done,53
73,22,5.0,5.0,0.0,pending,
73,23,0,10.0,1.0,done,37
73,24,5.0,5.0,0.0,pending,
73,25,15.0,15.0,0.0,pending,
73,26,5.0,5.0,0.0,pending,
73,27,0,15.0,1.0,done,60
73,28,10.0,10.0,0.0,pending,
73,29,10.0,10.0,0.0,pending,
73,30,15.0,15.0,0.0,pending,
73,31,5.0,5.0,0.0,pending,
73,32,10.0,10.0,0.0,pending,
73,33,10.0,10.0,0.0,pending,
73,34,0,10.0,1.0,done,46
73,35,15.0,15.0,0.0,pending,
73,36,15.0,15.0,0.0,pending,
73,37,0,5.0,1.0,done,66
73,38,15.0,15.0,0.0,pending,
73,39,0,10.0,1.0,done,28
73,40,10.0,10.0,0.0,pending,
73,41,15.0,15.0,0.0,pending,
73,42,10.0,10.0,0.0,pending,
73,43,5.0,5.0,0.0,pending,
73,44,0,15.0,1.0,done,18
73,45,5.0,5.0,0.0,pending,
73,46,0,5.0,1.0,done,31
73,47,0,15.0,1.0,done,69
73,48,10.0,10.0,0.0,pending,
74,0,0,10.0,1.0,done,25
74,1,10.0,10.0,0.0,pending,
74,2,0,5.0,1.0,done,21
74,3,0,10.0,1.0,done,65
74,4,15.0,15.0,0.0,pending,
74,5,10.0,10.0,0.0,pending,
74,6,10.0,10.0,0.0,pending,
74,7,10.0,10.0,0.0,pending,
74,8,0,10.0,1.0,done,47
74,9,10.0,10.0,0.0,pending,
74,10,15.0,15.0,0.0,pending,
74,11,0,5.0,1.0,done,51
74,12,0,15.0,1.0,done,17
74,13,5.0,5.0,0.0,pending,
74,14,10.0,10.0,0.0,pending,
74,15,0,5.0,1.0,done,30
74,16,5.0,5.0,0.0,pending,
74,17,0,15.0,1.0,done,43
74,18,10.0,10.0,0.0,pending,
74,19,15.0,15.0,0.0,pending,
74,20,0,15.0,1.0,done,52
74,21,0,15.0,1.0,done,53
74,22,5.0,5.0,0.0,pending,
74,23,0,10.0,1.0,done,37
74,24,5.0,5.0,0.0,pending,
74,25,15.0,15.0,0.0,pending,
74,26,5.0,5.0,0.0,pending,
74,27,0,15.0,1.0,done,60
74,28,10.0,10.0,0.0,pending,
74,29,10.0,10.0,0.0,pending,
74,30,15.0,15.0,0.0,pending,
74,31,5.0,5.0,0.0,pending,
74,32,10.0,10.0,0.0,pending,
74,33,10.0,10.0,0.0,pending,
74,34,0,10.0,1.0,done,46
74,35,15.0,15.0,0.0,pending,
74,36,15.0,15.0,0.0,pending,
74,37,0,5.0,1.0,done,66
74,38,15.0,15.0,0.0,pending,
74,39,0,10.0,1.0,done,28
74,40,10.0,10.0,0.0,pending,
74,41,15.0,15.0,0.0,pending,
74,42,10.0,10.0,0.0,pending,
74,43,5.0,5.0,0.0,pending,
74,44,0,15.0,1.0,done,18
74,45,5.0,5.0,0.0,pending,
74,46,0,5.0,1.0,done,31
74,47,0,15.0,1.0,done,69
74,48,10.0,10.0,0.0,pending,
75,0,0,10.0,1.0,done,25
75,1,10.0,10.0,0.0,pending,
75,2,0,5.0,1.0,done,21
75,3,0,10.0,1.0,done,65
75,4,15.0,15.0,0.0,pending,
75,5,10.0,10.0,0.0,pending,
75,6,10.0,10.0,0.0,pending,
75,7,10.0,10.0,0.0,pending,
75,8,0,10.0,1.0,done,47
75,9,10.0,10.0,0.0,pending,
75,10,15.0,15.0,0.0,pending,
75,11,0,5.0,1.0,done,51
75,12,0,15.0,1.0,done,17
75,13,5.0,5.0,0.0,pending,
75,14,10.0,10.0,0.0,pending,
75,15,0,5.0,1.0,done,30
75,16,5.0,5.0,0.0,pending,
75,17,0,15.0,1.0,done,43
75,18,10.0,10.0,0.0,pending,
75,19,15.0,15.0,0.0,pending,
75,20,0,15.0,1.0,done,52
75,21,0,15.0,1.0,done,53
75,22,5.0,5.0,0.0,pending,
75,23,0,10.0,1.0,done,37
75,24,5.0,5.0,0.0,pending,
75,25,15.0,15.0,0.0,pending,
75,26,5.0,5.0,0.0,pending,
75,27,0,15.0,1.0,done,60
75,28,8.702699680860032,10.0,0.12973003191399676,in_progress,
75,29,10.0,10.0,0.0,pending,
75,30,15.0,15.0,0.0,pending,
75,31,5.0,5.0,0.0,pending,
75,32,10.0,10.0,0.0,pending,
75,33,10.0,10.0,0.0,pending,
75,34,0,10.0,1.0,done,46
75,35,15.0,15.0,0.0,pending,
75,36,15.0,15.0,0.0,pending,
75,37,0,5.0,1.0,done,66
75,38,15.0,15.0,0.0,pending,
75,39,0,10.0,1.0,done,28
75,40,10.0,10.0,0.0,pending,
75,41,15.0,15.0,0.0,pending,
75,42,10.0,10.0,0.0,pending,
75,43,5.0,5.0,0.0,pending,
75,44,0,15.0,1.0,done,18
75,45,5.0,5.0,0.0,pending,
75,46,0,5.0,1.0,done,31
75,47,0,15.0,1.0,done,69
75,48,10.0,10.0,0.0,pending,
76,0,0,10.0,1.0,done,25
76,1,10.0,10.0,0.0,pending,
76,2,0,5.0,1.0,done,21
76,3,0,10.0,1.0,done,65
76,4,15.0,15.0,0.0,pending,
76,5,10.0,10.0,0.0,pending,
76,6,10.0,10.0,0.0,pending,
76,7,10.0,10.0,0.0,pending,
76,8,0,10.0,1.0,done,47
76,9,10.0,10.0,0.0,pending,
76,10,15.0,15.0,0.0,pending,
76,11,0,5.0,1.0,done,51
76,12,0,15.0,1.0,done,17
76,13,5.0,5.0,0.0,pending,
76,14,10.0,10.0,0.0,pending,
76,15,0,5.0,1.0,done,30
76,16,5.0,5.0,0.0,pending,
76,17,0,15.0,1.0,done,43
76,18,10.0,10.0,0.0,pending,
76,19,15.0,15.0,0.0,pending,
76,20,0,15.0,1.0,done,52
76,21,0,15.0,1.0,done,53
76,22,5.0,5.0,0.0,pending,
76,23,0,10.0,1.0,done,37
76,24,5.0,5.0,0.0,pending,
76,25,15.0,15.0,0.0,pending,
76,26,5.0,5.0,0.0,pending,
76,27,0,15.0,1.0,done,60
76,28,6.702699680860032,10.0,0.32973003191399675,in_progress,
76,29,10.0,10.0,0.0,pending,
76,30,15.0,15.0,0.0,pending,
76,31,5.0,5.0,0.0,pending,
76,32,10.0,10.0,0.0,pending,
76,33,10.0,10.0,0.0,pending,
76,34,0,10.0,1.0,done,46
76,35,15.0,15.0,0.0,pending,
76,36,15.0,15.0,0.0,pending,
76,37,0,5.0,1.0,done,66
76,38,15.0,15.0,0.0,pending,
76,39,0,10.0,1.0,done,28
76,40,10.0,10.0,0.0,pending,
76,41,15.0,15.0,0.0,pending,
76,42,10.0,10.0,0.0,pending,
76,43,5.0,5.0,0.0,pending,
76,44,0,15.0,1.0,done,18
76,45,5.0,5.0,0.0,pending,
76,46,0,5.0,1.0,done,31
76,47,0,15.0,1.0,done,69
76,48,10.0,10.0,0.0,pending,
77,0,0,10.0,1.0,done,25
77,1,10.0,10.0,0.0,pending,
77,2,0,5.0,1.0,done,21
77,3,0,10.0,1.0,done,65
77,4,15.0,15.0,0.0,pending,
77,5,10.0,10.0,0.0,pending,
77,6,10.0,10.0,0.0,pending,
77,7,10.0,10.0,0.0,pending,
77,8,0,10.0,1.0,done,47
77,9,10.0,10.0,0.0,pending,
77,10,15.0,15.0,0.0,pending,
77,11,0,5.0,1.0,done,51
77,12,0,15.0,1.0,done,17
77,13,5.0,5.0,0.0,pending,
77,14,10.0,10.0,0.0,pending,
77,15,0,5.0,1.0,done,30
77,16,5.0,5.0,0.0,pending,
77,17,0,15.0,1.0,done,43
77,18,10.0,10.0,0.0,pending,
77,19,15.0,15.0,0.0,pending,
77,20,0,15.0,1.0,done,52
77,21,0,15.0,1.0,done,53
77,22,5.0,5.0,0.0,pending,
77,23,0,10.0,1.0,done,37
77,24,5.0,5.0,0.0,pending,
77,25,15.0,15.0,0.0,pending,
77,26,5.0,5.0,0.0,pending,
77,27,0,15.0,1.0,done,60
77,28,5.702699680860032,10.0,0.4297300319139968,in_progress,
77,29,10.0,10.0,0.0,pending,
77,30,15.0,15.0,0.0,pending,
77,31,5.0,5.0,0.0,pending,
77,32,10.0,10.0,0.0,pending,
77,33,10.0,10.0,0.0,pending,
77,34,0,10.0,1.0,done,46
77,35,15.0,15.0,0.0,pending,
77,36,15.0,15.0,0.0,pending,
77,37,0,5.0,1.0,done,66
77,38,15.0,15.0,0.0,pending,
77,39,0,10.0,1.0,done,28
77,40,10.0,10.0,0.0,pending,
77,41,15.0,15.0,0.0,pending,
77,42,10.0,10.0,0.0,pending,
77,43,5.0,5.0,0.0,pending,
77,44,0,15.0,1.0,done,18
77,45,5.0,5.0,0.0,pending,
77,46,0,5.0,1.0,done,31
77,47,0,15.0,1.0,done,69
77,48,10.0,10.0,0.0,pending,
78,0,0,10.0,1.0,done,25
78,1,10.0,10.0,0.0,pending,
78,2,0,5.0,1.0,done,21
78,3,0,10.0,1.0,done,65
78,4,15.0,15.0,0.0,pending,
78,5,10.0,10.0,0.0,pending,
78,6,10.0,10.0,0.0,pending,
78,7,10.0,10.0,0.0,pending,
78,8,0,10.0,1.0,done,47
78,9,10.0,10.0,0.0,pending,
78,10,15.0,15.0,0.0,pending,
78,11,0,5.0,1.0,done,51
78,12,0,15.0,1.0,done,17
78,13,5.0,5.0,0.0,pending,
78,14,10.0,10.0,0.0,pending,
78,15,0,5.0,1.0,done,30
78,16,5.0,5.0,0.0,pending,
78,17,0,15.0,1.0,done,43
78,18,10.0,10.0,0.0,pending,
78,19,15.0,15.0,0.0,pending,
78,20,0,15.0,1.0,done,52
78,21,0,15.0,1.0,done,53
78,22,5.0,5.0,0.0,pending,
78,23,0,10.0,1.0,done,37
78,24,5.0,5.0,0.0,pending,
78,25,15.0,15.0,0.0,pending,
78,26,5.0,5.0,0.0,pending,
78,27,0,15.0,1.0,done,60
78,28,4.702699680860032,10.0,0.5297300319139968,in_progress,
78,29,10.0,10.0,0.0,pending,
78,30,15.0,15.0,0.0,pending,
78,31,5.0,5.0,0.0,pending,
78,32,10.0,10.0,0.0,pending,
78,33,10.0,10.0,0.0,pending,
78,34,0,10.0,1.0,done,46
78,35,15.0,15.0,0.0,pending,
78,36,15.0,15.0,0.0,pending,
78,37,0,5.0,1.0,done,66
78,38,15.0,15.0,0.0,pending,
78,39,0,10.0,1.0,done,28
78,40,10.0,10.0,0.0,pending,
78,41,15.0,15.0,0.0,pending,
78,42,10.0,10.0,0.0,pending,
78,43,5.0,5.0,0.0,pending,
78,44,0,15.0,1.0,done,18
78,45,5.0,5.0,0.0,pending,
78,46,0,5.0,1.0,done,31
78,47,0,15.0,1.0,done,69
78,48,10.0,10.0,0.0,pending,
79,0,0,10.0,1.0,done,25
79,1,10.0,10.0,0.0,pending,
79,2,0,5.0,1.0,done,21
79,3,0,10.0,1.0,done,65
79,4,15.0,15.0,0.0,pending,
79,5,10.0,10.0,0.0,pending,
79,6,10.0,10.0,0.0,pending,
79,7,10.0,10.0,0.0,pending,
79,8,0,10.0,1.0,done,47
79,9,10.0,10.0,0.0,pending,
79,10,15.0,15.0,0.0,pending,
79,11,0,5.0,1.0,done,51
79,12,0,15.0,1.0,done,17
79,13,5.0,5.0,0.0,pending,
79,14,10.0,10.0,0.0,pending,
79,15,0,5.0,1.0,done,30
79,16,5.0,5.0,0.0,pending,
79,17,0,15.0,1.0,done,43
79,18,10.0,10.0,0.0,pending,
79,19,15.0,15.0,0.0,pending,
79,20,0,15.0,1.0,done,52
79,21,0,15.0,1.0,done,53
79,22,5.0,5.0,0.0,pending,
79,23,0,10.0,1.0,done,37
79,24,5.0,5.0,0.0,pending,
79,25,15.0,15.0,0.0,pending,
79,26,5.0,5.0,0.0,pending,
79,27,0,15.0,1.0,done,60
79,28,3.7026996808600323,10.0,0.6297300319139968,in_progress,
79,29,10.0,10.0,0.0,pending,
79,30,15.0,15.0,0.0,pending,
79,31,5.0,5.0,0.0,pending,
79,32,10.0,10.0,0.0,pending,
79,33,10.0,10.0,0.0,pending,
79,34,0,10.0,1.0,done,46
79,35,15.0,15.0,0.0,pending,
79,36,15.0,15.0,0.0,pending,
79,37,0,5.0,1.0,done,66
79,38,15.0,15.0,0.0,pending,
79,39,0,10.0,1.0,done,28
79,40,10.0,10.0,0.0,pending,
79,41,15.0,15.0,0.0,pending,
79,42,10.0,10.0,0.0,pending,
79,43,5.0,5.0,0.0,pending,
79,44,0,15.0,1.0,done,18
79,45,5.0,5.0,0.0,pending,
79,46,0,5.0,1.0,done,31
79,47,0,15.0,1.0,done,69
79,48,10.0,10.0,0.0,pending,
80,0,0,10.0,1.0,done,25
80,1,10.0,10.0,0.0,pending,
80,2,0,5.0,1.0,done,21
80,3,0,10.0,1.0,done,65
80,4,15.0,15.0,0.0,pending,
80,5,10.0,10.0,0.0,pending,
80,6,10.0,10.0,0.0,pending,
80,7,10.0,10.0,0.0,pending,
80,8,0,10.0,1.0,done,47
80,9,10.0,10.0,0.0,pending,
80,10,15.0,15.0,0.0,pending,
80,11,0,5.0,1.0,done,51
80,12,0,15.0,1.0,done,17
80,13,5.0,5.0,0.0,pending,
80,14,10.0,10.0,0.0,pending,
80,15,0,5.0,1.0,done,30
80,16,5.0,5.0,0.0,pending,
80,17,0,15.0,1.0,done,43
80,18,10.0,10.0,0.0,pending,
80,19,15.0,15.0,0.0,pending,
80,20,0,15.0,1.0,done,52
80,21,0,15.0,1.0,done,53
80,22,5.0,5.0,0.0,pending,
80,23,0,10.0,1.0,done,37
80,24,5.0,5.0,0.0,pending,
80,25,15.0,15.0,0.0,pending,
80,26,5.0,5.0,0.0,pending,
80,27,0,15.0,1.0,done,60
80,28,2.7026996808600323,10.0,0.7297300319139968,in_progress,
80,29,10.0,10.0,0.0,pending,
80,30,15.0,15.0,0.0,pending,
80,31,5.0,5.0,0.0,pending,
80,32,10.0,10.0,0.0,pending,
80,33,10.0,10.0,0.0,pending,
80,34,0,10.0,1.0,done,46
80,35,15.0,15.0,0.0,pending,
80,36,15.0,15.0,0.0,pending,
80,37,0,5.0,1.0,done,66
80,38,15.0,15.0,0.0,pending,
80,39,0,10.0,1.0,done,28
80,40,10.0,10.0,0.0,pending,
80,41,15.0,15.0,0.0,pending,
80,42,10.0,10.0,0.0,pending,
80,43,5.0,5.0,0.0,pending,
80,44,0,15.0,1.0,done,18
80,45,5.0,5.0,0.0,pending,
80,46,0,5.0,1.0,done,31
80,47,0,15.0,1.0,done,69
80,48,10.0,10.0,0.0,pending,
81,0,0,10.0,1.0,done,25
81,1,10.0,10.0,0.0,pending,
81,2,0,5.0,1.0,done,21
81,3,0,10.0,1.0,done,65
81,4,15.0,15.0,0.0,pending,
81,5,10.0,10.0,0.0,pending,
81,6,10.0,10.0,0.0,pending,
81,7,10.0,10.0,0.0,pending,
81,8,0,10.0,1.0,done,47
81,9,10.0,10.0,0.0,pending,
81,10,15.0,15.0,0.0,pending,
81,11,0,5.0,1.0,done,51
81,12,0,15.0,1.0,done,17
81,13,5.0,5.0,0.0,pending,
81,14,10.0,10.0,0.0,pending,
81,15,0,5.0,1.0,done,30
81,16,5.0,5.0,0.0,pending,
81,17,0,15.0,1.0,done,43
81,18,10.0,10.0,0.0,pending,
81,19,15.0,15.0,0.0,pending,
81,20,0,15.0,1.0,done,52
81,21,0,15.0,1.0,done,53
81,22,5.0,5.0,0.0,pending,
81,23,0,10.0,1.0,done,37
81,24,5.0,5.0,0.0,pending,
81,25,15.0,15.0,0.0,pending,
81,26,5.0,5.0,0.0,pending,
81,27,0,15.0,1.0,done,60
81,28,1.7026996808600323,10.0,0.8297300319139967,in_progress,
81,29,10.0,10.0,0.0,pending,
81,30,15.0,15.0,0.0,pending,
81,31,5.0,5.0,0.0,pending,
81,32,10.0,10.0,0.0,pending,
81,33,10.0,10.0,0.0,pending,
81,34,0,10.0,1.0,done,46
81,35,15.0,15.0,0.0,pending,
81,36,15.0,15.0,0.0,pending,
81,37,0,5.0,1.0,done,66
81,38,15.0,15.0,0.0,pending,
81,39,0,10.0,1.0,done,28
81,40,10.0,10.0,0.0,pending,
81,41,15.0,15.0,0.0,pending,
81,42,10.0,10.0,0.0,pending,
81,43,5.0,5.0,0.0,pending,
81,44,0,15.0,1.0,done,18
81,45,5.0,5.0,0.0,pending,
81,46,0,5.0,1.0,done,31
81,47,0,15.0,1.0,done,69
81,48,10.0,10.0,0.0,pending,
82,0,0,10.0,1.0,done,25
82,1,10.0,10.0,0.0,pending,
82,2,0,5.0,1.0,done,21
82,3,0,10.0,1.0,done,65
82,4,15.0,15.0,0.0,pending,
82,5,10.0,10.0,0.0,pending,
82,6,10.0,10.0,0.0,pending,
82,7,10.0,10.0,0.0,pending,
82,8,0,10.0,1.0,done,47
82,9,10.0,10.0,0.0,pending,
82,10,15.0,15.0,0.0,pending,
82,11,0,5.0,1.0,done,51
82,12,0,15.0,1.0,done,17
82,13,5.0,5.0,0.0,pending,
82,14,10.0,10.0,0.0,pending,
82,15,0,5.0,1.0,done,30
82,16,5.0,5.0,0.0,pending,
82,17,0,15.0,1.0,done,43
82,18,10.0,10.0,0.0,pending,
82,19,15.0,15.0,0.0,pending,
82,20,0,15.0,1.0,done,52
82,21,0,15.0,1.0,done,53
82,22,5.0,5.0,0.0,pending,
82,23,0,10.0,1.0,done,37
82,24,5.0,5.0,0.0,pending,
82,25,15.0,15.0,0.0,pending,
82,26,5.0,5.0,0.0,pending,
82,27,0,15.0,1.0,done,60
82,28,0.7026996808600323,10.0,0.9297300319139967,in_progress,
82,29,10.0,10.0,0.0,pending,
82,30,15.0,15.0,0.0,pending,
82,31,5.0,5.0,0.0,pending,
82,32,10.0,10.0,0.0,pending,
82,33,10.0,10.0,0.0,pending,
82,34,0,10.0,1.0,done,46
82,35,15.0,15.0,0.0,pending,
82,36,15.0,15.0,0.0,pending,
82,37,0,5.0,1.0,done,66
82,38,15.0,15.0,0.0,pending,
82,39,0,10.0,1.0,done,28
82,40,10.0,10.0,0.0,pending,
82,41,15.0,15.0,0.0,pending,
82,42,10.0,10.0,0.0,pending,
82,43,5.0,5.0,0.0,pending,
82,44,0,15.0,1.0,done,18
82,45,5.0,5.0,0.0,pending,
82,46,0,5.0,1.0,done,31
82,47,0,15.0,1.0,done,69
82,48,10.0,10.0,0.0,pending,
83,0,0,10.0,1.0,done,25
83,1,10.0,10.0,0.0,pending,
83,2,0,5.0,1.0,done,21
83,3,0,10.0,1.0,done,65
83,4,15.0,15.0,0.0,pending,
83,5,10.0,10.0,0.0,pending,
83,6,10.0,10.0,0.0,pending,
83,7,10.0,10.0,0.0,pending,
83,8,0,10.0,1.0,done,47
83,9,10.0,10.0,0.0,pending,
83,10,15.0,15.0,0.0,pending,
83,11,0,5.0,1.0,done,51
83,12,0,15.0,1.0,done,17
83,13,5.0,5.0,0.0,pending,
83,14,10.0,10.0,0.0,pending,
83,15,0,5.0,1.0,done,30
83,16,5.0,5.0,0.0,pending,
83,17,0,15.0,1.0,done,43
83,18,10.0,10.0,0.0,pending,
83,19,15.0,15.0,0.0,pending,
83,20,0,15.0,1.0,done,52
83,21,0,15.0,1.0,done,53
83,22,5.0,5.0,0.0,pending,
83,23,0,10.0,1.0,done,37
83,24,5.0,5.0,0.0,pending,
83,25,15.0,15.0,0.0,pending,
83,26,5.0,5.0,0.0,pending,
83,27,0,15.0,1.0,done,60
83,28,0,10.0,1.0,done,83
83,29,10.0,10.0,0.0,pending,
83,30,15.0,15.0,0.0,pending,
83,31,5.0,5.0,0.0,pending,
83,32,10.0,10.0,0.0,pending,
83,33,10.0,10.0,0.0,pending,
83,34,0,10.0,1.0,done,46
83,35,15.0,15.0,0.0,pending,
83,36,15.0,15.0,0.0,pending,
83,37,0,5.0,1.0,done,66
83,38,15.0,15.0,0.0,pending,
83,39,0,10.0,1.0,done,28
83,40,10.0,10.0,0.0,pending,
83,41,15.0,15.0,0.0,pending,
83,42,10.0,10.0,0.0,pending,
83,43,5.0,5.0,0.0,pending,
83,44,0,15.0,1.0,done,18
83,45,5.0,5.0,0.0,pending,
83,46,0,5.0,1.0,done,31
83,47,0,15.0,1.0,done,69
83,48,10.0,10.0,0.0,pending,
84,0,0,10.0,1.0,done,25
84,1,10.0,10.0,0.0,pending,
84,2,0,5.0,1.0,done,21
84,3,0,10.0,1.0,done,65
84,4,15.0,15.0,0.0,pending,
84,5,10.0,10.0,0.0,pending,
84,6,10.0,10.0,0.0,pending,
84,7,10.0,10.0,0.0,pending,
84,8,0,10.0,1.0,done,47
84,9,10.0,10.0,0.0,pending,
84,10,15.0,15.0,0.0,pending,
84,11,0,5.0,1.0,done,51
84,12,0,15.0,1.0,done,17
84,13,5.0,5.0,0.0,pending,
84,14,10.0,10.0,0.0,pending,
84,15,0,5.0,1.0,done,30
84,16,5.0,5.0,0.0,pending,
84,17,0,15.0,1.0,done,43
84,18,10.0,10.0,0.0,pending,
84,19,15.0,15.0,0.0,pending,
84,20,0,15.0,1.0,done,52
84,21,0,15.0,1.0,done,53
84,22,5.0,5.0,0.0,pending,
84,23,0,10.0,1.0,done,37
84,24,5.0,5.0,0.0,pending,
84,25,15.0,15.0,0.0,pending,
84,26,5.0,5.0,0.0,pending,
84,27,0,15.0,1.0,done,60
84,28,0,10.0,1.0,done,83
84,29,10.0,10.0,0.0,pending,
84,30,15.0,15.0,0.0,pending,
84,31,5.0,5.0,0.0,pending,
84,32,10.0,10.0,0.0,pending,
84,33,10.0,10.0,0.0,pending,
84,34,0,10.0,1.0,done,46
84,35,15.0,15.0,0.0,pending,
84,36,15.0,15.0,0.0,pending,
84,37,0,5.0,1.0,done,66
84,38,15.0,15.0,0.0,pending,
84,39,0,10.0,1.0,done,28
84,40,10.0,10.0,0.0,pending,
84,41,15.0,15.0,0.0,pending,
84,42,10.0,10.0,0.0,pending,
84,43,5.0,5.0,0.0,pending,
84,44,0,15.0,1.0,done,18
84,45,5.0,5.0,0.0,pending,
84,46,0,5.0,1.0,done,31
84,47,0,15.0,1.0,done,69
84,48,10.0,10.0,0.0,pending,
85,0,0,10.0,1.0,done,25
85,1,10.0,10.0,0.0,pending,
85,2,0,5.0,1.0,done,21
85,3,0,10.0,1.0,done,65
85,4,15.0,15.0,0.0,pending,
85,5,10.0,10.0,0.0,pending,
85,6,10.0,10.0,0.0,pending,
85,7,10.0,10.0,0.0,pending,
85,8,0,10.0,1.0,done,47
85,9,10.0,10.0,0.0,pending,
85,10,15.0,15.0,0.0,pending,
85,11,0,5.0,1.0,done,51
85,12,0,15.0,1.0,done,17
85,13,5.0,5.0,0.0,pending,
85,14,10.0,10.0,0.0,pending,
85,15,0,5.0,1.0,done,30
85,16,5.0,5.0,0.0,pending,
85,17,0,15.0,1.0,done,43
85,18,10.0,10.0,0.0,pending,
85,19,15.0,15.0,0.0,pending,
85,20,0,15.0,1.0,done,52
85,21,0,15.0,1.0,done,53
85,22,5.0,5.0,0.0,pending,
85,23,0,10.0,1.0,done,37
85,24,5.0,5.0,0.0,pending,
85,25,15.0,15.0,0.0,pending,
85,26,5.0,5.0,0.0,pending,
85,27,0,15.0,1.0,done,60
85,28,0,10.0,1.0,done,83
85,29,10.0,10.0,0.0,pending,
85,30,15.0,15.0,0.0,pending,
85,31,5.0,5.0,0.0,pending,
85,32,10.0,10.0,0.0,pending,
85,33,10.0,10.0,0.0,pending,
85,34,0,10.0,1.0,done,46
85,35,15.0,15.0,0.0,pending,
85,36,15.0,15.0,0.0,pending,
85,37,0,5.0,1.0,done,66
85,38,15.0,15.0,0.0,pending,
85,39,0,10.0,1.0,done,28
85,40,10.0,10.0,0.0,pending,
85,41,15.0,15.0,0.0,pending,
85,42,10.0,10.0,0.0,pending,
85,43,5.0,5.0,0.0,pending,
85,44,0,15.0,1.0,done,18
85,45,5.0,5.0,0.0,pending,
85,46,0,5.0,1.0,done,31
85,47,0,15.0,1.0,done,69
85,48,10.0,10.0,0.0,pending,
86,0,0,10.0,1.0,done,25
86,1,10.0,10.0,0.0,pending,
86,2,0,5.0,1.0,done,21
86,3,0,10.0,1.0,done,65
86,4,15.0,15.0,0.0,pending,
86,5,10.0,10.0,0.0,pending,
86,6,10.0,10.0,0.0,pending,
86,7,10.0,10.0,0.0,pending,
86,8,0,10.0,1.0,done,47
86,9,10.0,10.0,0.0,pending,
86,10,15.0,15.0,0.0,pending,
86,11,0,5.0,1.0,done,51
86,12,0,15.0,1.0,done,17
86,13,5.0,5.0,0.0,pending,
86,14,10.0,10.0,0.0,pending,
86,15,0,5.0,1.0,done,30
86,16,5.0,5.0,0.0,pending,
86,17,0,15.0,1.0,done,43
86,18,10.0,10.0,0.0,pending,
86,19,15.0,15.0,0.0,pending,
86,20,0,15.0,1.0,done,52
86,21,0,15.0,1.0,done,53
86,22,5.0,5.0,0.0,pending,
86,23,0,10.0,1.0,done,37
86,24,5.0,5.0,0.0,pending,
86,25,15.0,15.0,0.0,pending,
86,26,5.0,5.0,0.0,pending,
86,27,0,15.0,1.0,done,60
86,28,0,10.0,1.0,done,83
86,29,10.0,10.0,0.0,pending,
86,30,15.0,15.0,0.0,pending,
86,31,5.0,5.0,0.0,pending,
86,32,10.0,10.0,0.0,pending,
86,33,10.0,10.0,0.0,pending,
86,34,0,10.0,1.0,done,46
86,35,15.0,15.0,0.0,pending,
86,36,15.0,15.0,0.0,pending,
86,37,0,5.0,1.0,done,66
86,38,15.0,15.0,0.0,pending,
86,39,0,10.0,1.0,done,28
86,40,7.42189734035003,10.0,0.25781026596499695,in_progress,
86,41,15.0,15.0,0.0,pending,
86,42,10.0,10.0,0.0,pending,
86,43,5.0,5.0,0.0,pending,
86,44,0,15.0,1.0,done,18
86,45,5.0,5.0,0.0,pending,
86,46,0,5.0,1.0,done,31
86,47,0,15.0,1.0,done,69
86,48,10.0,10.0,0.0,pending,
87,0,0,10.0,1.0,done,25
87,1,10.0,10.0,0.0,pending,
87,2,0,5.0,1.0,done,21
87,3,0,10.0,1.0,done,65
87,4,15.0,15.0,0.0,pending,
87,5,10.0,10.0,0.0,pending,
87,6,10.0,10.0,0.0,pending,
87,7,10.0,10.0,0.0,pending,
87,8,0,10.0,1.0,done,47
87,9,10.0,10.0,0.0,pending,
87,10,15.0,15.0,0.0,pending,
87,11,0,5.0,1.0,done,51
87,12,0,15.0,1.0,done,17
87,13,5.0,5.0,0.0,pending,
87,14,10.0,10.0,0.0,pending,
87,15,0,5.0,1.0,done,30
87,16,5.0,5.0,0.0,pending,
87,17,0,15.0,1.0,done,43
87,18,10.0,10.0,0.0,pending,
87,19,15.0,15.0,0.0,pending,
87,20,0,15.0,1.0,done,52
87,21,0,15.0,1.0,done,53
87,22,5.0,5.0,0.0,pending,
87,23,0,10.0,1.0,done,37
87,24,5.0,5.0,0.0,pending,
87,25,15.0,15.0,0.0,pending,
87,26,5.0,5.0,0.0,pending,
87,27,0,15.0,1.0,done,60
87,28,0,10.0,1.0,done,83
87,29,10.0,10.0,0.0,pending,
87,30,15.0,15.0,0.0,pending,
87,31,5.0,5.0,0.0,pending,
87,32,10.0,10.0,0.0,pending,
87,33,10.0,10.0,0.0,pending,
87,34,0,10.0,1.0,done,46
87,35,15.0,15.0,0.0,pending,
87,36,15.0,15.0,0.0,pending,
87,37,0,5.0,1.0,done,66
87,38,15.0,15.0,0.0,pending,
87,39,0,10.0,1.0,done,28
87,40,4.42189734035003,10.0,0.5578102659649969,in_progress,
87,41,15.0,15.0,0.0,pending,
87,42,10.0,10.0,0.0,pending,
87,43,5.0,5.0,0.0,pending,
87,44,0,15.0,1.0,done,18
87,45,5.0,5.0,0.0,pending,
87,46,0,5.0,1.0,done,31
87,47,0,15.0,1.0,done,69
87,48,10.0,10.0,0.0,pending,
88,0,0,10.0,1.0,done,25
88,1,10.0,10.0,0.0,pending,
88,2,0,5.0,1.0,done,21
88,3,0,10.0,1.0,done,65
88,4,15.0,15.0,0.0,pending,
88,5,10.0,10.0,0.0,pending,
88,6,10.0,10.0,0.0,pending,
88,7,10.0,10.0,0.0,pending,
88,8,0,10.0,1.0,done,47
88,9,10.0,10.0,0.0,pending,
88,10,15.0,15.0,0.0,pending,
88,11,0,5.0,1.0,done,51
88,12,0,15.0,1.0,done,17
88,13,5.0,5.0,0.0,pending,
88,14,10.0,10.0,0.0,pending,
88,15,0,5.0,1.0,done,30
88,16,5.0,5.0,0.0,pending,
88,17,0,15.0,1.0,done,43
88,18,10.0,10.0,0.0,pending,
88,19,15.0,15.0,0.0,pending,
88,20,0,15.0,1.0,done,52
88,21,0,15.0,1.0,done,53
88,22,5.0,5.0,0.0,pending,
88,23,0,10.0,1.0,done,37
88,24,5.0,5.0,0.0,pending,
88,25,15.0,15.0,0.0,pending,
88,26,5.0,5.0,0.0,pending,
88,27,0,15.0,1.0,done,60
88,28,0,10.0,1.0,done,83
88,29,10.0,10.0,0.0,pending,
88,30,15.0,15.0,0.0,pending,
88,31,5.0,5.0,0.0,pending,
88,32,10.0,10.0,0.0,pending,
88,33,10.0,10.0,0.0,pending,
88,34,0,10.0,1.0,done,46
88,35,15.0,15.0,0.0,pending,
88,36,15.0,15.0,0.0,pending,
88,37,0,5.0,1.0,done,66
88,38,15.0,15.0,0.0,pending,
88,39,0,10.0,1.0,done,28
88,40,1.4218973403500303,10.0,0.857810265964997,in_progress,
88,41,15.0,15.0,0.0,pending,
88,42,10.0,10.0,0.0,pending,
88,43,5.0,5.0,0.0,pending,
88,44,0,15.0,1.0,done,18
88,45,5.0,5.0,0.0,pending,
88,46,0,5.0,1.0,done,31
88,47,0,15.0,1.0,done,69
88,48,10.0,10.0,0.0,pending,
89,0,0,10.0,1.0,done,25
89,1,10.0,10.0,0.0,pending,
89,2,0,5.0,1.0,done,21
89,3,0,10.0,1.0,done,65
89,4,15.0,15.0,0.0,pending,
89,5,10.0,10.0,0.0,pending,
89,6,10.0,10.0,0.0,pending,
89,7,10.0,10.0,0.0,pending,
89,8,0,10.0,1.0,done,47
89,9,10.0,10.0,0.0,pending,
89,10,15.0,15.0,0.0,pending,
89,11,0,5.0,1.0,done,51
89,12,0,15.0,1.0,done,17
89,13,5.0,5.0,0.0,pending,
89,14,10.0,10.0,0.0,pending,
89,15,0,5.0,1.0,done,30
89,16,5.0,5.0,0.0,pending,
89,17,0,15.0,1.0,done,43
89,18,10.0,10.0,0.0,pending,
89,19,15.0,15.0,0.0,pending,
89,20,0,15.0,1.0,done,52
89,21,0,15.0,1.0,done,53
89,22,5.0,5.0,0.0,pending,
89,23,0,10.0,1.0,done,37
89,24,5.0,5.0,0.0,pending,
89,25,15.0,15.0,0.0,pending,
89,26,5.0,5.0,0.0,pending,
89,27,0,15.0,1.0,done,60
89,28,0,10.0,1.0,done,83
89,29,10.0,10.0,0.0,pending,
89,30,15.0,15.0,0.0,pending,
89,31,5.0,5.0,0.0,pending,
89,32,10.0,10.0,0.0,pending,
89,33,10.0,10.0,0.0,pending,
89,34,0,10.0,1.0,done,46
89,35,15.0,15.0,0.0,pending,
89,36,15.0,15.0,0.0,pending,
89,37,0,5.0,1.0,done,66
89,38,15.0,15.0,0.0,pending,
89,39,0,10.0,1.0,done,28
89,40,0,10.0,1.0,done,89
89,41,15.0,15.0,0.0,pending,
89,42,10.0,10.0,0.0,pending,
89,43,5.0,5.0,0.0,pending,
89,44,0,15.0,1.0,done,18
89,45,5.0,5.0,0.0,pending,
89,46,0,5.0,1.0,done,31
89,47,0,15.0,1.0,done,69
89,48,10.0,10.0,0.0,pending,
90,0,0,10.0,1.0,done,25
90,1,10.0,10.0,0.0,pending,
90,2,0,5.0,1.0,done,21
90,3,0,10.0,1.0,done,65
90,4,15.0,15.0,0.0,pending,
90,5,10.0,10.0,0.0,pending,
90,6,10.0,10.0,0.0,pending,
90,7,10.0,10.0,0.0,pending,
90,8,0,10.0,1.0,done,47
90,9,10.0,10.0,0.0,pending,
90,10,15.0,15.0,0.0,pending,
90,11,0,5.0,1.0,done,51
90,12,0,15.0,1.0,done,17
90,13,5.0,5.0,0.0,pending,
90,14,10.0,10.0,0.0,pending,
90,15,0,5.0,1.0,done,30
90,16,5.0,5.0,0.0,pending,
90,17,0,15.0,1.0,done,43
90,18,10.0,10.0,0.0,pending,
90,19,15.0,15.0,0.0,pending,
90,20,0,15.0,1.0,done,52
90,21,0,15.0,1.0,done,53
90,22,5.0,5.0,0.0,pending,
90,23,0,10.0,1.0,done,37
90,24,5.0,5.0,0.0,pending,
90,25,15.0,15.0,0.0,pending,
90,26,5.0,5.0,0.0,pending,
90,27,0,15.0,1.0,done,60
90,28,0,10.0,1.0,done,83
90,29,10.0,10.0,0.0,pending,
90,30,15.0,15.0,0.0,pending,
90,31,5.0,5.0,0.0,pending,
90,32,10.0,10.0,0.0,pending,
90,33,10.0,10.0,0.0,pending,
90,34,0,10.0,1.0,done,46
90,35,15.0,15.0,0.0,pending,
90,36,15.0,15.0,0.0,pending,
90,37,0,5.0,1.0,done,66
90,38,15.0,15.0,0.0,pending,
90,39,0,10.0,1.0,done,28
90,40,0,10.0,1.0,done,89
90,41,15.0,15.0,0.0,pending,
90,42,10.0,10.0,0.0,pending,
90,43,5.0,5.0,0.0,pending,
90,44,0,15.0,1.0,done,18
90,45,5.0,5.0,0.0,pending,
90,46,0,5.0,1.0,done,31
90,47,0,15.0,1.0,done,69
90,48,10.0,10.0,0.0,pending,
91,0,0,10.0,1.0,done,25
91,1,10.0,10.0,0.0,pending,
91,2,0,5.0,1.0,done,21
91,3,0,10.0,1.0,done,65
91,4,15.0,15.0,0.0,pending,
91,5,10.0,10.0,0.0,pending,
91,6,10.0,10.0,0.0,pending,
91,7,10.0,10.0,0.0,pending,
91,8,0,10.0,1.0,done,47
91,9,10.0,10.0,0.0,pending,
91,10,15.0,15.0,0.0,pending,
91,11,0,5.0,1.0,done,51
91,12,0,15.0,1.0,done,17
91,13,5.0,5.0,0.0,pending,
91,14,10.0,10.0,0.0,pending,
91,15,0,5.0,1.0,done,30
91,16,5.0,5.0,0.0,pending,
91,17,0,15.0,1.0,done,43
91,18,10.0,10.0,0.0,pending,
91,19,15.0,15.0,0.0,pending,
91,20,0,15.0,1.0,done,52
91,21,0,15.0,1.0,done,53
91,22,5.0,5.0,0.0,pending,
91,23,0,10.0,1.0,done,37
91,24,5.0,5.0,0.0,pending,
91,25,15.0,15.0,0.0,pending,
91,26,5.0,5.0,0.0,pending,
91,27,0,15.0,1.0,done,60
91,28,0,10.0,1.0,done,83
91,29,10.0,10.0,0.0,pending,
91,30,15.0,15.0,0.0,pending,
91,31,5.0,5.0,0.0,pending,
91,32,10.0,10.0,0.0,pending,
91,33,10.0,10.0,0.0,pending,
91,34,0,10.0,1.0,done,46
91,35,15.0,15.0,0.0,pending,
91,36,15.0,15.0,0.0,pending,
91,37,0,5.0,1.0,done,66
91,38,15.0,15.0,0.0,pending,
91,39,0,10.0,1.0,done,28
91,40,0,10.0,1.0,done,89
91,41,15.0,15.0,0.0,pending,
91,42,10.0,10.0,0.0,pending,
91,43,5.0,5.0,0.0,pending,
91,44,0,15.0,1.0,done,18
91,45,5.0,5.0,0.0,pending,
91,46,0,5.0,1.0,done,31
91,47,0,15.0,1.0,done,69
91,48,10.0,10.0,0.0,pending,
92,0,0,10.0,1.0,done,25
92,1,10.0,10.0,0.0,pending,
92,2,0,5.0,1.0,done,21
92,3,0,10.0,1.0,done,65
92,4,15.0,15.0,0.0,pending,
92,5,10.0,10.0,0.0,pending,
92,6,10.0,10.0,0.0,pending,
92,7,10.0,10.0,0.0,pending,
92,8,0,10.0,1.0,done,47
92,9,10.0,10.0,0.0,pending,
92,10,15.0,15.0,0.0,pending,
92,11,0,5.0,1.0,done,51
92,12,0,15.0,1.0,done,17
92,13,5.0,5.0,0.0,pending,
92,14,10.0,10.0,0.0,pending,
92,15,0,5.0,1.0,done,30
92,16,5.0,5.0,0.0,pending,
92,17,0,15.0,1.0,done,43
92,18,10.0,10.0,0.0,pending,
92,19,15.0,15.0,0.0,pending,
92,20,0,15.0,1.0,done,52
92,21,0,15.0,1.0,done,53
92,22,5.0,5.0,0.0,pending,
92,23,0,10.0,1.0,done,37
92,24,5.0,5.0,0.0,pending,
92,25,15.0,15.0,0.0,pending,
92,26,5.0,5.0,0.0,pending,
92,27,0,15.0,1.0,done,60
92,28,0,10.0,1.0,done,83
92,29,10.0,10.0,0.0,pending,
92,30,15.0,15.0,0.0,pending,
92,31,5.0,5.0,0.0,pending,
92,32,10.0,10.0,0.0,pending,
92,33,10.0,10.0,0.0,pending,
92,34,0,10.0,1.0,done,46
92,35,15.0,15.0,0.0,pending,
92,36,15.0,15.0,0.0,pending,
92,37,0,5.0,1.0,done,66
92,38,15.0,15.0,0.0,pending,
92,39,0,10.0,1.0,done,28
92,40,0,10.0,1.0,done,89
92,41,15.0,15.0,0.0,pending,
92,42,10.0,10.0,0.0,pending,
92,43,4.609079998696699,5.0,0.07818400026066019,in_progress,
92,44,0,15.0,1.0,done,18
92,45,5.0,5.0,0.0,pending,
92,46,0,5.0,1.0,done,31
92,47,0,15.0,1.0,done,69
92,48,10.0,10.0,0.0,pending,
93,0,0,10.0,1.0,done,25
93,1,10.0,10.0,0.0,pending,
93,2,0,5.0,1.0,done,21
93,3,0,10.0,1.0,done,65
93,4,15.0,15.0,0.0,pending,
93,5,10.0,10.0,0.0,pending,
93,6,10.0,10.0,0.0,pending,
93,7,10.0,10.0,0.0,pending,
93,8,0,10.0,1.0,done,47
93,9,10.0,10.0,0.0,pending,
93,10,15.0,15.0,0.0,pending,
93,11,0,5.0,1.0,done,51
93,12,0,15.0,1.0,done,17
93,13,5.0,5.0,0.0,pending,
93,14,10.0,10.0,0.0,pending,
93,15,0,5.0,1.0,done,30
93,16,5.0,5.0,0.0,pending,
93,17,0,15.0,1.0,done,43
93,18,10.0,10.0,0.0,pending,
93,19,15.0,15.0,0.0,pending,
93,20,0,15.0,1.0,done,52
93,21,0,15.0,1.0,done,53
93,22,5.0,5.0,0.0,pending,
93,23,0,10.0,1.0,done,37
93,24,5.0,5.0,0.0,pending,
93,25,15.0,15.0,0.0,pending,
93,26,5.0,5.0,0.0,pending,
93,27,0,15.0,1.0,done,60
93,28,0,10.0,1.0,done,83
93,29,10.0,10.0,0.0,pending,
93,30,15.0,15.0,0.0,pending,
93,31,5.0,5.0,0.0,pending,
93,32,10.0,10.0,0.0,pending,
93,33,10.0,10.0,0.0,pending,
93,34,0,10.0,1.0,done,46
93,35,15.0,15.0,0.0,pending,
93,36,15.0,15.0,0.0,pending,
93,37,0,5.0,1.0,done,66
93,38,15.0,15.0,0.0,pending,
93,39,0,10.0,1.0,done,28
93,40,0,10.0,1.0,done,89
93,41,15.0,15.0,0.0,pending,
93,42,10.0,10.0,0.0,pending,
93,43,2.109079998696699,5.0,0.5781840002606602,in_progress,
93,44,0,15.0,1.0,done,18
93,45,5.0,5.0,0.0,pending,
93,46,0,5.0,1.0,done,31
93,47,0,15.0,1.0,done,69
93,48,10.0,10.0,0.0,pending,
94,0,0,10.0,1.0,done,25
94,1,10.0,10.0,0.0,pending,
94,2,0,5.0,1.0,done,21
94,3,0,10.0,1.0,done,65
94,4,15.0,15.0,0.0,pending,
94,5,10.0,10.0,0.0,pending,
94,6,10.0,10.0,0.0,pending,
94,7,10.0,10.0,0.0,pending,
94,8,0,10.0,1.0,done,47
94,9,10.0,10.0,0.0,pending,
94,10,15.0,15.0,0.0,pending,
94,11,0,5.0,1.0,done,51
94,12,0,15.0,1.0,done,17
94,13,5.0,5.0,0.0,pending,
94,14,10.0,10.0,0.0,pending,
94,15,0,5.0,1.0,done,30
94,16,5.0,5.0,0.0,pending,
94,17,0,15.0,1.0,done,43
94,18,10.0,10.0,0.0,pending,
94,19,15.0,15.0,0.0,pending,
94,20,0,15.0,1.0,done,52
94,21,0,15.0,1.0,done,53
94,22,5.0,5.0,0.0,pending,
94,23,0,10.0,1.0,done,37
94,24,5.0,5.0,0.0,pending,
94,25,15.0,15.0,0.0,pending,
94,26,5.0,5.0,0.0,pending,
94,27,0,15.0,1.0,done,60
94,28,0,10.0,1.0,done,83
94,29,10.0,10.0,0.0,pending,
94,30,15.0,15.0,0.0,pending,
94,31,5.0,5.0,0.0,pending,
94,32,10.0,10.0,0.0,pending,
94,33,10.0,10.0,0.0,pending,
94,34,0,10.0,1.0,done,46
94,35,15.0,15.0,0.0,pending,
94,36,15.0,15.0,0.0,pending,
94,37,0,5.0,1.0,done,66
94,38,15.0,15.0,0.0,pending,
94,39,0,10.0,1.0,done,28
94,40,0,10.0,1.0,done,89
94,41,15.0,15.0,0.0,pending,
94,42,10.0,10.0,0.0,pending,
94,43,0,5.0,1.0,done,94
94,44,0,15.0,1.0,done,18
94,45,5.0,5.0,0.0,pending,
94,46,0,5.0,1.0,done,31
94,47,0,15.0,1.0,done,69
94,48,10.0,10.0,0.0,pending,
95,0,0,10.0,1.0,done,25
95,1,10.0,10.0,0.0,pending,
95,2,0,5.0,1.0,done,21
95,3,0,10.0,1.0,done,65
95,4,15.0,15.0,0.0,pending,
95,5,10.0,10.0,0.0,pending,
95,6,10.0,10.0,0.0,pending,
95,7,10.0,10.0,0.0,pending,
95,8,0,10.0,1.0,done,47
95,9,10.0,10.0,0.0,pending,
95,10,15.0,15.0,0.0,pending,
95,11,0,5.0,1.0,done,51
95,12,0,15.0,1.0,done,17
95,13,5.0,5.0,0.0,pending,
95,14,10.0,10.0,0.0,pending,
95,15,0,5.0,1.0,done,30
95,16,5.0,5.0,0.0,pending,
95,17,0,15.0,1.0,done,43
95,18,10.0,10.0,0.0,pending,
95,19,15.0,15.0,0.0,pending,
95,20,0,15.0,1.0,done,52
95,21,0,15.0,1.0,done,53
95,22,5.0,5.0,0.0,pending,
95,23,0,10.0,1.0,done,37
95,24,5.0,5.0,0.0,pending,
95,25,15.0,15.0,0.0,pending,
95,26,5.0,5.0,0.0,pending,
95,27,0,15.0,1.0,done,60
95,28,0,10.0,1.0,done,83
95,29,10.0,10.0,0.0,pending,
95,30,15.0,15.0,0.0,pending,
95,31,5.0,5.0,0.0,pending,
95,32,10.0,10.0,0.0,pending,
95,33,10.0,10.0,0.0,pending,
95,34,0,10.0,1.0,done,46
95,35,15.0,15.0,0.0,pending,
95,36,15.0,15.0,0.0,pending,
95,37,0,5.0,1.0,done,66
95,38,15.0,15.0,0.0,pending,
95,39,0,10.0,1.0,done,28
95,40,0,10.0,1.0,done,89
95,41,15.0,15.0,0.0,pending,
95,42,10.0,10.0,0.0,pending,
95,43,0,5.0,1.0,done,94
95,44,0,15.0,1.0,done,18
95,45,5.0,5.0,0.0,pending,
95,46,0,5.0,1.0,done,31
95,47,0,15.0,1.0,done,69
95,48,10.0,10.0,0.0,pending,
96,0,0,10.0,1.0,done,25
96,1,10.0,10.0,0.0,pending,
96,2,0,5.0,1.0,done,21
96,3,0,10.0,1.0,done,65
96,4,15.0,15.0,0.0,pending,
96,5,10.0,10.0,0.0,pending,
96,6,10.0,10.0,0.0,pending,
96,7,10.0,10.0,0.0,pending,
96,8,0,10.0,1.0,done,47
96,9,10.0,10.0,0.0,pending,
96,10,15.0,15.0,0.0,pending,
96,11,0,5.0,1.0,done,51
96,12,0,15.0,1.0,done,17
96,13,5.0,5.0,0.0,pending,
96,14,10.0,10.0,0.0,pending,
96,15,0,5.0,1.0,done,30
96,16,5.0,5.0,0.0,pending,
96,17,0,15.0,1.0,done,43
96,18,10.0,10.0,0.0,pending,
96,19,15.0,15.0,0.0,pending,
96,20,0,15.0,1.0,done,52
96,21,0,15.0,1.0,done,53
96,22,5.0,5.0,0.0,pending,
96,23,0,10.0,1.0,done,37
96,24,5.0,5.0,0.0,pending,
96,25,15.0,15.0,0.0,pending,
96,26,5.0,5.0,0.0,pending,
96,27,0,15.0,1.0,done,60
96,28,0,10.0,1.0,done,83
96,29,10.0,10.0,0.0,pending,
96,30,15.0,15.0,0.0,pending,
96,31,5.0,5.0,0.0,pending,
96,32,10.0,10.0,0.0,pending,
96,33,10.0,10.0,0.0,pending,
96,34,0,10.0,1.0,done,46
96,35,15.0,15.0,0.0,pending,
96,36,15.0,15.0,0.0,pending,
96,37,0,5.0,1.0,done,66
96,38,15.0,15.0,0.0,pending,
96,39,0,10.0,1.0,done,28
96,40,0,10.0,1.0,done,89
96,41,15.0,15.0,0.0,pending,
96,42,10.0,10.0,0.0,pending,
96,43,0,5.0,1.0,done,94
96,44,0,15.0,1.0,done,18
96,45,5.0,5.0,0.0,pending,
96,46,0,5.0,1.0,done,31
96,47,0,15.0,1.0,done,69
96,48,10.0,10.0,0.0,pending,
97,0,0,10.0,1.0,done,25
97,1,10.0,10.0,0.0,pending,
97,2,0,5.0,1.0,done,21
97,3,0,10.0,1.0,done,65
97,4,15.0,15.0,0.0,pending,
97,5,10.0,10.0,0.0,pending,
97,6,10.0,10.0,0.0,pending,
97,7,10.0,10.0,0.0,pending,
97,8,0,10.0,1.0,done,47
97,9,10.0,10.0,0.0,pending,
97,10,15.0,15.0,0.0,pending,
97,11,0,5.0,1.0,done,51
97,12,0,15.0,1.0,done,17
97,13,5.0,5.0,0.0,pending,
97,14,10.0,10.0,0.0,pending,
97,15,0,5.0,1.0,done,30
97,16,5.0,5.0,0.0,pending,
97,17,0,15.0,1.0,done,43
97,18,10.0,10.0,0.0,pending,
97,19,15.0,15.0,0.0,pending,
97,20,0,15.0,1.0,done,52
97,21,0,15.0,1.0,done,53
97,22,5.0,5.0,0.0,pending,
97,23,0,10.0,1.0,done,37
97,24,5.0,5.0,0.0,pending,
97,25,15.0,15.0,0.0,pending,
97,26,5.0,5.0,0.0,pending,
97,27,0,15.0,1.0,done,60
97,28,0,10.0,1.0,done,83
97,29,10.0,10.0,0.0,pending,
97,30,15.0,15.0,0.0,pending,
97,31,5.0,5.0,0.0,pending,
97,32,10.0,10.0,0.0,pending,
97,33,10.0,10.0,0.0,pending,
97,34,0,10.0,1.0,done,46
97,35,15.0,15.0,0.0,pending,
97,36,15.0,15.0,0.0,pending,
97,37,0,5.0,1.0,done,66
97,38,15.0,15.0,0.0,pending,
97,39,0,10.0,1.0,done,28
97,40,0,10.0,1.0,done,89
97,41,15.0,15.0,0.0,pending,
97,42,10.0,10.0,0.0,pending,
97,43,0,5.0,1.0,done,94
97,44,0,15.0,1.0,done,18
97,45,5.0,5.0,0.0,pending,
97,46,0,5.0,1.0,done,31
97,47,0,15.0,1.0,done,69
97,48,10.0,10.0,0.0,pending,
98,0,0,10.0,1.0,done,25
98,1,10.0,10.0,0.0,pending,
98,2,0,5.0,1.0,done,21
98,3,0,10.0,1.0,done,65
98,4,15.0,15.0,0.0,pending,
98,5,10.0,10.0,0.0,pending,
98,6,10.0,10.0,0.0,pending,
98,7,10.0,10.0,0.0,pending,
98,8,0,10.0,1.0,done,47
98,9,10.0,10.0,0.0,pending,
98,10,15.0,15.0,0.0,pending,
98,11,0,5.0,1.0,done,51
98,12,0,15.0,1.0,done,17
98,13,5.0,5.0,0.0,pending,
98,14,10.0,10.0,0.0,pending,
98,15,0,5.0,1.0,done,30
98,16,5.0,5.0,0.0,pending,
98,17,0,15.0,1.0,done,43
98,18,10.0,10.0,0.0,pending,
98,19,15.0,15.0,0.0,pending,
98,20,0,15.0,1.0,done,52
98,21,0,15.0,1.0,done,53
98,22,5.0,5.0,0.0,pending,
98,23,0,10.0,1.0,done,37
98,24,5.0,5.0,0.0,pending,
98,25,15.0,15.0,0.0,pending,
98,26,5.0,5.0,0.0,pending,
98,27,0,15.0,1.0,done,60
98,28,0,10.0,1.0,done,83
98,29,10.0,10.0,0.0,pending,
98,30,15.0,15.0,0.0,pending,
98,31,5.0,5.0,0.0,pending,
98,32,10.0,10.0,0.0,pending,
98,33,10.0,10.0,0.0,pending,
98,34,0,10.0,1.0,done,46
98,35,15.0,15.0,0.0,pending,
98,36,15.0,15.0,0.0,pending,
98,37,0,5.0,1.0,done,66
98,38,15.0,15.0,0.0,pending,
98,39,0,10.0,1.0,done,28
98,40,0,10.0,1.0,done,89
98,41,15.0,15.0,0.0,pending,
98,42,10.0,10.0,0.0,pending,
98,43,0,5.0,1.0,done,94
98,44,0,15.0,1.0,done,18
98,45,5.0,5.0,0.0,pending,
98,46,0,5.0,1.0,done,31
98,47,0,15.0,1.0,done,69
98,48,10.0,10.0,0.0,pending,
99,0,0,10.0,1.0,done,25
99,1,10.0,10.0,0.0,pending,
99,2,0,5.0,1.0,done,21
99,3,0,10.0,1.0,done,65
99,4,15.0,15.0,0.0,pending,
99,5,10.0,10.0,0.0,pending,
99,6,10.0,10.0,0.0,pending,
99,7,10.0,10.0,0.0,pending,
99,8,0,10.0,1.0,done,47
99,9,10.0,10.0,0.0,pending,
99,10,15.0,15.0,0.0,pending,
99,11,0,5.0,1.0,done,51
99,12,0,15.0,1.0,done,17
99,13,5.0,5.0,0.0,pending,
99,14,10.0,10.0,0.0,pending,
99,15,0,5.0,1.0,done,30
99,16,5.0,5.0,0.0,pending,
99,17,0,15.0,1.0,done,43
99,18,10.0,10.0,0.0,pending,
99,19,15.0,15.0,0.0,pending,
99,20,0,15.0,1.0,done,52
99,21,0,15.0,1.0,done,53
99,22,5.0,5.0,0.0,pending,
99,23,0,10.0,1.0,done,37
99,24,5.0,5.0,0.0,pending,
99,25,15.0,15.0,0.0,pending,
99,26,5.0,5.0,0.0,pending,
99,27,0,15.0,1.0,done,60
99,28,0,10.0,1.0,done,83
99,29,10.0,10.0,0.0,pending,
99,30,15.0,15.0,0.0,pending,
99,31,5.0,5.0,0.0,pending,
99,32,10.0,10.0,0.0,pending,
99,33,10.0,10.0,0.0,pending,
99,34,0,10.0,1.0,done,46
99,35,15.0,15.0,0.0,pending,
99,36,15.0,15.0,0.0,pending,
99,37,0,5.0,1.0,done,66
99,38,15.0,15.0,0.0,pending,
99,39,0,10.0,1.0,done,28
99,40,0,10.0,1.0,done,89
99,41,15.0,15.0,0.0,pending,
99,42,10.0,10.0,0.0,pending,
99,43,0,5.0,1.0,done,94
99,44,0,15.0,1.0,done,18
99,45,5.0,5.0,0.0,pending,
99,46,0,5.0,1.0,done,31
99,47,0,15.0,1.0,done,69
99,48,10.0,10.0,0.0,pending,
100,0,0,10.0,1.0,done,25
100,1,10.0,10.0,0.0,pending,
100,2,0,5.0,1.0,done,21
100,3,0,10.0,1.0,done,65
100,4,15.0,15.0,0.0,pending,
100,5,10.0,10.0,0.0,pending,
100,6,10.0,10.0,0.0,pending,
100,7,10.0,10.0,0.0,pending,
100,8,0,10.0,1.0,done,47
100,9,10.0,10.0,0.0,pending,
100,10,15.0,15.0,0.0,pending,
100,11,0,5.0,1.0,done,51
100,12,0,15.0,1.0,done,17
100,13,5.0,5.0,0.0,pending,
100,14,10.0,10.0,0.0,pending,
100,15,0,5.0,1.0,done,30
100,16,5.0,5.0,0.0,pending,
100,17,0,15.0,1.0,done,43
100,18,10.0,10.0,0.0,pending,
100,19,15.0,15.0,0.0,pending,
100,20,0,15.0,1.0,done,52
100,21,0,15.0,1.0,done,53
100,22,5.0,5.0,0.0,pending,
100,23,0,10.0,1.0,done,37
100,24,5.0,5.0,0.0,pending,
100,25,15.0,15.0,0.0,pending,
100,26,3.8491198818308536,5.0,0.23017602363382927,in_progress,
100,27,0,15.0,1.0,done,60
100,28,0,10.0,1.0,done,83
100,29,10.0,10.0,0.0,pending,
100,30,15.0,15.0,0.0,pending,
100,31,5.0,5.0,0.0,pending,
100,32,10.0,10.0,0.0,pending,
100,33,10.0,10.0,0.0,pending,
100,34,0,10.0,1.0,done,46
100,35,15.0,15.0,0.0,pending,
100,36,15.0,15.0,0.0,pending,
100,37,0,5.0,1.0,done,66
100,38,15.0,15.0,0.0,pending,
100,39,0,10.0,1.0,done,28
100,40,0,10.0,1.0,done,89
100,41,15.0,15.0,0.0,pending,
100,42,10.0,10.0,0.0,pending,
100,43,0,5.0,1.0,done,94
100,44,0,15.0,1.0,done,18
100,45,5.0,5.0,0.0,pending,
100,46,0,5.0,1.0,done,31
100,47,0,15.0,1.0,done,69
100,48,10.0,10.0,0.0,pending,
101,0,0,10.0,1.0,done,25
101,1,10.0,10.0,0.0,pending,
101,2,0,5.0,1.0,done,21
101,3,0,10.0,1.0,done,65
101,4,15.0,15.0,0.0,pending,
101,5,10.0,10.0,0.0,pending,
101,6,10.0,10.0,0.0,pending,
101,7,10.0,10.0,0.0,pending,
101,8,0,10.0,1.0,done,47
101,9,10.0,10.0,0.0,pending,
101,10,15.0,15.0,0.0,pending,
101,11,0,5.0,1.0,done,51
101,12,0,15.0,1.0,done,17
101,13,5.0,5.0,0.0,pending,
101,14,10.0,10.0,0.0,pending,
101,15,0,5.0,1.0,done,30
101,16,5.0,5.0,0.0,pending,
101,17,0,15.0,1.0,done,43
101,18,10.0,10.0,0.0,pending,
101,19,15.0,15.0,0.0,pending,
101,20,0,15.0,1.0,done,52
101,21,0,15.0,1.0,done,53
101,22,5.0,5.0,0.0,pending,
101,23,0,10.0,1.0,done,37
101,24,5.0,5.0,0.0,pending,
101,25,15.0,15.0,0.0,pending,
101,26,1.3491198818308536,5.0,0.7301760236338293,in_progress,
101,27,0,15.0,1.0,done,60
101,28,0,10.0,1.0,done,83
101,29,10.0,10.0,0.0,pending,
101,30,15.0,15.0,0.0,pending,
101,31,5.0,5.0,0.0,pending,
101,32,10.0,10.0,0.0,pending,
101,33,10.0,10.0,0.0,pending,
101,34,0,10.0,1.0,done,46
101,35,15.0,15.0,0.0,pending,
101,36,15.0,15.0,0.0,pending,
101,37,0,5.0,1.0,done,66
101,38,15.0,15.0,0.0,pending,
101,39,0,10.0,1.0,done,28
101,40,0,10.0,1.0,done,89
101,41,15.0,15.0,0.0,pending,
101,42,10.0,10.0,0.0,pending,
101,43,0,5.0,1.0,done,94
101,44,0,15.0,1.0,done,18
101,45,5.0,5.0,0.0,pending,
101,46,0,5.0,1.0,done,31
101,47,0,15.0,1.0,done,69
101,48,10.0,10.0,0.0,pending,
102,0,0,10.0,1.0,done,25
102,1,10.0,10.0,0.0,pending,
102,2,0,5.0,1.0,done,21
102,3,0,10.0,1.0,done,65
102,4,15.0,15.0,0.0,pending,
102,5,10.0,10.0,0.0,pending,
102,6,10.0,10.0,0.0,pending,
102,7,10.0,10.0,0.0,pending,
102,8,0,10.0,1.0,done,47
102,9,10.0,10.0,0.0,pending,
102,10,15.0,15.0,0.0,pending,
102,11,0,5.0,1.0,done,51
102,12,0,15.0,1.0,done,17
102,13,5.0,5.0,0.0,pending,
102,14,10.0,10.0,0.0,pending,
102,15,0,5.0,1.0,done,30
102,16,5.0,5.0,0.0,pending,
102,17,0,15.0,1.0,done,43
102,18,10.0,10.0,0.0,pending,
102,19,15.0,15.0,0.0,pending,
102,20,0,15.0,1.0,done,52
102,21,0,15.0,1.0,done,53
102,22,5.0,5.0,0.0,pending,
102,23,0,10.0,1.0,done,37
102,24,5.0,5.0,0.0,pending,
102,25,15.0,15.0,0.0,pending,
102,26,0,5.0,1.0,done,102
102,27,0,15.0,1.0,done,60
102,28,0,10.0,1.0,done,83
102,29,10.0,10.0,0.0,pending,
102,30,15.0,15.0,0.0,pending,
102,31,5.0,5.0,0.0,pending,
102,32,10.0,10.0,0.0,pending,
102,33,10.0,10.0,0.0,pending,
102,34,0,10.0,1.0,done,46
102,35,15.0,15.0,0.0,pending,
102,36,15.0,15.0,0.0,pending,
102,37,0,5.0,1.0,done,66
102,38,15.0,15.0,0.0,pending,
102,39,0,10.0,1.0,done,28
102,40,0,10.0,1.0,done,89
102,41,15.0,15.0,0.0,pending,
102,42,10.0,10.0,0.0,pending,
102,43,0,5.0,1.0,done,94
102,44,0,15.0,1.0,done,18
102,45,5.0,5.0,0.0,pending,
102,46,0,5.0,1.0,done,31
102,47,0,15.0,1.0,done,69
102,48,10.0,10.0,0.0,pending,
103,0,0,10.0,1.0,done,25
103,1,10.0,10.0,0.0,pending,
103,2,0,5.0,1.0,done,21
103,3,0,10.0,1.0,done,65
103,4,15.0,15.0,0.0,pending,
103,5,10.0,10.0,0.0,pending,
103,6,10.0,10.0,0.0,pending,
103,7,10.0,10.0,0.0,pending,
103,8,0,10.0,1.0,done,47
103,9,10.0,10.0,0.0,pending,
103,10,15.0,15.0,0.0,pending,
103,11,0,5.0,1.0,done,51
103,12,0,15.0,1.0,done,17
103,13,5.0,5.0,0.0,pending,
103,14,10.0,10.0,0.0,pending,
103,15,0,5.0,1.0,done,30
103,16,5.0,5.0,0.0,pending,
103,17,0,15.0,1.0,done,43
103,18,10.0,10.0,0.0,pending,
103,19,15.0,15.0,0.0,pending,
103,20,0,15.0,1.0,done,52
103,21,0,15.0,1.0,done,53
103,22,5.0,5.0,0.0,pending,
103,23,0,10.0,1.0,done,37
103,24,5.0,5.0,0.0,pending,
103,25,15.0,15.0,0.0,pending,
103,26,0,5.0,1.0,done,102
103,27,0,15.0,1.0,done,60
103,28,0,10.0,1.0,done,83
103,29,10.0,10.0,0.0,pending,
103,30,15.0,15.0,0.0,pending,
103,31,5.0,5.0,0.0,pending,
103,32,10.0,10.0,0.0,pending,
103,33,10.0,10.0,0.0,pending,
103,34,0,10.0,1.0,done,46
103,35,15.0,15.0,0.0,pending,
103,36,15.0,15.0,0.0,pending,
103,37,0,5.0,1.0,done,66
103,38,15.0,15.0,0.0,pending,
103,39,0,10.0,1.0,done,28
103,40,0,10.0,1.0,done,89
103,41,15.0,15.0,0.0,pending,
103,42,10.0,10.0,0.0,pending,
103,43,0,5.0,1.0,done,94
103,44,0,15.0,1.0,done,18
103,45,5.0,5.0,0.0,pending,
103,46,0,5.0,1.0,done,31
103,47,0,15.0,1.0,done,69
103,48,10.0,10.0,0.0,pending,
104,0,0,10.0,1.0,done,25
104,1,10.0,10.0,0.0,pending,
104,2,0,5.0,1.0,done,21
104,3,0,10.0,1.0,done,65
104,4,15.0,15.0,0.0,pending,
104,5,10.0,10.0,0.0,pending,
104,6,10.0,10.0,0.0,pending,
104,7,10.0,10.0,0.0,pending,
104,8,0,10.0,1.0,done,47
104,9,10.0,10.0,0.0,pending,
104,10,15.0,15.0,0.0,pending,
104,11,0,5.0,1.0,done,51
104,12,0,15.0,1.0,done,17
104,13,5.0,5.0,0.0,pending,
104,14,10.0,10.0,0.0,pending,
104,15,0,5.0,1.0,done,30
104,16,5.0,5.0,0.0,pending,
104,17,0,15.0,1.0,done,43
104,18,10.0,10.0,0.0,pending,
104,19,15.0,15.0,0.0,pending,
104,20,0,15.0,1.0,done,52
104,21,0,15.0,1.0,done,53
104,22,5.0,5.0,0.0,pending,
104,23,0,10.0,1.0,done,37
104,24,5.0,5.0,0.0,pending,
104,25,15.0,15.0,0.0,pending,
104,26,0,5.0,1.0,done,102
104,27,0,15.0,1.0,done,60
104,28,0,10.0,1.0,done,83
104,29,10.0,10.0,0.0,pending,
104,30,15.0,15.0,0.0,pending,
104,31,5.0,5.0,0.0,pending,
104,32,10.0,10.0,0.0,pending,
104,33,10.0,10.0,0.0,pending,
104,34,0,10.0,1.0,done,46
104,35,15.0,15.0,0.0,pending,
104,36,15.0,15.0,0.0,pending,
104,37,0,5.0,1.0,done,66
104,38,15.0,15.0,0.0,pending,
104,39,0,10.0,1.0,done,28
104,40,0,10.0,1.0,done,89
104,41,15.0,15.0,0.0,pending,
104,42,10.0,10.0,0.0,pending,
104,43,0,5.0,1.0,done,94
104,44,0,15.0,1.0,done,18
104,45,5.0,5.0,0.0,pending,
104,46,0,5.0,1.0,done,31
104,47,0,15.0,1.0,done,69
104,48,10.0,10.0,0.0,pending,
105,0,0,10.0,1.0,done,25
105,1,10.0,10.0,0.0,pending,
105,2,0,5.0,1.0,done,21
105,3,0,10.0,1.0,done,65
105,4,15.0,15.0,0.0,pending,
105,5,10.0,10.0,0.0,pending,
105,6,10.0,10.0,0.0,pending,
105,7,10.0,10.0,0.0,pending,
105,8,0,10.0,1.0,done,47
105,9,10.0,10.0,0.0,pending,
105,10,15.0,15.0,0.0,pending,
105,11,0,5.0,1.0,done,51
105,12,0,15.0,1.0,done,17
105,13,5.0,5.0,0.0,pending,
105,14,10.0,10.0,0.0,pending,
105,15,0,5.0,1.0,done,30
105,16,5.0,5.0,0.0,pending,
105,17,0,15.0,1.0,done,43
105,18,10.0,10.0,0.0,pending,
105,19,15.0,15.0,0.0,pending,
105,20,0,15.0,1.0,done,52
105,21,0,15.0,1.0,done,53
105,22,5.0,5.0,0.0,pending,
105,23,0,10.0,1.0,done,37
105,24,5.0,5.0,0.0,pending,
105,25,15.0,15.0,0.0,pending,
105,26,0,5.0,1.0,done,102
105,27,0,15.0,1.0,done,60
105,28,0,10.0,1.0,done,83
105,29,10.0,10.0,0.0,pending,
105,30,15.0,15.0,0.0,pending,
105,31,5.0,5.0,0.0,pending,
105,32,10.0,10.0,0.0,pending,
105,33,10.0,10.0,0.0,pending,
105,34,0,10.0,1.0,done,46
105,35,15.0,15.0,0.0,pending,
105,36,15.0,15.0,0.0,pending,
105,37,0,5.0,1.0,done,66
105,38,15.0,15.0,0.0,pending,
105,39,0,10.0,1.0,done,28
105,40,0,10.0,1.0,done,89
105,41,15.0,15.0,0.0,pending,
105,42,10.0,10.0,0.0,pending,
105,43,0,5.0,1.0,done,94
105,44,0,15.0,1.0,done,18
105,45,5.0,5.0,0.0,pending,
105,46,0,5.0,1.0,done,31
105,47,0,15.0,1.0,done,69
105,48,10.0,10.0,0.0,pending,
106,0,0,10.0,1.0,done,25
106,1,10.0,10.0,0.0,pending,
106,2,0,5.0,1.0,done,21
106,3,0,10.0,1.0,done,65
106,4,15.0,15.0,0.0,pending,
106,5,10.0,10.0,0.0,pending,
106,6,10.0,10.0,0.0,pending,
106,7,10.0,10.0,0.0,pending,
106,8,0,10.0,1.0,done,47
106,9,10.0,10.0,0.0,pending,
106,10,15.0,15.0,0.0,pending,
106,11,0,5.0,1.0,done,51
106,12,0,15.0,1.0,done,17
106,13,5.0,5.0,0.0,pending,
106,14,10.0,10.0,0.0,pending,
106,15,0,5.0,1.0,done,30
106,16,5.0,5.0,0.0,pending,
106,17,0,15.0,1.0,done,43
106,18,10.0,10.0,0.0,pending,
106,19,15.0,15.0,0.0,pending,
106,20,0,15.0,1.0,done,52
106,21,0,15.0,1.0,done,53
106,22,5.0,5.0,0.0,pending,
106,23,0,10.0,1.0,done,37
106,24,5.0,5.0,0.0,pending,
106,25,15.0,15.0,0.0,pending,
106,26,0,5.0,1.0,done,102
106,27,0,15.0,1.0,done,60
106,28,0,10.0,1.0,done,83
106,29,10.0,10.0,0.0,pending,
106,30,15.0,15.0,0.0,pending,
106,31,5.0,5.0,0.0,pending,
106,32,10.0,10.0,0.0,pending,
106,33,10.0,10.0,0.0,pending,
106,34,0,10.0,1.0,done,46
106,35,15.0,15.0,0.0,pending,
106,36,15.0,15.0,0.0,pending,
106,37,0,5.0,1.0,done,66
106,38,15.0,15.0,0.0,pending,
106,39,0,10.0,1.0,done,28
106,40,0,10.0,1.0,done,89
106,41,15.0,15.0,0.0,pending,
106,42,10.0,10.0,0.0,pending,
106,43,0,5.0,1.0,done,94
106,44,0,15.0,1.0,done,18
106,45,5.0,5.0,0.0,pending,
106,46,0,5.0,1.0,done,31
106,47,0,15.0,1.0,done,69
106,48,10.0,10.0,0.0,pending,
107,0,0,10.0,1.0,done,25
107,1,10.0,10.0,0.0,pending,
107,2,0,5.0,1.0,done,21
107,3,0,10.0,1.0,done,65
107,4,15.0,15.0,0.0,pending,
107,5,10.0,10.0,0.0,pending,
107,6,10.0,10.0,0.0,pending,
107,7,10.0,10.0,0.0,pending,
107,8,0,10.0,1.0,done,47
107,9,10.0,10.0,0.0,pending,
107,10,15.0,15.0,0.0,pending,
107,11,0,5.0,1.0,done,51
107,12,0,15.0,1.0,done,17
107,13,5.0,5.0,0.0,pending,
107,14,10.0,10.0,0.0,pending,
107,15,0,5.0,1.0,done,30
107,16,5.0,5.0,0.0,pending,
107,17,0,15.0,1.0,done,43
107,18,10.0,10.0,0.0,pending,
107,19,15.0,15.0,0.0,pending,
107,20,0,15.0,1.0,done,52
107,21,0,15.0,1.0,done,53
107,22,5.0,5.0,0.0,pending,
107,23,0,10.0,1.0,done,37
107,24,5.0,5.0,0.0,pending,
107,25,15.0,15.0,0.0,pending,
107,26,0,5.0,1.0,done,102
107,27,0,15.0,1.0,done,60
107,28,0,10.0,1.0,done,83
107,29,10.0,10.0,0.0,pending,
107,30,15.0,15.0,0.0,pending,
107,31,5.0,5.0,0.0,pending,
107,32,10.0,10.0,0.0,pending,
107,33,10.0,10.0,0.0,pending,
107,34,0,10.0,1.0,done,46
107,35,15.0,15.0,0.0,pending,
107,36,15.0,15.0,0.0,pending,
107,37,0,5.0,1.0,done,66
107,38,15.0,15.0,0.0,pending,
107,39,0,10.0,1.0,done,28
107,40,0,10.0,1.0,done,89
107,41,15.0,15.0,0.0,pending,
107,42,10.0,10.0,0.0,pending,
107,43,0,5.0,1.0,done,94
107,44,0,15.0,1.0,done,18
107,45,5.0,5.0,0.0,pending,
107,46,0,5.0,1.0,done,31
107,47,0,15.0,1.0,done,69
107,48,10.0,10.0,0.0,pending,
108,0,0,10.0,1.0,done,25
108,1,10.0,10.0,0.0,pending,
108,2,0,5.0,1.0,done,21
108,3,0,10.0,1.0,done,65
108,4,15.0,15.0,0.0,pending,
108,5,10.0,10.0,0.0,pending,
108,6,10.0,10.0,0.0,pending,
108,7,10.0,10.0,0.0,pending,
108,8,0,10.0,1.0,done,47
108,9,10.0,10.0,0.0,pending,
108,10,15.0,15.0,0.0,pending,
108,11,0,5.0,1.0,done,51
108,12,0,15.0,1.0,done,17
108,13,5.0,5.0,0.0,pending,
108,14,10.0,10.0,0.0,pending,
108,15,0,5.0,1.0,done,30
108,16,5.0,5.0,0.0,pending,
108,17,0,15.0,1.0,done,43
108,18,10.0,10.0,0.0,pending,
108,19,15.0,15.0,0.0,pending,
108,20,0,15.0,1.0,done,52
108,21,0,15.0,1.0,done,53
108,22,5.0,5.0,0.0,pending,
108,23,0,10.0,1.0,done,37
108,24,5.0,5.0,0.0,pending,
108,25,15.0,15.0,0.0,pending,
108,26,0,5.0,1.0,done,102
108,27,0,15.0,1.0,done,60
108,28,0,10.0,1.0,done,83
108,29,10.0,10.0,0.0,pending,
108,30,15.0,15.0,0.0,pending,
108,31,5.0,5.0,0.0,pending,
108,32,10.0,10.0,0.0,pending,
108,33,10.0,10.0,0.0,pending,
108,34,0,10.0,1.0,done,46
108,35,15.0,15.0,0.0,pending,
108,36,15.0,15.0,0.0,pending,
108,37,0,5.0,1.0,done,66
108,38,15.0,15.0,0.0,pending,
108,39,0,10.0,1.0,done,28
108,40,0,10.0,1.0,done,89
108,41,15.0,15.0,0.0,pending,
108,42,10.0,10.0,0.0,pending,
108,43,0,5.0,1.0,done,94
108,44,0,15.0,1.0,done,18
108,45,3.896623828520273,5.0,0.22067523429594543,in_progress,
108,46,0,5.0,1.0,done,31
108,47,0,15.0,1.0,done,69
108,48,10.0,10.0,0.0,pending,
109,0,0,10.0,1.0,done,25
109,1,10.0,10.0,0.0,pending,
109,2,0,5.0,1.0,done,21
109,3,0,10.0,1.0,done,65
109,4,15.0,15.0,0.0,pending,
109,5,10.0,10.0,0.0,pending,
109,6,10.0,10.0,0.0,pending,
109,7,10.0,10.0,0.0,pending,
109,8,0,10.0,1.0,done,47
109,9,10.0,10.0,0.0,pending,
109,10,15.0,15.0,0.0,pending,
109,11,0,5.0,1.0,done,51
109,12,0,15.0,1.0,done,17
109,13,5.0,5.0,0.0,pending,
109,14,10.0,10.0,0.0,pending,
109,15,0,5.0,1.0,done,30
109,16,5.0,5.0,0.0,pending,
109,17,0,15.0,1.0,done,43
109,18,10.0,10.0,0.0,pending,
109,19,15.0,15.0,0.0,pending,
109,20,0,15.0,1.0,done,52
109,21,0,15.0,1.0,done,53
109,22,5.0,5.0,0.0,pending,
109,23,0,10.0,1.0,done,37
109,24,5.0,5.0,0.0,pending,
109,25,15.0,15.0,0.0,pending,
109,26,0,5.0,1.0,done,102
109,27,0,15.0,1.0,done,60
109,28,0,10.0,1.0,done,83
109,29,10.0,10.0,0.0,pending,
109,30,15.0,15.0,0.0,pending,
109,31,5.0,5.0,0.0,pending,
109,32,10.0,10.0,0.0,pending,
109,33,10.0,10.0,0.0,pending,
109,34,0,10.0,1.0,done,46
109,35,15.0,15.0,0.0,pending,
109,36,15.0,15.0,0.0,pending,
109,37,0,5.0,1.0,done,66
109,38,15.0,15.0,0.0,pending,
109,39,0,10.0,1.0,done,28
109,40,0,10.0,1.0,done,89
109,41,15.0,15.0,0.0,pending,
109,42,10.0,10.0,0.0,pending,
109,43,0,5.0,1.0,done,94
109,44,0,15.0,1.0,done,18
109,45,1.8966238285202728,5.0,0.6206752342959454,in_progress,
109,46,0,5.0,1.0,done,31
109,47,0,15.0,1.0,done,69
109,48,10.0,10.0,0.0,pending,
110,0,0,10.0,1.0,done,25
110,1,10.0,10.0,0.0,pending,
110,2,0,5.0,1.0,done,21
110,3,0,10.0,1.0,done,65
110,4,15.0,15.0,0.0,pending,
110,5,10.0,10.0,0.0,pending,
110,6,10.0,10.0,0.0,pending,
110,7,10.0,10.0,0.0,pending,
110,8,0,10.0,1.0,done,47
110,9,10.0,10.0,0.0,pending,
110,10,15.0,15.0,0.0,pending,
110,11,0,5.0,1.0,done,51
110,12,0,15.0,1.0,done,17
110,13,5.0,5.0,0.0,pending,
110,14,10.0,10.0,0.0,pending,
110,15,0,5.0,1.0,done,30
110,16,5.0,5.0,0.0,pending,
110,17,0,15.0,1.0,done,43
110,18,10.0,10.0,0.0,pending,
110,19,15.0,15.0,0.0,pending,
110,20,0,15.0,1.0,done,52
110,21,0,15.0,1.0,done,53
110,22,5.0,5.0,0.0,pending,
110,23,0,10.0,1.0,done,37
110,24,5.0,5.0,0.0,pending,
110,25,15.0,15.0,0.0,pending,
110,26,0,5.0,1.0,done,102
110,27,0,15.0,1.0,done,60
110,28,0,10.0,1.0,done,83
110,29,10.0,10.0,0.0,pending,
110,30,15.0,15.0,0.0,pending,
110,31,5.0,5.0,0.0,pending,
110,32,10.0,10.0,0.0,pending,
110,33,10.0,10.0,0.0,pending,
110,34,0,10.0,1.0,done,46
110,35,15.0,15.0,0.0,pending,
110,36,15.0,15.0,0.0,pending,
110,37,0,5.0,1.0,done,66
110,38,15.0,15.0,0.0,pending,
110,39,0,10.0,1.0,done,28
110,40,0,10.0,1.0,done,89
110,41,15.0,15.0,0.0,pending,
110,42,10.0,10.0,0.0,pending,
110,43,0,5.0,1.0,done,94
110,44,0,15.0,1.0,done,18
110,45,0,5.0,1.0,done,110
110,46,0,5.0,1.0,done,31
110,47,0,15.0,1.0,done,69
110,48,10.0,10.0,0.0,pending,
111,0,0,10.0,1.0,done,25
111,1,10.0,10.0,0.0,pending,
111,2,0,5.0,1.0,done,21
111,3,0,10.0,1.0,done,65
111,4,15.0,15.0,0.0,pending,
111,5,10.0,10.0,0.0,pending,
111,6,10.0,10.0,0.0,pending,
111,7,10.0,10.0,0.0,pending,
111,8,0,10.0,1.0,done,47
111,9,10.0,10.0,0.0,pending,
111,10,15.0,15.0,0.0,pending,
111,11,0,5.0,1.0,done,51
111,12,0,15.0,1.0,done,17
111,13,5.0,5.0,0.0,pending,
111,14,10.0,10.0,0.0,pending,
111,15,0,5.0,1.0,done,30
111,16,5.0,5.0,0.0,pending,
111,17,0,15.0,1.0,done,43
111,18,10.0,10.0,0.0,pending,
111,19,15.0,15.0,0.0,pending,
111,20,0,15.0,1.0,done,52
111,21,0,15.0,1.0,done,53
111,22,5.0,5.0,0.0,pending,
111,23,0,10.0,1.0,done,37
111,24,5.0,5.0,0.0,pending,
111,25,15.0,15.0,0.0,pending,
111,26,0,5.0,1.0,done,102
111,27,0,15.0,1.0,done,60
111,28,0,10.0,1.0,done,83
111,29,10.0,10.0,0.0,pending,
111,30,15.0,15.0,0.0,pending,
111,31,5.0,5.0,0.0,pending,
111,32,10.0,10.0,0.0,pending,
111,33,10.0,10.0,0.0,pending,
111,34,0,10.0,1.0,done,46
111,35,15.0,15.0,0.0,pending,
111,36,15.0,15.0,0.0,pending,
111,37,0,5.0,1.0,done,66
111,38,15.0,15.0,0.0,pending,
111,39,0,10.0,1.0,done,28
111,40,0,10.0,1.0,done,89
111,41,15.0,15.0,0.0,pending,
111,42,10.0,10.0,0.0,pending,
111,43,0,5.0,1.0,done,94
111,44,0,15.0,1.0,done,18
111,45,0,5.0,1.0,done,110
111,46,0,5.0,1.0,done,31
111,47,0,15.0,1.0,done,69
111,48,10.0,10.0,0.0,pending,
112,0,0,10.0,1.0,done,25
112,1,10.0,10.0,0.0,pending,
112,2,0,5.0,1.0,done,21
112,3,0,10.0,1.0,done,65
112,4,15.0,15.0,0.0,pending,
112,5,10.0,10.0,0.0,pending,
112,6,10.0,10.0,0.0,pending,
112,7,10.0,10.0,0.0,pending,
112,8,0,10.0,1.0,done,47
112,9,10.0,10.0,0.0,pending,
112,10,15.0,15.0,0.0,pending,
112,11,0,5.0,1.0,done,51
112,12,0,15.0,1.0,done,17
112,13,5.0,5.0,0.0,pending,
112,14,10.0,10.0,0.0,pending,
112,15,0,5.0,1.0,done,30
112,16,5.0,5.0,0.0,pending,
112,17,0,15.0,1.0,done,43
112,18,10.0,10.0,0.0,pending,
112,19,15.0,15.0,0.0,pending,
112,20,0,15.0,1.0,done,52
112,21,0,15.0,1.0,done,53
112,22,5.0,5.0,0.0,pending,
112,23,0,10.0,1.0,done,37
112,24,5.0,5.0,0.0,pending,
112,25,15.0,15.0,0.0,pending,
112,26,0,5.0,1.0,done,102
112,27,0,15.0,1.0,done,60
112,28,0,10.0,1.0,done,83
112,29,10.0,10.0,0.0,pending,
112,30,15.0,15.0,0.0,pending,
112,31,5.0,5.0,0.0,pending,
112,32,10.0,10.0,0.0,pending,
112,33,10.0,10.0,0.0,pending,
112,34,0,10.0,1.0,done,46
112,35,15.0,15.0,0.0,pending,
112,36,15.0,15.0,0.0,pending,
112,37,0,5.0,1.0,done,66
112,38,15.0,15.0,0.0,pending,
112,39,0,10.0,1.0,done,28
112,40,0,10.0,1.0,done,89
112,41,15.0,15.0,0.0,pending,
112,42,10.0,10.0,0.0,pending,
112,43,0,5.0,1.0,done,94
112,44,0,15.0,1.0,done,18
112,45,0,5.0,1.0,done,110
112,46,0,5.0,1.0,done,31
112,47,0,15.0,1.0,done,69
112,48,10.0,10.0,0.0,pending,
113,0,0,10.0,1.0,done,25
113,1,10.0,10.0,0.0,pending,
113,2,0,5.0,1.0,done,21
113,3,0,10.0,1.0,done,65
113,4,15.0,15.0,0.0,pending,
113,5,10.0,10.0,0.0,pending,
113,6,10.0,10.0,0.0,pending,
113,7,10.0,10.0,0.0,pending,
113,8,0,10.0,1.0,done,47
113,9,10.0,10.0,0.0,pending,
113,10,15.0,15.0,0.0,pending,
113,11,0,5.0,1.0,done,51
113,12,0,15.0,1.0,done,17
113,13,5.0,5.0,0.0,pending,
113,14,10.0,10.0,0.0,pending,
113,15,0,5.0,1.0,done,30
113,16,5.0,5.0,0.0,pending,
113,17,0,15.0,1.0,done,43
113,18,10.0,10.0,0.0,pending,
113,19,15.0,15.0,0.0,pending,
113,20,0,15.0,1.0,done,52
113,21,0,15.0,1.0,done,53
113,22,5.0,5.0,0.0,pending,
113,23,0,10.0,1.0,done,37
113,24,5.0,5.0,0.0,pending,
113,25,15.0,15.0,0.0,pending,
113,26,0,5.0,1.0,done,102
113,27,0,15.0,1.0,done,60
113,28,0,10.0,1.0,done,83
113,29,10.0,10.0,0.0,pending,
113,30,15.0,15.0,0.0,pending,
113,31,5.0,5.0,0.0,pending,
113,32,10.0,10.0,0.0,pending,
113,33,10.0,10.0,0.0,pending,
113,34,0,10.0,1.0,done,46
113,35,15.0,15.0,0.0,pending,
113,36,15.0,15.0,0.0,pending,
113,37,0,5.0,1.0,done,66
113,38,15.0,15.0,0.0,pending,
113,39,0,10.0,1.0,done,28
113,40,0,10.0,1.0,done,89
113,41,15.0,15.0,0.0,pending,
113,42,10.0,10.0,0.0,pending,
113,43,0,5.0,1.0,done,94
113,44,0,15.0,1.0,done,18
113,45,0,5.0,1.0,done,110
113,46,0,5.0,1.0,done,31
113,47,0,15.0,1.0,done,69
113,48,10.0,10.0,0.0,pending,
114,0,0,10.0,1.0,done,25
114,1,10.0,10.0,0.0,pending,
114,2,0,5.0,1.0,done,21
114,3,0,10.0,1.0,done,65
114,4,15.0,15.0,0.0,pending,
114,5,10.0,10.0,0.0,pending,
114,6,10.0,10.0,0.0,pending,
114,7,10.0,10.0,0.0,pending,
114,8,0,10.0,1.0,done,47
114,9,10.0,10.0,0.0,pending,
114,10,15.0,15.0,0.0,pending,
114,11,0,5.0,1.0,done,51
114,12,0,15.0,1.0,done,17
114,13,5.0,5.0,0.0,pending,
114,14,10.0,10.0,0.0,pending,
114,15,0,5.0,1.0,done,30
114,16,5.0,5.0,0.0,pending,
114,17,0,15.0,1.0,done,43
114,18,10.0,10.0,0.0,pending,
114,19,15.0,15.0,0.0,pending,
114,20,0,15.0,1.0,done,52
114,21,0,15.0,1.0,done,53
114,22,5.0,5.0,0.0,pending,
114,23,0,10.0,1.0,done,37
114,24,5.0,5.0,0.0,pending,
114,25,15.0,15.0,0.0,pending,
114,26,0,5.0,1.0,done,102
114,27,0,15.0,1.0,done,60
114,28,0,10.0,1.0,done,83
114,29,10.0,10.0,0.0,pending,
114,30,15.0,15.0,0.0,pending,
114,31,5.0,5.0,0.0,pending,
114,32,10.0,10.0,0.0,pending,
114,33,10.0,10.0,0.0,pending,
114,34,0,10.0,1.0,done,46
114,35,15.0,15.0,0.0,pending,
114,36,15.0,15.0,0.0,pending,
114,37,0,5.0,1.0,done,66
114,38,15.0,15.0,0.0,pending,
114,39,0,10.0,1.0,done,28
114,40,0,10.0,1.0,done,89
114,41,15.0,15.0,0.0,pending,
114,42,10.0,10.0,0.0,pending,
114,43,0,5.0,1.0,done,94
114,44,0,15.0,1.0,done,18
114,45,0,5.0,1.0,done,110
114,46,0,5.0,1.0,done,31
114,47,0,15.0,1.0,done,69
114,48,10.0,10.0,0.0,pending,
115,0,0,10.0,1.0,done,25
115,1,10.0,10.0,0.0,pending,
115,2,0,5.0,1.0,done,21
115,3,0,10.0,1.0,done,65
115,4,15.0,15.0,0.0,pending,
115,5,10.0,10.0,0.0,pending,
115,6,10.0,10.0,0.0,pending,
115,7,10.0,10.0,0.0,pending,
115,8,0,10.0,1.0,done,47
115,9,9.652606450694796,10.0,0.034739354930520425,in_progress,
115,10,15.0,15.0,0.0,pending,
115,11,0,5.0,1.0,done,51
115,12,0,15.0,1.0,done,17
115,13,5.0,5.0,0.0,pending,
115,14,10.0,10.0,0.0,pending,
115,15,0,5.0,1.0,done,30
115,16,5.0,5.0,0.0,pending,
115,17,0,15.0,1.0,done,43
115,18,10.0,10.0,0.0,pending,
115,19,15.0,15.0,0.0,pending,
115,20,0,15.0,1.0,done,52
115,21,0,15.0,1.0,done,53
115,22,5.0,5.0,0.0,pending,
115,23,0,10.0,1.0,done,37
115,24,5.0,5.0,0.0,pending,
115,25,15.0,15.0,0.0,pending,
115,26,0,5.0,1.0,done,102
115,27,0,15.0,1.0,done,60
115,28,0,10.0,1.0,done,83
115,29,10.0,10.0,0.0,pending,
115,30,15.0,15.0,0.0,pending,
115,31,5.0,5.0,0.0,pending,
115,32,10.0,10.0,0.0,pending,
115,33,10.0,10.0,0.0,pending,
115,34,0,10.0,1.0,done,46
115,35,15.0,15.0,0.0,pending,
115,36,15.0,15.0,0.0,pending,
115,37,0,5.0,1.0,done,66
115,38,15.0,15.0,0.0,pending,
115,39,0,10.0,1.0,done,28
115,40,0,10.0,1.0,done,89
115,41,15.0,15.0,0.0,pending,
115,42,10.0,10.0,0.0,pending,
115,43,0,5.0,1.0,done,94
115,44,0,15.0,1.0,done,18
115,45,0,5.0,1.0,done,110
115,46,0,5.0,1.0,done,31
115,47,0,15.0,1.0,done,69
115,48,10.0,10.0,0.0,pending,
116,0,0,10.0,1.0,done,25
116,1,10.0,10.0,0.0,pending,
116,2,0,5.0,1.0,done,21
116,3,0,10.0,1.0,done,65
116,4,15.0,15.0,0.0,pending,
116,5,10.0,10.0,0.0,pending,
116,6,10.0,10.0,0.0,pending,
116,7,10.0,10.0,0.0,pending,
116,8,0,10.0,1.0,done,47
116,9,8.652606450694796,10.0,0.13473935493052042,in_progress,
116,10,15.0,15.0,0.0,pending,
116,11,0,5.0,1.0,done,51
116,12,0,15.0,1.0,done,17
116,13,5.0,5.0,0.0,pending,
116,14,10.0,10.0,0.0,pending,
116,15,0,5.0,1.0,done,30
116,16,5.0,5.0,0.0,pending,
116,17,0,15.0,1.0,done,43
116,18,10.0,10.0,0.0,pending,
116,19,15.0,15.0,0.0,pending,
116,20,0,15.0,1.0,done,52
116,21,0,15.0,1.0,done,53
116,22,5.0,5.0,0.0,pending,
116,23,0,10.0,1.0,done,37
116,24,5.0,5.0,0.0,pending,
116,25,15.0,15.0,0.0,pending,
116,26,0,5.0,1.0,done,102
116,27,0,15.0,1.0,done,60
116,28,0,10.0,1.0,done,83
116,29,10.0,10.0,0.0,pending,
116,30,15.0,15.0,0.0,pending,
116,31,5.0,5.0,0.0,pending,
116,32,10.0,10.0,0.0,pending,
116,33,10.0,10.0,0.0,pending,
116,34,0,10.0,1.0,done,46
116,35,15.0,15.0,0.0,pending,
116,36,15.0,15.0,0.0,pending,
116,37,0,5.0,1.0,done,66
116,38,15.0,15.0,0.0,pending,
116,39,0,10.0,1.0,done,28
116,40,0,10.0,1.0,done,89
116,41,15.0,15.0,0.0,pending,
116,42,10.0,10.0,0.0,pending,
116,43,0,5.0,1.0,done,94
116,44,0,15.0,1.0,done,18
116,45,0,5.0,1.0,done,110
116,46,0,5.0,1.0,done,31
116,47,0,15.0,1.0,done,69
116,48,10.0,10.0,0.0,pending,
117,0,0,10.0,1.0,done,25
117,1,10.0,10.0,0.0,pending,
117,2,0,5.0,1.0,done,21
117,3,0,10.0,1.0,done,65
117,4,15.0,15.0,0.0,pending,
117,5,10.0,10.0,0.0,pending,
117,6,10.0,10.0,0.0,pending,
117,7,10.0,10.0,0.0,pending,
117,8,0,10.0,1.0,done,47
117,9,7.652606450694796,10.0,0.23473935493052042,in_progress,
117,10,15.0,15.0,0.0,pending,
117,11,0,5.0,1.0,done,51
117,12,0,15.0,1.0,done,17
117,13,5.0,5.0,0.0,pending,
117,14,10.0,10.0,0.0,pending,
117,15,0,5.0,1.0,done,30
117,16,5.0,5.0,0.0,pending,
117,17,0,15.0,1.0,done,43
117,18,10.0,10.0,0.0,pending,
117,19,15.0,15.0,0.0,pending,
117,20,0,15.0,1.0,done,52
117,21,0,15.0,1.0,done,53
117,22,5.0,5.0,0.0,pending,
117,23,0,10.0,1.0,done,37
117,24,5.0,5.0,0.0,pending,
117,25,15.0,15.0,0.0,pending,
117,26,0,5.0,1.0,done,102
117,27,0,15.0,1.0,done,60
117,28,0,10.0,1.0,done,83
117,29,10.0,10.0,0.0,pending,
117,30,15.0,15.0,0.0,pending,
117,31,5.0,5.0,0.0,pending,
117,32,10.0,10.0,0.0,pending,
117,33,10.0,10.0,0.0,pending,
117,34,0,10.0,1.0,done,46
117,35,15.0,15.0,0.0,pending,
117,36,13.7504146581502,15.0,0.08330568945665331,in_progress,
117,37,0,5.0,1.0,done,66
117,38,15.0,15.0,0.0,pending,
117,39,0,10.0,1.0,done,28
117,40,0,10.0,1.0,done,89
117,41,15.0,15.0,0.0,pending,
117,42,10.0,10.0,0.0,pending,
117,43,0,5.0,1.0,done,94
117,44,0,15.0,1.0,done,18
117,45,0,5.0,1.0,done,110
117,46,0,5.0,1.0,done,31
117,47,0,15.0,1.0,done,69
117,48,10.0,10.0,0.0,pending,
118,0,0,10.0,1.0,done,25
118,1,10.0,10.0,0.0,pending,
118,2,0,5.0,1.0,done,21
118,3,0,10.0,1.0,done,65
118,4,15.0,15.0,0.0,pending,
118,5,10.0,10.0,0.0,pending,
118,6,10.0,10.0,0.0,pending,
118,7,10.0,10.0,0.0,pending,
118,8,0,10.0,1.0,done,47
118,9,6.652606450694796,10.0,0.3347393549305204,in_progress,
118,10,15.0,15.0,0.0,pending,
118,11,0,5.0,1.0,done,51
118,12,0,15.0,1.0,done,17
118,13,5.0,5.0,0.0,pending,
118,14,10.0,10.0,0.0,pending,
118,15,0,5.0,1.0,done,30
118,16,5.0,5.0,0.0,pending,
118,17,0,15.0,1.0,done,43
118,18,10.0,10.0,0.0,pending,
118,19,15.0,15.0,0.0,pending,
118,20,0,15.0,1.0,done,52
118,21,0,15.0,1.0,done,53
118,22,3.428049597268993,5.0,0.3143900805462014,in_progress,
118,23,0,10.0,1.0,done,37
118,24,4.851067124222466,5.0,0.029786575155506867,in_progress,
118,25,15.0,15.0,0.0,pending,
118,26,0,5.0,1.0,done,102
118,27,0,15.0,1.0,done,60
118,28,0,10.0,1.0,done,83
118,29,10.0,10.0,0.0,pending,
118,30,15.0,15.0,0.0,pending,
118,31,5.0,5.0,0.0,pending,
118,32,10.0,10.0,0.0,pending,
118,33,10.0,10.0,0.0,pending,
118,34,0,10.0,1.0,done,46
118,35,15.0,15.0,0.0,pending,
118,36,11.2504146581502,15.0,0.24997235612331997,in_progress,
118,37,0,5.0,1.0,done,66
118,38,15.0,15.0,0.0,pending,
118,39,0,10.0,1.0,done,28
118,40,0,10.0,1.0,done,89
118,41,15.0,15.0,0.0,pending,
118,42,10.0,10.0,0.0,pending,
118,43,0,5.0,1.0,done,94
118,44,0,15.0,1.0,done,18
118,45,0,5.0,1.0,done,110
118,46,0,5.0,1.0,done,31
118,47,0,15.0,1.0,done,69
118,48,10.0,10.0,0.0,pending,
119,0,0,10.0,1.0,done,25
119,1,10.0,10.0,0.0,pending,
119,2,0,5.0,1.0,done,21
119,3,0,10.0,1.0,done,65
119,4,15.0,15.0,0.0,pending,
119,5,10.0,10.0,0.0,pending,
119,6,10.0,10.0,0.0,pending,
119,7,10.0,10.0,0.0,pending,
119,8,0,10.0,1.0,done,47
119,9,5.652606450694796,10.0,0.4347393549305204,in_progress,
119,10,15.0,15.0,0.0,pending,
119,11,0,5.0,1.0,done,51
119,12,0,15.0,1.0,done,17
119,13,5.0,5.0,0.0,pending,
119,14,10.0,10.0,0.0,pending,
119,15,0,5.0,1.0,done,30
119,16,5.0,5.0,0.0,pending,
119,17,0,15.0,1.0,done,43
119,18,10.0,10.0,0.0,pending,
119,19,15.0,15.0,0.0,pending,
119,20,0,15.0,1.0,done,52
119,21,0,15.0,1.0,done,53
119,22,0.928049597268993,5.0,0.8143900805462014,in_progress,
119,23,0,10.0,1.0,done,37
119,24,3.8510671242224657,5.0,0.22978657515550688,in_progress,
119,25,15.0,15.0,0.0,pending,
119,26,0,5.0,1.0,done,102
119,27,0,15.0,1.0,done,60
119,28,0,10.0,1.0,done,83
119,29,10.0,10.0,0.0,pending,
119,30,15.0,15.0,0.0,pending,
119,31,5.0,5.0,0.0,pending,
119,32,10.0,10.0,0.0,pending,
119,33,10.0,10.0,0.0,pending,
119,34,0,10.0,1.0,done,46
119,35,15.0,15.0,0.0,pending,
119,36,8.7504146581502,15.0,0.41663902278998666,in_progress,
119,37,0,5.0,1.0,done,66
119,38,15.0,15.0,0.0,pending,
119,39,0,10.0,1.0,done,28
119,40,0,10.0,1.0,done,89
119,41,15.0,15.0,0.0,pending,
119,42,10.0,10.0,0.0,pending,
119,43,0,5.0,1.0,done,94
119,44,0,15.0,1.0,done,18
119,45,0,5.0,1.0,done,110
119,46,0,5.0,1.0,done,31
119,47,0,15.0,1.0,done,69
119,48,10.0,10.0,0.0,pending,
120,0,0,10.0,1.0,done,25
120,1,10.0,10.0,0.0,pending,
120,2,0,5.0,1.0,done,21
120,3,0,10.0,1.0,done,65
120,4,15.0,15.0,0.0,pending,
120,5,10.0,10.0,0.0,pending,
120,6,10.0,10.0,0.0,pending,
120,7,10.0,10.0,0.0,pending,
120,8,0,10.0,1.0,done,47
120,9,4.652606450694796,10.0,0.5347393549305204,in_progress,
120,10,15.0,15.0,0.0,pending,
120,11,0,5.0,1.0,done,51
120,12,0,15.0,1.0,done,17
120,13,5.0,5.0,0.0,pending,
120,14,10.0,10.0,0.0,pending,
120,15,0,5.0,1.0,done,30
120,16,5.0,5.0,0.0,pending,
120,17,0,15.0,1.0,done,43
120,18,10.0,10.0,0.0,pending,
120,19,15.0,15.0,0.0,pending,
120,20,0,15.0,1.0,done,52
120,21,0,15.0,1.0,done,53
120,22,0,5.0,1.0,done,120
120,23,0,10.0,1.0,done,37
120,24,2.8510671242224657,5.0,0.4297865751555069,in_progress,
120,25,15.0,15.0,0.0,pending,
120,26,0,5.0,1.0,done,102
120,27,0,15.0,1.0,done,60
120,28,0,10.0,1.0,done,83
120,29,10.0,10.0,0.0,pending,
120,30,15.0,15.0,0.0,pending,
120,31,5.0,5.0,0.0,pending,
120,32,10.0,10.0,0.0,pending,
120,33,10.0,10.0,0.0,pending,
120,34,0,10.0,1.0,done,46
120,35,15.0,15.0,0.0,pending,
120,36,6.2504146581502,15.0,0.5833056894566533,in_progress,
120,37,0,5.0,1.0,done,66
120,38,15.0,15.0,0.0,pending,
120,39,0,10.0,1.0,done,28
120,40,0,10.0,1.0,done,89
120,41,15.0,15.0,0.0,pending,
120,42,10.0,10.0,0.0,pending,
120,43,0,5.0,1.0,done,94
120,44,0,15.0,1.0,done,18
120,45,0,5.0,1.0,done,110
120,46,0,5.0,1.0,done,31
120,47,0,15.0,1.0,done,69
120,48,10.0,10.0,0.0,pending,
121,0,0,10.0,1.0,done,25
121,1,10.0,10.0,0.0,pending,
121,2,0,5.0,1.0,done,21
121,3,0,10.0,1.0,done,65
121,4,15.0,15.0,0.0,pending,
121,5,10.0,10.0,0.0,pending,
121,6,10.0,10.0,0.0,pending,
121,7,10.0,10.0,0.0,pending,
121,8,0,10.0,1.0,done,47
121,9,3.6526064506947957,10.0,0.6347393549305205,in_progress,
121,10,15.0,15.0,0.0,pending,
121,11,0,5.0,1.0,done,51
121,12,0,15.0,1.0,done,17
121,13,5.0,5.0,0.0,pending,
121,14,10.0,10.0,0.0,pending,
121,15,0,5.0,1.0,done,30
121,16,5.0,5.0,0.0,pending,
121,17,0,15.0,1.0,done,43
121,18,10.0,10.0,0.0,pending,
121,19,15.0,15.0,0.0,pending,
121,20,0,15.0,1.0,done,52
121,21,0,15.0,1.0,done,53
121,22,0,5.0,1.0,done,120
121,23,0,10.0,1.0,done,37
121,24,1.8510671242224657,5.0,0.6297865751555068,in_progress,
121,25,15.0,15.0,0.0,pending,
121,26,0,5.0,1.0,done,102
121,27,0,15.0,1.0,done,60
121,28,0,10.0,1.0,done,83
121,29,10.0,10.0,0.0,pending,
121,30,15.0,15.0,0.0,pending,
121,31,5.0,5.0,0.0,pending,
121,32,10.0,10.0,0.0,pending,
121,33,10.0,10.0,0.0,pending,
121,34,0,10.0,1.0,done,46
121,35,15.0,15.0,0.0,pending,
121,36,3.7504146581502003,15.0,0.74997235612332,in_progress,
121,37,0,5.0,1.0,done,66
121,38,15.0,15.0,0.0,pending,
121,39,0,10.0,1.0,done,28
121,40,0,10.0,1.0,done,89
121,41,15.0,15.0,0.0,pending,
121,42,10.0,10.0,0.0,pending,
121,43,0,5.0,1.0,done,94
121,44,0,15.0,1.0,done,18
121,45,0,5.0,1.0,done,110
121,46,0,5.0,1.0,done,31
121,47,0,15.0,1.0,done,69
121,48,10.0,10.0,0.0,pending,
122,0,0,10.0,1.0,done,25
122,1,10.0,10.0,0.0,pending,
122,2,0,5.0,1.0,done,21
122,3,0,10.0,1.0,done,65
122,4,15.0,15.0,0.0,pending,
122,5,10.0,10.0,0.0,pending,
122,6,10.0,10.0,0.0,pending,
122,7,10.0,10.0,0.0,pending,
122,8,0,10.0,1.0,done,47
122,9,2.6526064506947957,10.0,0.7347393549305204,in_progress,
122,10,15.0,15.0,0.0,pending,
122,11,0,5.0,1.0,done,51
122,12,0,15.0,1.0,done,17
122,13,5.0,5.0,0.0,pending,
122,14,10.0,10.0,0.0,pending,
122,15,0,5.0,1.0,done,30
122,16,5.0,5.0,0.0,pending,
122,17,0,15.0,1.0,done,43
122,18,10.0,10.0,0.0,pending,
122,19,15.0,15.0,0.0,pending,
122,20,0,15.0,1.0,done,52
122,21,0,15.0,1.0,done,53
122,22,0,5.0,1.0,done,120
122,23,0,10.0,1.0,done,37
122,24,0.8510671242224657,5.0,0.8297865751555069,in_progress,
122,25,15.0,15.0,0.0,pending,
122,26,0,5.0,1.0,done,102
122,27,0,15.0,1.0,done,60
122,28,0,10.0,1.0,done,83
122,29,10.0,10.0,0.0,pending,
122,30,15.0,15.0,0.0,pending,
122,31,5.0,5.0,0.0,pending,
122,32,10.0,10.0,0.0,pending,
122,33,10.0,10.0,0.0,pending,
122,34,0,10.0,1.0,done,46
122,35,15.0,15.0,0.0,pending,
122,36,1.2504146581502003,15.0,0.9166390227899867,in_progress,
122,37,0,5.0,1.0,done,66
122,38,15.0,15.0,0.0,pending,
122,39,0,10.0,1.0,done,28
122,40,0,10.0,1.0,done,89
122,41,15.0,15.0,0.0,pending,
122,42,10.0,10.0,0.0,pending,
122,43,0,5.0,1.0,done,94
122,44,0,15.0,1.0,done,18
122,45,0,5.0,1.0,done,110
122,46,0,5.0,1.0,done,31
122,47,0,15.0,1.0,done,69
122,48,10.0,10.0,0.0,pending,
123,0,0,10.0,1.0,done,25
123,1,10.0,10.0,0.0,pending,
123,2,0,5.0,1.0,done,21
123,3,0,10.0,1.0,done,65
123,4,15.0,15.0,0.0,pending,
123,5,10.0,10.0,0.0,pending,
123,6,10.0,10.0,0.0,pending,
123,7,10.0,10.0,0.0,pending,
123,8,0,10.0,1.0,done,47
123,9,1.6526064506947957,10.0,0.8347393549305204,in_progress,
123,10,15.0,15.0,0.0,pending,
123,11,0,5.0,1.0,done,51
123,12,0,15.0,1.0,done,17
123,13,5.0,5.0,0.0,pending,
123,14,10.0,10.0,0.0,pending,
123,15,0,5.0,1.0,done,30
123,16,5.0,5.0,0.0,pending,
123,17,0,15.0,1.0,done,43
123,18,10.0,10.0,0.0,pending,
123,19,15.0,15.0,0.0,pending,
123,20,0,15.0,1.0,done,52
123,21,0,15.0,1.0,done,53
123,22,0,5.0,1.0,done,120
123,23,0,10.0,1.0,done,37
123,24,0,5.0,1.0,done,123
123,25,15.0,15.0,0.0,pending,
123,26,0,5.0,1.0,done,102
123,27,0,15.0,1.0,done,60
123,28,0,10.0,1.0,done,83
123,29,10.0,10.0,0.0,pending,
123,30,15.0,15.0,0.0,pending,
123,31,5.0,5.0,0.0,pending,
123,32,10.0,10.0,0.0,pending,
123,33,10.0,10.0,0.0,pending,
123,34,0,10.0,1.0,done,46
123,35,15.0,15.0,0.0,pending,
123,36,0,15.0,1.0,done,123
123,37,0,5.0,1.0,done,66
123,38,15.0,15.0,0.0,pending,
123,39,0,10.0,1.0,done,28
123,40,0,10.0,1.0,done,89
123,41,15.0,15.0,0.0,pending,
123,42,10.0,10.0,0.0,pending,
123,43,0,5.0,1.0,done,94
123,44,0,15.0,1.0,done,18
123,45,0,5.0,1.0,done,110
123,46,0,5.0,1.0,done,31
123,47,0,15.0,1.0,done,69
123,48,10.0,10.0,0.0,pending,
124,0,0,10.0,1.0,done,25
124,1,10.0,10.0,0.0,pending,
124,2,0,5.0,1.0,done,21
124,3,0,10.0,1.0,done,65
124,4,15.0,15.0,0.0,pending,
124,5,10.0,10.0,0.0,pending,
124,6,10.0,10.0,0.0,pending,
124,7,10.0,10.0,0.0,pending,
124,8,0,10.0,1.0,done,47
124,9,0.6526064506947957,10.0,0.9347393549305204,in_progress,
124,10,15.0,15.0,0.0,pending,
124,11,0,5.0,1.0,done,51
124,12,0,15.0,1.0,done,17
124,13,5.0,5.0,0.0,pending,
124,14,10.0,10.0,0.0,pending,
124,15,0,5.0,1.0,done,30
124,16,5.0,5.0,0.0,pending,
124,17,0,15.0,1.0,done,43
124,18,10.0,10.0,0.0,pending,
124,19,15.0,15.0,0.0,pending,
124,20,0,15.0,1.0,done,52
124,21,0,15.0,1.0,done,53
124,22,0,5.0,1.0,done,120
124,23,0,10.0,1.0,done,37
124,24,0,5.0,1.0,done,123
124,25,15.0,15.0,0.0,pending,
124,26,0,5.0,1.0,done,102
124,27,0,15.0,1.0,done,60
124,28,0,10.0,1.0,done,83
124,29,10.0,10.0,0.0,pending,
124,30,15.0,15.0,0.0,pending,
124,31,5.0,5.0,0.0,pending,
124,32,10.0,10.0,0.0,pending,
124,33,10.0,10.0,0.0,pending,
124,34,0,10.0,1.0,done,46
124,35,15.0,15.0,0.0,pending,
124,36,0,15.0,1.0,done,123
124,37,0,5.0,1.0,done,66
124,38,15.0,15.0,0.0,pending,
124,39,0,10.0,1.0,done,28
124,40,0,10.0,1.0,done,89
124,41,15.0,15.0,0.0,pending,
124,42,10.0,10.0,0.0,pending,
124,43,0,5.0,1.0,done,94
124,44,0,15.0,1.0,done,18
124,45,0,5.0,1.0,done,110
124,46,0,5.0,1.0,done,31
124,47,0,15.0,1.0,done,69
124,48,10.0,10.0,0.0,pending,
125,0,0,10.0,1.0,done,25
125,1,10.0,10.0,0.0,pending,
125,2,0,5.0,1.0,done,21
125,3,0,10.0,1.0,done,65
125,4,15.0,15.0,0.0,pending,
125,5,10.0,10.0,0.0,pending,
125,6,10.0,10.0,0.0,pending,
125,7,10.0,10.0,0.0,pending,
125,8,0,10.0,1.0,done,47
125,9,0,10.0,1.0,done,125
125,10,15.0,15.0,0.0,pending,
125,11,0,5.0,1.0,done,51
125,12,0,15.0,1.0,done,17
125,13,5.0,5.0,0.0,pending,
125,14,10.0,10.0,0.0,pending,
125,15,0,5.0,1.0,done,30
125,16,5.0,5.0,0.0,pending,
125,17,0,15.0,1.0,done,43
125,18,10.0,10.0,0.0,pending,
125,19,15.0,15.0,0.0,pending,
125,20,0,15.0,1.0,done,52
125,21,0,15.0,1.0,done,53
125,22,0,5.0,1.0,done,120
125,23,0,10.0,1.0,done,37
125,24,0,5.0,1.0,done,123
125,25,15.0,15.0,0.0,pending,
125,26,0,5.0,1.0,done,102
125,27,0,15.0,1.0,done,60
125,28,0,10.0,1.0,done,83
125,29,10.0,10.0,0.0,pending,
125,30,15.0,15.0,0.0,pending,
125,31,5.0,5.0,0.0,pending,
125,32,10.0,10.0,0.0,pending,
125,33,10.0,10.0,0.0,pending,
125,34,0,10.0,1.0,done,46
125,35,15.0,15.0,0.0,pending,
125,36,0,15.0,1.0,done,123
125,37,0,5.0,1.0,done,66
125,38,15.0,15.0,0.0,pending,
125,39,0,10.0,1.0,done,28
125,40,0,10.0,1.0,done,89
125,41,15.0,15.0,0.0,pending,
125,42,10.0,10.0,0.0,pending,
125,43,0,5.0,1.0,done,94
125,44,0,15.0,1.0,done,18
125,45,0,5.0,1.0,done,110
125,46,0,5.0,1.0,done,31
125,47,0,15.0,1.0,done,69
125,48,10.0,10.0,0.0,pending,
126,0,0,10.0,1.0,done,25
126,1,10.0,10.0,0.0,pending,
126,2,0,5.0,1.0,done,21
126,3,0,10.0,1.0,done,65
126,4,15.0,15.0,0.0,pending,
126,5,10.0,10.0,0.0,pending,
126,6,10.0,10.0,0.0,pending,
126,7,10.0,10.0,0.0,pending,
126,8,0,10.0,1.0,done,47
126,9,0,10.0,1.0,done,125
126,10,15.0,15.0,0.0,pending,
126,11,0,5.0,1.0,done,51
126,12,0,15.0,1.0,done,17
126,13,5.0,5.0,0.0,pending,
126,14,10.0,10.0,0.0,pending,
126,15,0,5.0,1.0,done,30
126,16,5.0,5.0,0.0,pending,
126,17,0,15.0,1.0,done,43
126,18,10.0,10.0,0.0,pending,
126,19,15.0,15.0,0.0,pending,
126,20,0,15.0,1.0,done,52
126,21,0,15.0,1.0,done,53
126,22,0,5.0,1.0,done,120
126,23,0,10.0,1.0,done,37
126,24,0,5.0,1.0,done,123
126,25,15.0,15.0,0.0,pending,
126,26,0,5.0,1.0,done,102
126,27,0,15.0,1.0,done,60
126,28,0,10.0,1.0,done,83
126,29,10.0,10.0,0.0,pending,
126,30,15.0,15.0,0.0,pending,
126,31,5.0,5.0,0.0,pending,
126,32,10.0,10.0,0.0,pending,
126,33,10.0,10.0,0.0,pending,
126,34,0,10.0,1.0,done,46
126,35,15.0,15.0,0.0,pending,
126,36,0,15.0,1.0,done,123
126,37,0,5.0,1.0,done,66
126,38,15.0,15.0,0.0,pending,
126,39,0,10.0,1.0,done,28
126,40,0,10.0,1.0,done,89
126,41,15.0,15.0,0.0,pending,
126,42,10.0,10.0,0.0,pending,
126,43,0,5.0,1.0,done,94
126,44,0,15.0,1.0,done,18
126,45,0,5.0,1.0,done,110
126,46,0,5.0,1.0,done,31
126,47,0,15.0,1.0,done,69
126,48,10.0,10.0,0.0,pending,
127,0,0,10.0,1.0,done,25
127,1,10.0,10.0,0.0,pending,
127,2,0,5.0,1.0,done,21
127,3,0,10.0,1.0,done,65
127,4,15.0,15.0,0.0,pending,
127,5,10.0,10.0,0.0,pending,
127,6,10.0,10.0,0.0,pending,
127,7,10.0,10.0,0.0,pending,
127,8,0,10.0,1.0,done,47
127,9,0,10.0,1.0,done,125
127,10,15.0,15.0,0.0,pending,
127,11,0,5.0,1.0,done,51
127,12,0,15.0,1.0,done,17
127,13,5.0,5.0,0.0,pending,
127,14,10.0,10.0,0.0,pending,
127,15,0,5.0,1.0,done,30
127,16,5.0,5.0,0.0,pending,
127,17,0,15.0,1.0,done,43
127,18,10.0,10.0,0.0,pending,
127,19,15.0,15.0,0.0,pending,
127,20,0,15.0,1.0,done,52
127,21,0,15.0,1.0,done,53
127,22,0,5.0,1.0,done,120
127,23,0,10.0,1.0,done,37
127,24,0,5.0,1.0,done,123
127,25,15.0,15.0,0.0,pending,
127,26,0,5.0,1.0,done,102
127,27,0,15.0,1.0,done,60
127,28,0,10.0,1.0,done,83
127,29,10.0,10.0,0.0,pending,
127,30,15.0,15.0,0.0,pending,
127,31,5.0,5.0,0.0,pending,
127,32,10.0,10.0,0.0,pending,
127,33,10.0,10.0,0.0,pending,
127,34,0,10.0,1.0,done,46
127,35,15.0,15.0,0.0,pending,
127,36,0,15.0,1.0,done,123
127,37,0,5.0,1.0,done,66
127,38,15.0,15.0,0.0,pending,
127,39,0,10.0,1.0,done,28
127,40,0,10.0,1.0,done,89
127,41,15.0,15.0,0.0,pending,
127,42,10.0,10.0,0.0,pending,
127,43,0,5.0,1.0,done,94
127,44,0,15.0,1.0,done,18
127,45,0,5.0,1.0,done,110
127,46,0,5.0,1.0,done,31
127,47,0,15.0,1.0,done,69
127,48,10.0,10.0,0.0,pending,
128,0,0,10.0,1.0,done,25
128,1,10.0,10.0,0.0,pending,
128,2,0,5.0,1.0,done,21
128,3,0,10.0,1.0,done,65
128,4,15.0,15.0,0.0,pending,
128,5,10.0,10.0,0.0,pending,
128,6,10.0,10.0,0.0,pending,
128,7,10.0,10.0,0.0,pending,
128,8,0,10.0,1.0,done,47
128,9,0,10.0,1.0,done,125
128,10,15.0,15.0,0.0,pending,
128,11,0,5.0,1.0,done,51
128,12,0,15.0,1.0,done,17
128,13,5.0,5.0,0.0,pending,
128,14,10.0,10.0,0.0,pending,
128,15,0,5.0,1.0,done,30
128,16,5.0,5.0,0.0,pending,
128,17,0,15.0,1.0,done,43
128,18,10.0,10.0,0.0,pending,
128,19,13.375466438221315,15.0,0.10830223745191235,in_progress,
128,20,0,15.0,1.0,done,52
128,21,0,15.0,1.0,done,53
128,22,0,5.0,1.0,done,120
128,23,0,10.0,1.0,done,37
128,24,0,5.0,1.0,done,123
128,25,15.0,15.0,0.0,pending,
128,26,0,5.0,1.0,done,102
128,27,0,15.0,1.0,done,60
128,28,0,10.0,1.0,done,83
128,29,10.0,10.0,0.0,pending,
128,30,15.0,15.0,0.0,pending,
128,31,5.0,5.0,0.0,pending,
128,32,10.0,10.0,0.0,pending,
128,33,10.0,10.0,0.0,pending,
128,34,0,10.0,1.0,done,46
128,35,15.0,15.0,0.0,pending,
128,36,0,15.0,1.0,done,123
128,37,0,5.0,1.0,done,66
128,38,15.0,15.0,0.0,pending,
128,39,0,10.0,1.0,done,28
128,40,0,10.0,1.0,done,89
128,41,15.0,15.0,0.0,pending,
128,42,10.0,10.0,0.0,pending,
128,43,0,5.0,1.0,done,94
128,44,0,15.0,1.0,done,18
128,45,0,5.0,1.0,done,110
128,46,0,5.0,1.0,done,31
128,47,0,15.0,1.0,done,69
128,48,10.0,10.0,0.0,pending,
129,0,0,10.0,1.0,done,25
129,1,10.0,10.0,0.0,pending,
129,2,0,5.0,1.0,done,21
129,3,0,10.0,1.0,done,65
129,4,15.0,15.0,0.0,pending,
129,5,10.0,10.0,0.0,pending,
129,6,10.0,10.0,0.0,pending,
129,7,10.0,10.0,0.0,pending,
129,8,0,10.0,1.0,done,47
129,9,0,10.0,1.0,done,125
129,10,15.0,15.0,0.0,pending,
129,11,0,5.0,1.0,done,51
129,12,0,15.0,1.0,done,17
129,13,5.0,5.0,0.0,pending,
129,14,10.0,10.0,0.0,pending,
129,15,0,5.0,1.0,done,30
129,16,5.0,5.0,0.0,pending,
129,17,0,15.0,1.0,done,43
129,18,10.0,10.0,0.0,pending,
129,19,11.375466438221315,15.0,0.2416355707852457,in_progress,
129,20,0,15.0,1.0,done,52
129,21,0,15.0,1.0,done,53
129,22,0,5.0,1.0,done,120
129,23,0,10.0,1.0,done,37
129,24,0,5.0,1.0,done,123
129,25,15.0,15.0,0.0,pending,
129,26,0,5.0,1.0,done,102
129,27,0,15.0,1.0,done,60
129,28,0,10.0,1.0,done,83
129,29,10.0,10.0,0.0,pending,
129,30,15.0,15.0,0.0,pending,
129,31,5.0,5.0,0.0,pending,
129,32,10.0,10.0,0.0,pending,
129,33,10.0,10.0,0.0,pending,
129,34,0,10.0,1.0,done,46
129,35,15.0,15.0,0.0,pending,
129,36,0,15.0,1.0,done,123
129,37,0,5.0,1.0,done,66
129,38,15.0,15.0,0.0,pending,
129,39,0,10.0,1.0,done,28
129,40,0,10.0,1.0,done,89
129,41,15.0,15.0,0.0,pending,
129,42,10.0,10.0,0.0,pending,
129,43,0,5.0,1.0,done,94
129,44,0,15.0,1.0,done,18
129,45,0,5.0,1.0,done,110
129,46,0,5.0,1.0,done,31
129,47,0,15.0,1.0,done,69
129,48,10.0,10.0,0.0,pending,
130,0,0,10.0,1.0,done,25
130,1,10.0,10.0,0.0,pending,
130,2,0,5.0,1.0,done,21
130,3,0,10.0,1.0,done,65
130,4,15.0,15.0,0.0,pending,
130,5,10.0,10.0,0.0,pending,
130,6,10.0,10.0,0.0,pending,
130,7,10.0,10.0,0.0,pending,
130,8,0,10.0,1.0,done,47
130,9,0,10.0,1.0,done,125
130,10,15.0,15.0,0.0,pending,
130,11,0,5.0,1.0,done,51
130,12,0,15.0,1.0,done,17
130,13,5.0,5.0,0.0,pending,
130,14,10.0,10.0,0.0,pending,
130,15,0,5.0,1.0,done,30
130,16,5.0,5.0,0.0,pending,
130,17,0,15.0,1.0,done,43
130,18,10.0,10.0,0.0,pending,
130,19,9.375466438221315,15.0,0.374968904118579,in_progress,
130,20,0,15.0,1.0,done,52
130,21,0,15.0,1.0,done,53
130,22,0,5.0,1.0,done,120
130,23,0,10.0,1.0,done,37
130,24,0,5.0,1.0,done,123
130,25,15.0,15.0,0.0,pending,
130,26,0,5.0,1.0,done,102
130,27,0,15.0,1.0,done,60
130,28,0,10.0,1.0,done,83
130,29,10.0,10.0,0.0,pending,
130,30,15.0,15.0,0.0,pending,
130,31,5.0,5.0,0.0,pending,
130,32,10.0,10.0,0.0,pending,
130,33,10.0,10.0,0.0,pending,
130,34,0,10.0,1.0,done,46
130,35,15.0,15.0,0.0,pending,
130,36,0,15.0,1.0,done,123
130,37,0,5.0,1.0,done,66
130,38,15.0,15.0,0.0,pending,
130,39,0,10.0,1.0,done,28
130,40,0,10.0,1.0,done,89
130,41,15.0,15.0,0.0,pending,
130,42,10.0,10.0,0.0,pending,
130,43,0,5.0,1.0,done,94
130,44,0,15.0,1.0,done,18
130,45,0,5.0,1.0,done,110
130,46,0,5.0,1.0,done,31
130,47,0,15.0,1.0,done,69
130,48,10.0,10.0,0.0,pending,
131,0,0,10.0,1.0,done,25
131,1,10.0,10.0,0.0,pending,
131,2,0,5.0,1.0,done,21
131,3,0,10.0,1.0,done,65
131,4,15.0,15.0,0.0,pending,
131,5,10.0,10.0,0.0,pending,
131,6,10.0,10.0,0.0,pending,
131,7,10.0,10.0,0.0,pending,
131,8,0,10.0,1.0,done,47
131,9,0,10.0,1.0,done,125
131,10,15.0,15.0,0.0,pending,
131,11,0,5.0,1.0,done,51
131,12,0,15.0,1.0,done,17
131,13,5.0,5.0,0.0,pending,
131,14,10.0,10.0,0.0,pending,
131,15,0,5.0,1.0,done,30
131,16,5.0,5.0,0.0,pending,
131,17,0,15.0,1.0,done,43
131,18,10.0,10.0,0.0,pending,
131,19,7.375466438221315,15.0,0.5083022374519124,in_progress,
131,20,0,15.0,1.0,done,52
131,21,0,15.0,1.0,done,53
131,22,0,5.0,1.0,done,120
131,23,0,10.0,1.0,done,37
131,24,0,5.0,1.0,done,123
131,25,15.0,15.0,0.0,pending,
131,26,0,5.0,1.0,done,102
131,27,0,15.0,1.0,done,60
131,28,0,10.0,1.0,done,83
131,29,10.0,10.0,0.0,pending,
131,30,15.0,15.0,0.0,pending,
131,31,5.0,5.0,0.0,pending,
131,32,10.0,10.0,0.0,pending,
131,33,10.0,10.0,0.0,pending,
131,34,0,10.0,1.0,done,46
131,35,15.0,15.0,0.0,pending,
131,36,0,15.0,1.0,done,123
131,37,0,5.0,1.0,done,66
131,38,15.0,15.0,0.0,pending,
131,39,0,10.0,1.0,done,28
131,40,0,10.0,1.0,done,89
131,41,15.0,15.0,0.0,pending,
131,42,10.0,10.0,0.0,pending,
131,43,0,5.0,1.0,done,94
131,44,0,15.0,1.0,done,18
131,45,0,5.0,1.0,done,110
131,46,0,5.0,1.0,done,31
131,47,0,15.0,1.0,done,69
131,48,7.695838999530109,10.0,0.23041610004698915,in_progress,
132,0,0,10.0,1.0,done,25
132,1,10.0,10.0,0.0,pending,
132,2,0,5.0,1.0,done,21
132,3,0,10.0,1.0,done,65
132,4,15.0,15.0,0.0,pending,
132,5,10.0,10.0,0.0,pending,
132,6,10.0,10.0,0.0,pending,
132,7,10.0,10.0,0.0,pending,
132,8,0,10.0,1.0,done,47
132,9,0,10.0,1.0,done,125
132,10,15.0,15.0,0.0,pending,
132,11,0,5.0,1.0,done,51
132,12,0,15.0,1.0,done,17
132,13,5.0,5.0,0.0,pending,
132,14,10.0,10.0,0.0,pending,
132,15,0,5.0,1.0,done,30
132,16,5.0,5.0,0.0,pending,
132,17,0,15.0,1.0,done,43
132,18,10.0,10.0,0.0,pending,
132,19,5.375466438221315,15.0,0.6416355707852457,in_progress,
132,20,0,15.0,1.0,done,52
132,21,0,15.0,1.0,done,53
132,22,0,5.0,1.0,done,120
132,23,0,10.0,1.0,done,37
132,24,0,5.0,1.0,done,123
132,25,15.0,15.0,0.0,pending,
132,26,0,5.0,1.0,done,102
132,27,0,15.0,1.0,done,60
132,28,0,10.0,1.0,done,83
132,29,10.0,10.0,0.0,pending,
132,30,15.0,15.0,0.0,pending,
132,31,5.0,5.0,0.0,pending,
132,32,10.0,10.0,0.0,pending,
132,33,10.0,10.0,0.0,pending,
132,34,0,10.0,1.0,done,46
132,35,15.0,15.0,0.0,pending,
132,36,0,15.0,1.0,done,123
132,37,0,5.0,1.0,done,66
132,38,15.0,15.0,0.0,pending,
132,39,0,10.0,1.0,done,28
132,40,0,10.0,1.0,done,89
132,41,15.0,15.0,0.0,pending,
132,42,10.0,10.0,0.0,pending,
132,43,0,5.0,1.0,done,94
132,44,0,15.0,1.0,done,18
132,45,0,5.0,1.0,done,110
132,46,0,5.0,1.0,done,31
132,47,0,15.0,1.0,done,69
132,48,5.195838999530109,10.0,0.48041610004698915,in_progress,
133,0,0,10.0,1.0,done,25
133,1,10.0,10.0,0.0,pending,
133,2,0,5.0,1.0,done,21
133,3,0,10.0,1.0,done,65
133,4,15.0,15.0,0.0,pending,
133,5,10.0,10.0,0.0,pending,
133,6,10.0,10.0,0.0,pending,
133,7,10.0,10.0,0.0,pending,
133,8,0,10.0,1.0,done,47
133,9,0,10.0,1.0,done,125
133,10,15.0,15.0,0.0,pending,
133,11,0,5.0,1.0,done,51
133,12,0,15.0,1.0,done,17
133,13,5.0,5.0,0.0,pending,
133,14,10.0,10.0,0.0,pending,
133,15,0,5.0,1.0,done,30
133,16,5.0,5.0,0.0,pending,
133,17,0,15.0,1.0,done,43
133,18,10.0,10.0,0.0,pending,
133,19,3.3754664382213146,15.0,0.774968904118579,in_progress,
133,20,0,15.0,1.0,done,52
133,21,0,15.0,1.0,done,53
133,22,0,5.0,1.0,done,120
133,23,0,10.0,1.0,done,37
133,24,0,5.0,1.0,done,123
133,25,15.0,15.0,0.0,pending,
133,26,0,5.0,1.0,done,102
133,27,0,15.0,1.0,done,60
133,28,0,10.0,1.0,done,83
133,29,10.0,10.0,0.0,pending,
133,30,15.0,15.0,0.0,pending,
133,31,5.0,5.0,0.0,pending,
133,32,10.0,10.0,0.0,pending,
133,33,10.0,10.0,0.0,pending,
133,34,0,10.0,1.0,done,46
133,35,15.0,15.0,0.0,pending,
133,36,0,15.0,1.0,done,123
133,37,0,5.0,1.0,done,66
133,38,15.0,15.0,0.0,pending,
133,39,0,10.0,1.0,done,28
133,40,0,10.0,1.0,done,89
133,41,15.0,15.0,0.0,pending,
133,42,10.0,10.0,0.0,pending,
133,43,0,5.0,1.0,done,94
133,44,0,15.0,1.0,done,18
133,45,0,5.0,1.0,done,110
133,46,0,5.0,1.0,done,31
133,47,0,15.0,1.0,done,69
133,48,2.6958389995301086,10.0,0.7304161000469891,in_progress,
134,0,0,10.0,1.0,done,25
134,1,10.0,10.0,0.0,pending,
134,2,0,5.0,1.0,done,21
134,3,0,10.0,1.0,done,65
134,4,15.0,15.0,0.0,pending,
134,5,10.0,10.0,0.0,pending,
134,6,10.0,10.0,0.0,pending,
134,7,10.0,10.0,0.0,pending,
134,8,0,10.0,1.0,done,47
134,9,0,10.0,1.0,done,125
134,10,15.0,15.0,0.0,pending,
134,11,0,5.0,1.0,done,51
134,12,0,15.0,1.0,done,17
134,13,5.0,5.0,0.0,pending,
134,14,10.0,10.0,0.0,pending,
134,15,0,5.0,1.0,done,30
134,16,5.0,5.0,0.0,pending,
134,17,0,15.0,1.0,done,43
134,18,10.0,10.0,0.0,pending,
134,19,1.3754664382213146,15.0,0.9083022374519124,in_progress,
134,20,0,15.0,1.0,done,52
134,21,0,15.0,1.0,done,53
134,22,0,5.0,1.0,done,120
134,23,0,10.0,1.0,done,37
134,24,0,5.0,1.0,done,123
134,25,15.0,15.0,0.0,pending,
134,26,0,5.0,1.0,done,102
134,27,0,15.0,1.0,done,60
134,28,0,10.0,1.0,done,83
134,29,10.0,10.0,0.0,pending,
134,30,15.0,15.0,0.0,pending,
134,31,5.0,5.0,0.0,pending,
134,32,10.0,10.0,0.0,pending,
134,33,10.0,10.0,0.0,pending,
134,34,0,10.0,1.0,done,46
134,35,15.0,15.0,0.0,pending,
134,36,0,15.0,1.0,done,123
134,37,0,5.0,1.0,done,66
134,38,15.0,15.0,0.0,pending,
134,39,0,10.0,1.0,done,28
134,40,0,10.0,1.0,done,89
134,41,15.0,15.0,0.0,pending,
134,42,10.0,10.0,0.0,pending,
134,43,0,5.0,1.0,done,94
134,44,0,15.0,1.0,done,18
134,45,0,5.0,1.0,done,110
134,46,0,5.0,1.0,done,31
134,47,0,15.0,1.0,done,69
134,48,0.19583899953010864,10.0,0.9804161000469891,in_progress,
135,0,0,10.0,1.0,done,25
135,1,10.0,10.0,0.0,pending,
135,2,0,5.0,1.0,done,21
135,3,0,10.0,1.0,done,65
135,4,15.0,15.0,0.0,pending,
135,5,10.0,10.0,0.0,pending,
135,6,10.0,10.0,0.0,pending,
135,7,10.0,10.0,0.0,pending,
135,8,0,10.0,1.0,done,47
135,9,0,10.0,1.0,done,125
135,10,15.0,15.0,0.0,pending,
135,11,0,5.0,1.0,done,51
135,12,0,15.0,1.0,done,17
135,13,5.0,5.0,0.0,pending,
135,14,10.0,10.0,0.0,pending,
135,15,0,5.0,1.0,done,30
135,16,5.0,5.0,0.0,pending,
135,17,0,15.0,1.0,done,43
135,18,10.0,10.0,0.0,pending,
135,19,0,15.0,1.0,done,135
135,20,0,15.0,1.0,done,52
135,21,0,15.0,1.0,done,53
135,22,0,5.0,1.0,done,120
135,23,0,10.0,1.0,done,37
135,24,0,5.0,1.0,done,123
135,25,15.0,15.0,0.0,pending,
135,26,0,5.0,1.0,done,102
135,27,0,15.0,1.0,done,60
135,28,0,10.0,1.0,done,83
135,29,10.0,10.0,0.0,pending,
135,30,15.0,15.0,0.0,pending,
135,31,5.0,5.0,0.0,pending,
135,32,10.0,10.0,0.0,pending,
135,33,10.0,10.0,0.0,pending,
135,34,0,10.0,1.0,done,46
135,35,15.0,15.0,0.0,pending,
135,36,0,15.0,1.0,done,123
135,37,0,5.0,1.0,done,66
135,38,15.0,15.0,0.0,pending,
135,39,0,10.0,1.0,done,28
135,40,0,10.0,1.0,done,89
135,41,15.0,15.0,0.0,pending,
135,42,10.0,10.0,0.0,pending,
135,43,0,5.0,1.0,done,94
135,44,0,15.0,1.0,done,18
135,45,0,5.0,1.0,done,110
135,46,0,5.0,1.0,done,31
135,47,0,15.0,1.0,done,69
135,48,0,10.0,1.0,done,135
136,0,0,10.0,1.0,done,25
136,1,10.0,10.0,0.0,pending,
136,2,0,5.0,1.0,done,21
136,3,0,10.0,1.0,done,65
136,4,15.0,15.0,0.0,pending,
136,5,10.0,10.0,0.0,pending,
136,6,10.0,10.0,0.0,pending,
136,7,10.0,10.0,0.0,pending,
136,8,0,10.0,1.0,done,47
136,9,0,10.0,1.0,done,125
136,10,15.0,15.0,0.0,pending,
136,11,0,5.0,1.0,done,51
136,12,0,15.0,1.0,done,17
136,13,5.0,5.0,0.0,pending,
136,14,10.0,10.0,0.0,pending,
136,15,0,5.0,1.0,done,30
136,16,5.0,5.0,0.0,pending,
136,17,0,15.0,1.0,done,43
136,18,10.0,10.0,0.0,pending,
136,19,0,15.0,1.0,done,135
136,20,0,15.0,1.0,done,52
136,21,0,15.0,1.0,done,53
136,22,0,5.0,1.0,done,120
136,23,0,10.0,1.0,done,37
136,24,0,5.0,1.0,done,123
136,25,15.0,15.0,0.0,pending,
136,26,0,5.0,1.0,done,102
136,27,0,15.0,1.0,done,60
136,28,0,10.0,1.0,done,83
136,29,10.0,10.0,0.0,pending,
136,30,15.0,15.0,0.0,pending,
136,31,5.0,5.0,0.0,pending,
136,32,10.0,10.0,0.0,pending,
136,33,10.0,10.0,0.0,pending,
136,34,0,10.0,1.0,done,46
136,35,15.0,15.0,0.0,pending,
136,36,0,15.0,1.0,done,123
136,37,0,5.0,1.0,done,66
136,38,15.0,15.0,0.0,pending,
136,39,0,10.0,1.0,done,28
136,40,0,10.0,1.0,done,89
136,41,15.0,15.0,0.0,pending,
136,42,10.0,10.0,0.0,pending,
136,43,0,5.0,1.0,done,94
136,44,0,15.0,1.0,done,18
136,45,0,5.0,1.0,done,110
136,46,0,5.0,1.0,done,31
136,47,0,15.0,1.0,done,69
136,48,0,10.0,1.0,done,135
137,0,0,10.0,1.0,done,25
137,1,10.0,10.0,0.0,pending,
137,2,0,5.0,1.0,done,21
137,3,0,10.0,1.0,done,65
137,4,15.0,15.0,0.0,pending,
137,5,10.0,10.0,0.0,pending,
137,6,10.0,10.0,0.0,pending,
137,7,10.0,10.0,0.0,pending,
137,8,0,10.0,1.0,done,47
137,9,0,10.0,1.0,done,125
137,10,15.0,15.0,0.0,pending,
137,11,0,5.0,1.0,done,51
137,12,0,15.0,1.0,done,17
137,13,5.0,5.0,0.0,pending,
137,14,10.0,10.0,0.0,pending,
137,15,0,5.0,1.0,done,30
137,16,5.0,5.0,0.0,pending,
137,17,0,15.0,1.0,done,43
137,18,10.0,10.0,0.0,pending,
137,19,0,15.0,1.0,done,135
137,20,0,15.0,1.0,done,52
137,21,0,15.0,1.0,done,53
137,22,0,5.0,1.0,done,120
137,23,0,10.0,1.0,done,37
137,24,0,5.0,1.0,done,123
137,25,15.0,15.0,0.0,pending,
137,26,0,5.0,1.0,done,102
137,27,0,15.0,1.0,done,60
137,28,0,10.0,1.0,done,83
137,29,9.795140339416442,10.0,0.020485966058355842,in_progress,
137,30,15.0,15.0,0.0,pending,
137,31,5.0,5.0,0.0,pending,
137,32,10.0,10.0,0.0,pending,
137,33,10.0,10.0,0.0,pending,
137,34,0,10.0,1.0,done,46
137,35,15.0,15.0,0.0,pending,
137,36,0,15.0,1.0,done,123
137,37,0,5.0,1.0,done,66
137,38,15.0,15.0,0.0,pending,
137,39,0,10.0,1.0,done,28
137,40,0,10.0,1.0,done,89
137,41,15.0,15.0,0.0,pending,
137,42,10.0,10.0,0.0,pending,
137,43,0,5.0,1.0,done,94
137,44,0,15.0,1.0,done,18
137,45,0,5.0,1.0,done,110
137,46,0,5.0,1.0,done,31
137,47,0,15.0,1.0,done,69
137,48,0,10.0,1.0,done,135
138,0,0,10.0,1.0,done,25
138,1,10.0,10.0,0.0,pending,
138,2,0,5.0,1.0,done,21
138,3,0,10.0,1.0,done,65
138,4,15.0,15.0,0.0,pending,
138,5,10.0,10.0,0.0,pending,
138,6,10.0,10.0,0.0,pending,
138,7,10.0,10.0,0.0,pending,
138,8,0,10.0,1.0,done,47
138,9,0,10.0,1.0,done,125
138,10,15.0,15.0,0.0,pending,
138,11,0,5.0,1.0,done,51
138,12,0,15.0,1.0,done,17
138,13,5.0,5.0,0.0,pending,
138,14,10.0,10.0,0.0,pending,
138,15,0,5.0,1.0,done,30
138,16,5.0,5.0,0.0,pending,
138,17,0,15.0,1.0,done,43
138,18,10.0,10.0,0.0,pending,
138,19,0,15.0,1.0,done,135
138,20,0,15.0,1.0,done,52
138,21,0,15.0,1.0,done,53
138,22,0,5.0,1.0,done,120
138,23,0,10.0,1.0,done,37
138,24,0,5.0,1.0,done,123
138,25,15.0,15.0,0.0,pending,
138,26,0,5.0,1.0,done,102
138,27,0,15.0,1.0,done,60
138,28,0,10.0,1.0,done,83
138,29,7.795140339416442,10.0,0.22048596605835585,in_progress,
138,30,15.0,15.0,0.0,pending,
138,31,5.0,5.0,0.0,pending,
138,32,10.0,10.0,0.0,pending,
138,33,10.0,10.0,0.0,pending,
138,34,0,10.0,1.0,done,46
138,35,15.0,15.0,0.0,pending,
138,36,0,15.0,1.0,done,123
138,37,0,5.0,1.0,done,66
138,38,15.0,15.0,0.0,pending,
138,39,0,10.0,1.0,done,28
138,40,0,10.0,1.0,done,89
138,41,15.0,15.0,0.0,pending,
138,42,10.0,10.0,0.0,pending,
138,43,0,5.0,1.0,done,94
138,44,0,15.0,1.0,done,18
138,45,0,5.0,1.0,done,110
138,46,0,5.0,1.0,done,31
138,47,0,15.0,1.0,done,69
138,48,0,10.0,1.0,done,135
139,0,0,10.0,1.0,done,25
139,1,10.0,10.0,0.0,pending,
139,2,0,5.0,1.0,done,21
139,3,0,10.0,1.0,done,65
139,4,15.0,15.0,0.0,pending,
139,5,10.0,10.0,0.0,pending,
139,6,10.0,10.0,0.0,pending,
139,7,10.0,10.0,0.0,pending,
139,8,0,10.0,1.0,done,47
139,9,0,10.0,1.0,done,125
139,10,15.0,15.0,0.0,pending,
139,11,0,5.0,1.0,done,51
139,12,0,15.0,1.0,done,17
139,13,5.0,5.0,0.0,pending,
139,14,10.0,10.0,0.0,pending,
139,15,0,5.0,1.0,done,30
139,16,5.0,5.0,0.0,pending,
139,17,0,15.0,1.0,done,43
139,18,10.0,10.0,0.0,pending,
139,19,0,15.0,1.0,done,135
139,20,0,15.0,1.0,done,52
139,21,0,15.0,1.0,done,53
139,22,0,5.0,1.0,done,120
139,23,0,10.0,1.0,done,37
139,24,0,5.0,1.0,done,123
139,25,15.0,15.0,0.0,pending,
139,26,0,5.0,1.0,done,102
139,27,0,15.0,1.0,done,60
139,28,0,10.0,1.0,done,83
139,29,5.795140339416442,10.0,0.42048596605835586,in_progress,
139,30,15.0,15.0,0.0,pending,
139,31,5.0,5.0,0.0,pending,
139,32,10.0,10.0,0.0,pending,
139,33,9.203000166920724,10.0,0.07969998330792763,in_progress,
139,34,0,10.0,1.0,done,46
139,35,15.0,15.0,0.0,pending,
139,36,0,15.0,1.0,done,123
139,37,0,5.0,1.0,done,66
139,38,15.0,15.0,0.0,pending,
139,39,0,10.0,1.0,done,28
139,40,0,10.0,1.0,done,89
139,41,15.0,15.0,0.0,pending,
139,42,10.0,10.0,0.0,pending,
139,43,0,5.0,1.0,done,94
139,44,0,15.0,1.0,done,18
139,45,0,5.0,1.0,done,110
139,46,0,5.0,1.0,done,31
139,47,0,15.0,1.0,done,69
139,48,0,10.0,1.0,done,135
140,0,0,10.0,1.0,done,25
140,1,10.0,10.0,0.0,pending,
140,2,0,5.0,1.0,done,21
140,3,0,10.0,1.0,done,65
140,4,15.0,15.0,0.0,pending,
140,5,10.0,10.0,0.0,pending,
140,6,10.0,10.0,0.0,pending,
140,7,10.0,10.0,0.0,pending,
140,8,0,10.0,1.0,done,47
140,9,0,10.0,1.0,done,125
140,10,15.0,15.0,0.0,pending,
140,11,0,5.0,1.0,done,51
140,12,0,15.0,1.0,done,17
140,13,5.0,5.0,0.0,pending,
140,14,10.0,10.0,0.0,pending,
140,15,0,5.0,1.0,done,30
140,16,5.0,5.0,0.0,pending,
140,17,0,15.0,1.0,done,43
140,18,10.0,10.0,0.0,pending,
140,19,0,15.0,1.0,done,135
140,20,0,15.0,1.0,done,52
140,21,0,15.0,1.0,done,53
140,22,0,5.0,1.0,done,120
140,23,0,10.0,1.0,done,37
140,24,0,5.0,1.0,done,123
140,25,15.0,15.0,0.0,pending,
140,26,0,5.0,1.0,done,102
140,27,0,15.0,1.0,done,60
140,28,0,10.0,1.0,done,83
140,29,3.7951403394164416,10.0,0.6204859660583558,in_progress,
140,30,15.0,15.0,0.0,pending,
140,31,5.0,5.0,0.0,pending,
140,32,10.0,10.0,0.0,pending,
140,33,7.203000166920724,10.0,0.2796999833079276,in_progress,
140,34,0,10.0,1.0,done,46
140,35,15.0,15.0,0.0,pending,
140,36,0,15.0,1.0,done,123
140,37,0,5.0,1.0,done,66
140,38,15.0,15.0,0.0,pending,
140,39,0,10.0,1.0,done,28
140,40,0,10.0,1.0,done,89
140,41,15.0,15.0,0.0,pending,
140,42,10.0,10.0,0.0,pending,
140,43,0,5.0,1.0,done,94
140,44,0,15.0,1.0,done,18
140,45,0,5.0,1.0,done,110
140,46,0,5.0,1.0,done,31
140,47,0,15.0,1.0,done,69
140,48,0,10.0,1.0,done,135
141,0,0,10.0,1.0,done,25
141,1,10.0,10.0,0.0,pending,
141,2,0,5.0,1.0,done,21
141,3,0,10.0,1.0,done,65
141,4,15.0,15.0,0.0,pending,
141,5,10.0,10.0,0.0,pending,
141,6,10.0,10.0,0.0,pending,
141,7,10.0,10.0,0.0,pending,
141,8,0,10.0,1.0,done,47
141,9,0,10.0,1.0,done,125
141,10,15.0,15.0,0.0,pending,
141,11,0,5.0,1.0,done,51
141,12,0,15.0,1.0,done,17
141,13,5.0,5.0,0.0,pending,
141,14,10.0,10.0,0.0,pending,
141,15,0,5.0,1.0,done,30
141,16,5.0,5.0,0.0,pending,
141,17,0,15.0,1.0,done,43
141,18,10.0,10.0,0.0,pending,
141,19,0,15.0,1.0,done,135
141,20,0,15.0,1.0,done,52
141,21,0,15.0,1.0,done,53
141,22,0,5.0,1.0,done,120
141,23,0,10.0,1.0,done,37
141,24,0,5.0,1.0,done,123
141,25,15.0,15.0,0.0,pending,
141,26,0,5.0,1.0,done,102
141,27,0,15.0,1.0,done,60
141,28,0,10.0,1.0,done,83
141,29,1.7951403394164416,10.0,0.8204859660583559,in_progress,
141,30,15.0,15.0,0.0,pending,
141,31,5.0,5.0,0.0,pending,
141,32,10.0,10.0,0.0,pending,
141,33,5.203000166920724,10.0,0.4796999833079276,in_progress,
141,34,0,10.0,1.0,done,46
141,35,15.0,15.0,0.0,pending,
141,36,0,15.0,1.0,done,123
141,37,0,5.0,1.0,done,66
141,38,15.0,15.0,0.0,pending,
141,39,0,10.0,1.0,done,28
141,40,0,10.0,1.0,done,89
141,41,15.0,15.0,0.0,pending,
141,42,10.0,10.0,0.0,pending,
141,43,0,5.0,1.0,done,94
141,44,0,15.0,1.0,done,18
141,45,0,5.0,1.0,done,110
141,46,0,5.0,1.0,done,31
141,47,0,15.0,1.0,done,69
141,48,0,10.0,1.0,done,135
142,0,0,10.0,1.0,done,25
142,1,10.0,10.0,0.0,pending,
142,2,0,5.0,1.0,done,21
142,3,0,10.0,1.0,done,65
142,4,15.0,15.0,0.0,pending,
142,5,10.0,10.0,0.0,pending,
142,6,10.0,10.0,0.0,pending,
142,7,10.0,10.0,0.0,pending,
142,8,0,10.0,1.0,done,47
142,9,0,10.0,1.0,done,125
142,10,15.0,15.0,0.0,pending,
142,11,0,5.0,1.0,done,51
142,12,0,15.0,1.0,done,17
142,13,5.0,5.0,0.0,pending,
142,14,10.0,10.0,0.0,pending,
142,15,0,5.0,1.0,done,30
142,16,5.0,5.0,0.0,pending,
142,17,0,15.0,1.0,done,43
142,18,10.0,10.0,0.0,pending,
142,19,0,15.0,1.0,done,135
142,20,0,15.0,1.0,done,52
142,21,0,15.0,1.0,done,53
142,22,0,5.0,1.0,done,120
142,23,0,10.0,1.0,done,37
142,24,0,5.0,1.0,done,123
142,25,15.0,15.0,0.0,pending,
142,26,0,5.0,1.0,done,102
142,27,0,15.0,1.0,done,60
142,28,0,10.0,1.0,done,83
142,29,0,10.0,1.0,done,142
142,30,15.0,15.0,0.0,pending,
142,31,5.0,5.0,0.0,pending,
142,32,10.0,10.0,0.0,pending,
142,33,3.2030001669207238,10.0,0.6796999833079276,in_progress,
142,34,0,10.0,1.0,done,46
142,35,15.0,15.0,0.0,pending,
142,36,0,15.0,1.0,done,123
142,37,0,5.0,1.0,done,66
142,38,15.0,15.0,0.0,pending,
142,39,0,10.0,1.0,done,28
142,40,0,10.0,1.0,done,89
142,41,15.0,15.0,0.0,pending,
142,42,10.0,10.0,0.0,pending,
142,43,0,5.0,1.0,done,94
142,44,0,15.0,1.0,done,18
142,45,0,5.0,1.0,done,110
142,46,0,5.0,1.0,done,31
142,47,0,15.0,1.0,done,69
142,48,0,10.0,1.0,done,135
143,0,0,10.0,1.0,done,25
143,1,10.0,10.0,0.0,pending,
143,2,0,5.0,1.0,done,21
143,3,0,10.0,1.0,done,65
143,4,15.0,15.0,0.0,pending,
143,5,10.0,10.0,0.0,pending,
143,6,10.0,10.0,0.0,pending,
143,7,10.0,10.0,0.0,pending,
143,8,0,10.0,1.0,done,47
143,9,0,10.0,1.0,done,125
143,10,15.0,15.0,0.0,pending,
143,11,0,5.0,1.0,done,51
143,12,0,15.0,1.0,done,17
143,13,5.0,5.0,0.0,pending,
143,14,10.0,10.0,0.0,pending,
143,15,0,5.0,1.0,done,30
143,16,5.0,5.0,0.0,pending,
143,17,0,15.0,1.0,done,43
143,18,10.0,10.0,0.0,pending,
143,19,0,15.0,1.0,done,135
143,20,0,15.0,1.0,done,52
143,21,0,15.0,1.0,done,53
143,22,0,5.0,1.0,done,120
143,23,0,10.0,1.0,done,37
143,24,0,5.0,1.0,done,123
143,25,15.0,15.0,0.0,pending,
143,26,0,5.0,1.0,done,102
143,27,0,15.0,1.0,done,60
143,28,0,10.0,1.0,done,83
143,29,0,10.0,1.0,done,142
143,30,15.0,15.0,0.0,pending,
143,31,5.0,5.0,0.0,pending,
143,32,10.0,10.0,0.0,pending,
143,33,1.2030001669207238,10.0,0.8796999833079276,in_progress,
143,34,0,10.0,1.0,done,46
143,35,15.0,15.0,0.0,pending,
143,36,0,15.0,1.0,done,123
143,37,0,5.0,1.0,done,66
143,38,15.0,15.0,0.0,pending,
143,39,0,10.0,1.0,done,28
143,40,0,10.0,1.0,done,89
143,41,15.0,15.0,0.0,pending,
143,42,10.0,10.0,0.0,pending,
143,43,0,5.0,1.0,done,94
143,44,0,15.0,1.0,done,18
143,45,0,5.0,1.0,done,110
143,46,0,5.0,1.0,done,31
143,47,0,15.0,1.0,done,69
143,48,0,10.0,1.0,done,135
144,0,0,10.0,1.0,done,25
144,1,10.0,10.0,0.0,pending,
144,2,0,5.0,1.0,done,21
144,3,0,10.0,1.0,done,65
144,4,15.0,15.0,0.0,pending,
144,5,10.0,10.0,0.0,pending,
144,6,10.0,10.0,0.0,pending,
144,7,10.0,10.0,0.0,pending,
144,8,0,10.0,1.0,done,47
144,9,0,10.0,1.0,done,125
144,10,15.0,15.0,0.0,pending,
144,11,0,5.0,1.0,done,51
144,12,0,15.0,1.0,done,17
144,13,5.0,5.0,0.0,pending,
144,14,10.0,10.0,0.0,pending,
144,15,0,5.0,1.0,done,30
144,16,5.0,5.0,0.0,pending,
144,17,0,15.0,1.0,done,43
144,18,10.0,10.0,0.0,pending,
144,19,0,15.0,1.0,done,135
144,20,0,15.0,1.0,done,52
144,21,0,15.0,1.0,done,53
144,22,0,5.0,1.0,done,120
144,23,0,10.0,1.0,done,37
144,24,0,5.0,1.0,done,123
144,25,15.0,15.0,0.0,pending,
144,26,0,5.0,1.0,done,102
144,27,0,15.0,1.0,done,60
144,28,0,10.0,1.0,done,83
144,29,0,10.0,1.0,done,142
144,30,15.0,15.0,0.0,pending,
144,31,5.0,5.0,0.0,pending,
144,32,10.0,10.0,0.0,pending,
144,33,0,10.0,1.0,done,144
144,34,0,10.0,1.0,done,46
144,35,15.0,15.0,0.0,pending,
144,36,0,15.0,1.0,done,123
144,37,0,5.0,1.0,done,66
144,38,15.0,15.0,0.0,pending,
144,39,0,10.0,1.0,done,28
144,40,0,10.0,1.0,done,89
144,41,15.0,15.0,0.0,pending,
144,42,10.0,10.0,0.0,pending,
144,43,0,5.0,1.0,done,94
144,44,0,15.0,1.0,done,18
144,45,0,5.0,1.0,done,110
144,46,0,5.0,1.0,done,31
144,47,0,15.0,1.0,done,69
144,48,0,10.0,1.0,done,135
145,0,0,10.0,1.0,done,25
145,1,10.0,10.0,0.0,pending,
145,2,0,5.0,1.0,done,21
145,3,0,10.0,1.0,done,65
145,4,15.0,15.0,0.0,pending,
145,5,10.0,10.0,0.0,pending,
145,6,10.0,10.0,0.0,pending,
145,7,10.0,10.0,0.0,pending,
145,8,0,10.0,1.0,done,47
145,9,0,10.0,1.0,done,125
145,10,15.0,15.0,0.0,pending,
145,11,0,5.0,1.0,done,51
145,12,0,15.0,1.0,done,17
145,13,5.0,5.0,0.0,pending,
145,14,10.0,10.0,0.0,pending,
145,15,0,5.0,1.0,done,30
145,16,5.0,5.0,0.0,pending,
145,17,0,15.0,1.0,done,43
145,18,10.0,10.0,0.0,pending,
145,19,0,15.0,1.0,done,135
145,20,0,15.0,1.0,done,52
145,21,0,15.0,1.0,done,53
145,22,0,5.0,1.0,done,120
145,23,0,10.0,1.0,done,37
145,24,0,5.0,1.0,done,123
145,25,15.0,15.0,0.0,pending,
145,26,0,5.0,1.0,done,102
145,27,0,15.0,1.0,done,60
145,28,0,10.0,1.0,done,83
145,29,0,10.0,1.0,done,142
145,30,15.0,15.0,0.0,pending,
145,31,5.0,5.0,0.0,pending,
145,32,10.0,10.0,0.0,pending,
145,33,0,10.0,1.0,done,144
145,34,0,10.0,1.0,done,46
145,35,15.0,15.0,0.0,pending,
145,36,0,15.0,1.0,done,123
145,37,0,5.0,1.0,done,66
145,38,15.0,15.0,0.0,pending,
145,39,0,10.0,1.0,done,28
145,40,0,10.0,1.0,done,89
145,41,15.0,15.0,0.0,pending,
145,42,10.0,10.0,0.0,pending,
145,43,0,5.0,1.0,done,94
145,44,0,15.0,1.0,done,18
145,45,0,5.0,1.0,done,110
145,46,0,5.0,1.0,done,31
145,47,0,15.0,1.0,done,69
145,48,0,10.0,1.0,done,135
146,0,0,10.0,1.0,done,25
146,1,10.0,10.0,0.0,pending,
146,2,0,5.0,1.0,done,21
146,3,0,10.0,1.0,done,65
146,4,15.0,15.0,0.0,pending,
146,5,10.0,10.0,0.0,pending,
146,6,10.0,10.0,0.0,pending,
146,7,10.0,10.0,0.0,pending,
146,8,0,10.0,1.0,done,47
146,9,0,10.0,1.0,done,125
146,10,15.0,15.0,0.0,pending,
146,11,0,5.0,1.0,done,51
146,12,0,15.0,1.0,done,17
146,13,5.0,5.0,0.0,pending,
146,14,10.0,10.0,0.0,pending,
146,15,0,5.0,1.0,done,30
146,16,5.0,5.0,0.0,pending,
146,17,0,15.0,1.0,done,43
146,18,10.0,10.0,0.0,pending,
146,19,0,15.0,1.0,done,135
146,20,0,15.0,1.0,done,52
146,21,0,15.0,1.0,done,53
146,22,0,5.0,1.0,done,120
146,23,0,10.0,1.0,done,37
146,24,0,5.0,1.0,done,123
146,25,15.0,15.0,0.0,pending,
146,26,0,5.0,1.0,done,102
146,27,0,15.0,1.0,done,60
146,28,0,10.0,1.0,done,83
146,29,0,10.0,1.0,done,142
146,30,15.0,15.0,0.0,pending,
146,31,5.0,5.0,0.0,pending,
146,32,10.0,10.0,0.0,pending,
146,33,0,10.0,1.0,done,144
146,34,0,10.0,1.0,done,46
146,35,15.0,15.0,0.0,pending,
146,36,0,15.0,1.0,done,123
146,37,0,5.0,1.0,done,66
146,38,15.0,15.0,0.0,pending,
146,39,0,10.0,1.0,done,28
146,40,0,10.0,1.0,done,89
146,41,15.0,15.0,0.0,pending,
146,42,10.0,10.0,0.0,pending,
146,43,0,5.0,1.0,done,94
146,44,0,15.0,1.0,done,18
146,45,0,5.0,1.0,done,110
146,46,0,5.0,1.0,done,31
146,47,0,15.0,1.0,done,69
146,48,0,10.0,1.0,done,135
147,0,0,10.0,1.0,done,25
147,1,10.0,10.0,0.0,pending,
147,2,0,5.0,1.0,done,21
147,3,0,10.0,1.0,done,65
147,4,15.0,15.0,0.0,pending,
147,5,10.0,10.0,0.0,pending,
147,6,10.0,10.0,0.0,pending,
147,7,10.0,10.0,0.0,pending,
147,8,0,10.0,1.0,done,47
147,9,0,10.0,1.0,done,125
147,10,15.0,15.0,0.0,pending,
147,11,0,5.0,1.0,done,51
147,12,0,15.0,1.0,done,17
147,13,5.0,5.0,0.0,pending,
147,14,10.0,10.0,0.0,pending,
147,15,0,5.0,1.0,done,30
147,16,5.0,5.0,0.0,pending,
147,17,0,15.0,1.0,done,43
147,18,10.0,10.0,0.0,pending,
147,19,0,15.0,1.0,done,135
147,20,0,15.0,1.0,done,52
147,21,0,15.0,1.0,done,53
147,22,0,5.0,1.0,done,120
147,23,0,10.0,1.0,done,37
147,24,0,5.0,1.0,done,123
147,25,15.0,15.0,0.0,pending,
147,26,0,5.0,1.0,done,102
147,27,0,15.0,1.0,done,60
147,28,0,10.0,1.0,done,83
147,29,0,10.0,1.0,done,142
147,30,15.0,15.0,0.0,pending,
147,31,5.0,5.0,0.0,pending,
147,32,10.0,10.0,0.0,pending,
147,33,0,10.0,1.0,done,144
147,34,0,10.0,1.0,done,46
147,35,15.0,15.0,0.0,pending,
147,36,0,15.0,1.0,done,123
147,37,0,5.0,1.0,done,66
147,38,15.0,15.0,0.0,pending,
147,39,0,10.0,1.0,done,28
147,40,0,10.0,1.0,done,89
147,41,15.0,15.0,0.0,pending,
147,42,10.0,10.0,0.0,pending,
147,43,0,5.0,1.0,done,94
147,44,0,15.0,1.0,done,18
147,45,0,5.0,1.0,done,110
147,46,0,5.0,1.0,done,31
147,47,0,15.0,1.0,done,69
147,48,0,10.0,1.0,done,135
148,0,0,10.0,1.0,done,25
148,1,10.0,10.0,0.0,pending,
148,2,0,5.0,1.0,done,21
148,3,0,10.0,1.0,done,65
148,4,15.0,15.0,0.0,pending,
148,5,10.0,10.0,0.0,pending,
148,6,10.0,10.0,0.0,pending,
148,7,10.0,10.0,0.0,pending,
148,8,0,10.0,1.0,done,47
148,9,0,10.0,1.0,done,125
148,10,15.0,15.0,0.0,pending,
148,11,0,5.0,1.0,done,51
148,12,0,15.0,1.0,done,17
148,13,5.0,5.0,0.0,pending,
148,14,10.0,10.0,0.0,pending,
148,15,0,5.0,1.0,done,30
148,16,5.0,5.0,0.0,pending,
148,17,0,15.0,1.0,done,43
148,18,10.0,10.0,0.0,pending,
148,19,0,15.0,1.0,done,135
148,20,0,15.0,1.0,done,52
148,21,0,15.0,1.0,done,53
148,22,0,5.0,1.0,done,120
148,23,0,10.0,1.0,done,37
148,24,0,5.0,1.0,done,123
148,25,15.0,15.0,0.0,pending,
148,26,0,5.0,1.0,done,102
148,27,0,15.0,1.0,done,60
148,28,0,10.0,1.0,done,83
148,29,0,10.0,1.0,done,142
148,30,15.0,15.0,0.0,pending,
148,31,5.0,5.0,0.0,pending,
148,32,10.0,10.0,0.0,pending,
148,33,0,10.0,1.0,done,144
148,34,0,10.0,1.0,done,46
148,35,15.0,15.0,0.0,pending,
148,36,0,15.0,1.0,done,123
148,37,0,5.0,1.0,done,66
148,38,15.0,15.0,0.0,pending,
148,39,0,10.0,1.0,done,28
148,40,0,10.0,1.0,done,89
148,41,15.0,15.0,0.0,pending,
148,42,10.0,10.0,0.0,pending,
148,43,0,5.0,1.0,done,94
148,44,0,15.0,1.0,done,18
148,45,0,5.0,1.0,done,110
148,46,0,5.0,1.0,done,31
148,47,0,15.0,1.0,done,69
148,48,0,10.0,1.0,done,135
149,0,0,10.0,1.0,done,25
149,1,10.0,10.0,0.0,pending,
149,2,0,5.0,1.0,done,21
149,3,0,10.0,1.0,done,65
149,4,15.0,15.0,0.0,pending,
149,5,10.0,10.0,0.0,pending,
149,6,10.0,10.0,0.0,pending,
149,7,10.0,10.0,0.0,pending,
149,8,0,10.0,1.0,done,47
149,9,0,10.0,1.0,done,125
149,10,15.0,15.0,0.0,pending,
149,11,0,5.0,1.0,done,51
149,12,0,15.0,1.0,done,17
149,13,5.0,5.0,0.0,pending,
149,14,10.0,10.0,0.0,pending,
149,15,0,5.0,1.0,done,30
149,16,5.0,5.0,0.0,pending,
149,17,0,15.0,1.0,done,43
149,18,10.0,10.0,0.0,pending,
149,19,0,15.0,1.0,done,135
149,20,0,15.0,1.0,done,52
149,21,0,15.0,1.0,done,53
149,22,0,5.0,1.0,done,120
149,23,0,10.0,1.0,done,37
149,24,0,5.0,1.0,done,123
149,25,15.0,15.0,0.0,pending,
149,26,0,5.0,1.0,done,102
149,27,0,15.0,1.0,done,60
149,28,0,10.0,1.0,done,83
149,29,0,10.0,1.0,done,142
149,30,15.0,15.0,0.0,pending,
149,31,5.0,5.0,0.0,pending,
149,32,10.0,10.0,0.0,pending,
149,33,0,10.0,1.0,done,144
149,34,0,10.0,1.0,done,46
149,35,15.0,15.0,0.0,pending,
149,36,0,15.0,1.0,done,123
149,37,0,5.0,1.0,done,66
149,38,15.0,15.0,0.0,pending,
149,39,0,10.0,1.0,done,28
149,40,0,10.0,1.0,done,89
149,41,15.0,15.0,0.0,pending,
149,42,10.0,10.0,0.0,pending,
149,43,0,5.0,1.0,done,94
149,44,0,15.0,1.0,done,18
149,45,0,5.0,1.0,done,110
149,46,0,5.0,1.0,done,31
149,47,0,15.0,1.0,done,69
149,48,0,10.0,1.0,done,135
150,0,0,10.0,1.0,done,25
150,1,10.0,10.0,0.0,pending,
150,2,0,5.0,1.0,done,21
150,3,0,10.0,1.0,done,65
150,4,15.0,15.0,0.0,pending,
150,5,10.0,10.0,0.0,pending,
150,6,10.0,10.0,0.0,pending,
150,7,10.0,10.0,0.0,pending,
150,8,0,10.0,1.0,done,47
150,9,0,10.0,1.0,done,125
150,10,15.0,15.0,0.0,pending,
150,11,0,5.0,1.0,done,51
150,12,0,15.0,1.0,done,17
150,13,5.0,5.0,0.0,pending,
150,14,10.0,10.0,0.0,pending,
150,15,0,5.0,1.0,done,30
150,16,5.0,5.0,0.0,pending,
150,17,0,15.0,1.0,done,43
150,18,10.0,10.0,0.0,pending,
150,19,0,15.0,1.0,done,135
150,20,0,15.0,1.0,done,52
150,21,0,15.0,1.0,done,53
150,22,0,5.0,1.0,done,120
150,23,0,10.0,1.0,done,37
150,24,0,5.0,1.0,done,123
150,25,15.0,15.0,0.0,pending,
150,26,0,5.0,1.0,done,102
150,27,0,15.0,1.0,done,60
150,28,0,10.0,1.0,done,83
150,29,0,10.0,1.0,done,142
150,30,15.0,15.0,0.0,pending,
150,31,5.0,5.0,0.0,pending,
150,32,10.0,10.0,0.0,pending,
150,33,0,10.0,1.0,done,144
150,34,0,10.0,1.0,done,46
150,35,15.0,15.0,0.0,pending,
150,36,0,15.0,1.0,done,123
150,37,0,5.0,1.0,done,66
150,38,15.0,15.0,0.0,pending,
150,39,0,10.0,1.0,done,28
150,40,0,10.0,1.0,done,89
150,41,15.0,15.0,0.0,pending,
150,42,10.0,10.0,0.0,pending,
150,43,0,5.0,1.0,done,94
150,44,0,15.0,1.0,done,18
150,45,0,5.0,1.0,done,110
150,46,0,5.0,1.0,done,31
150,47,0,15.0,1.0,done,69
150,48,0,10.0,1.0,done,135
151,0,0,10.0,1.0,done,25
151,1,10.0,10.0,0.0,pending,
151,2,0,5.0,1.0,done,21
151,3,0,10.0,1.0,done,65
151,4,15.0,15.0,0.0,pending,
151,5,10.0,10.0,0.0,pending,
151,6,10.0,10.0,0.0,pending,
151,7,10.0,10.0,0.0,pending,
151,8,0,10.0,1.0,done,47
151,9,0,10.0,1.0,done,125
151,10,15.0,15.0,0.0,pending,
151,11,0,5.0,1.0,done,51
151,12,0,15.0,1.0,done,17
151,13,5.0,5.0,0.0,pending,
151,14,10.0,10.0,0.0,pending,
151,15,0,5.0,1.0,done,30
151,16,5.0,5.0,0.0,pending,
151,17,0,15.0,1.0,done,43
151,18,10.0,10.0,0.0,pending,
151,19,0,15.0,1.0,done,135
151,20,0,15.0,1.0,done,52
151,21,0,15.0,1.0,done,53
151,22,0,5.0,1.0,done,120
151,23,0,10.0,1.0,done,37
151,24,0,5.0,1.0,done,123
151,25,15.0,15.0,0.0,pending,
151,26,0,5.0,1.0,done,102
151,27,0,15.0,1.0,done,60
151,28,0,10.0,1.0,done,83
151,29,0,10.0,1.0,done,142
151,30,15.0,15.0,0.0,pending,
151,31,5.0,5.0,0.0,pending,
151,32,10.0,10.0,0.0,pending,
151,33,0,10.0,1.0,done,144
151,34,0,10.0,1.0,done,46
151,35,15.0,15.0,0.0,pending,
151,36,0,15.0,1.0,done,123
151,37,0,5.0,1.0,done,66
151,38,15.0,15.0,0.0,pending,
151,39,0,10.0,1.0,done,28
151,40,0,10.0,1.0,done,89
151,41,15.0,15.0,0.0,pending,
151,42,10.0,10.0,0.0,pending,
151,43,0,5.0,1.0,done,94
151,44,0,15.0,1.0,done,18
151,45,0,5.0,1.0,done,110
151,46,0,5.0,1.0,done,31
151,47,0,15.0,1.0,done,69
151,48,0,10.0,1.0,done,135
152,0,0,10.0,1.0,done,25
152,1,10.0,10.0,0.0,pending,
152,2,0,5.0,1.0,done,21
152,3,0,10.0,1.0,done,65
152,4,15.0,15.0,0.0,pending,
152,5,10.0,10.0,0.0,pending,
152,6,10.0,10.0,0.0,pending,
152,7,10.0,10.0,0.0,pending,
152,8,0,10.0,1.0,done,47
152,9,0,10.0,1.0,done,125
152,10,15.0,15.0,0.0,pending,
152,11,0,5.0,1.0,done,51
152,12,0,15.0,1.0,done,17
152,13,5.0,5.0,0.0,pending,
152,14,10.0,10.0,0.0,pending,
152,15,0,5.0,1.0,done,30
152,16,5.0,5.0,0.0,pending,
152,17,0,15.0,1.0,done,43
152,18,10.0,10.0,0.0,pending,
152,19,0,15.0,1.0,done,135
152,20,0,15.0,1.0,done,52
152,21,0,15.0,1.0,done,53
152,22,0,5.0,1.0,done,120
152,23,0,10.0,1.0,done,37
152,24,0,5.0,1.0,done,123
152,25,15.0,15.0,0.0,pending,
152,26,0,5.0,1.0,done,102
152,27,0,15.0,1.0,done,60
152,28,0,10.0,1.0,done,83
152,29,0,10.0,1.0,done,142
152,30,15.0,15.0,0.0,pending,
152,31,5.0,5.0,0.0,pending,
152,32,10.0,10.0,0.0,pending,
152,33,0,10.0,1.0,done,144
152,34,0,10.0,1.0,done,46
152,35,15.0,15.0,0.0,pending,
152,36,0,15.0,1.0,done,123
152,37,0,5.0,1.0,done,66
152,38,15.0,15.0,0.0,pending,
152,39,0,10.0,1.0,done,28
152,40,0,10.0,1.0,done,89
152,41,15.0,15.0,0.0,pending,
152,42,10.0,10.0,0.0,pending,
152,43,0,5.0,1.0,done,94
152,44,0,15.0,1.0,done,18
152,45,0,5.0,1.0,done,110
152,46,0,5.0,1.0,done,31
152,47,0,15.0,1.0,done,69
152,48,0,10.0,1.0,done,135
153,0,0,10.0,1.0,done,25
153,1,10.0,10.0,0.0,pending,
153,2,0,5.0,1.0,done,21
153,3,0,10.0,1.0,done,65
153,4,15.0,15.0,0.0,pending,
153,5,10.0,10.0,0.0,pending,
153,6,10.0,10.0,0.0,pending,
153,7,10.0,10.0,0.0,pending,
153,8,0,10.0,1.0,done,47
153,9,0,10.0,1.0,done,125
153,10,15.0,15.0,0.0,pending,
153,11,0,5.0,1.0,done,51
153,12,0,15.0,1.0,done,17
153,13,5.0,5.0,0.0,pending,
153,14,10.0,10.0,0.0,pending,
153,15,0,5.0,1.0,done,30
153,16,5.0,5.0,0.0,pending,
153,17,0,15.0,1.0,done,43
153,18,10.0,10.0,0.0,pending,
153,19,0,15.0,1.0,done,135
153,20,0,15.0,1.0,done,52
153,21,0,15.0,1.0,done,53
153,22,0,5.0,1.0,done,120
153,23,0,10.0,1.0,done,37
153,24,0,5.0,1.0,done,123
153,25,15.0,15.0,0.0,pending,
153,26,0,5.0,1.0,done,102
153,27,0,15.0,1.0,done,60
153,28,0,10.0,1.0,done,83
153,29,0,10.0,1.0,done,142
153,30,15.0,15.0,0.0,pending,
153,31,5.0,5.0,0.0,pending,
153,32,10.0,10.0,0.0,pending,
153,33,0,10.0,1.0,done,144
153,34,0,10.0,1.0,done,46
153,35,15.0,15.0,0.0,pending,
153,36,0,15.0,1.0,done,123
153,37,0,5.0,1.0,done,66
153,38,15.0,15.0,0.0,pending,
153,39,0,10.0,1.0,done,28
153,40,0,10.0,1.0,done,89
153,41,15.0,15.0,0.0,pending,
153,42,10.0,10.0,0.0,pending,
153,43,0,5.0,1.0,done,94
153,44,0,15.0,1.0,done,18
153,45,0,5.0,1.0,done,110
153,46,0,5.0,1.0,done,31
153,47,0,15.0,1.0,done,69
153,48,0,10.0,1.0,done,135
154,0,0,10.0,1.0,done,25
154,1,10.0,10.0,0.0,pending,
154,2,0,5.0,1.0,done,21
154,3,0,10.0,1.0,done,65
154,4,15.0,15.0,0.0,pending,
154,5,10.0,10.0,0.0,pending,
154,6,10.0,10.0,0.0,pending,
154,7,10.0,10.0,0.0,pending,
154,8,0,10.0,1.0,done,47
154,9,0,10.0,1.0,done,125
154,10,15.0,15.0,0.0,pending,
154,11,0,5.0,1.0,done,51
154,12,0,15.0,1.0,done,17
154,13,5.0,5.0,0.0,pending,
154,14,10.0,10.0,0.0,pending,
154,15,0,5.0,1.0,done,30
154,16,5.0,5.0,0.0,pending,
154,17,0,15.0,1.0,done,43
154,18,10.0,10.0,0.0,pending,
154,19,0,15.0,1.0,done,135
154,20,0,15.0,1.0,done,52
154,21,0,15.0,1.0,done,53
154,22,0,5.0,1.0,done,120
154,23,0,10.0,1.0,done,37
154,24,0,5.0,1.0,done,123
154,25,15.0,15.0,0.0,pending,
154,26,0,5.0,1.0,done,102
154,27,0,15.0,1.0,done,60
154,28,0,10.0,1.0,done,83
154,29,0,10.0,1.0,done,142
154,30,15.0,15.0,0.0,pending,
154,31,5.0,5.0,0.0,pending,
154,32,10.0,10.0,0.0,pending,
154,33,0,10.0,1.0,done,144
154,34,0,10.0,1.0,done,46
154,35,15.0,15.0,0.0,pending,
154,36,0,15.0,1.0,done,123
154,37,0,5.0,1.0,done,66
154,38,15.0,15.0,0.0,pending,
154,39,0,10.0,1.0,done,28
154,40,0,10.0,1.0,done,89
154,41,15.0,15.0,0.0,pending,
154,42,10.0,10.0,0.0,pending,
154,43,0,5.0,1.0,done,94
154,44,0,15.0,1.0,done,18
154,45,0,5.0,1.0,done,110
154,46,0,5.0,1.0,done,31
154,47,0,15.0,1.0,done,69
154,48,0,10.0,1.0,done,135
155,0,0,10.0,1.0,done,25
155,1,10.0,10.0,0.0,pending,
155,2,0,5.0,1.0,done,21
155,3,0,10.0,1.0,done,65
155,4,15.0,15.0,0.0,pending,
155,5,10.0,10.0,0.0,pending,
155,6,10.0,10.0,0.0,pending,
155,7,10.0,10.0,0.0,pending,
155,8,0,10.0,1.0,done,47
155,9,0,10.0,1.0,done,125
155,10,15.0,15.0,0.0,pending,
155,11,0,5.0,1.0,done,51
155,12,0,15.0,1.0,done,17
155,13,5.0,5.0,0.0,pending,
155,14,10.0,10.0,0.0,pending,
155,15,0,5.0,1.0,done,30
155,16,5.0,5.0,0.0,pending,
155,17,0,15.0,1.0,done,43
155,18,10.0,10.0,0.0,pending,
155,19,0,15.0,1.0,done,135
155,20,0,15.0,1.0,done,52
155,21,0,15.0,1.0,done,53
155,22,0,5.0,1.0,done,120
155,23,0,10.0,1.0,done,37
155,24,0,5.0,1.0,done,123
155,25,15.0,15.0,0.0,pending,
155,26,0,5.0,1.0,done,102
155,27,0,15.0,1.0,done,60
155,28,0,10.0,1.0,done,83
155,29,0,10.0,1.0,done,142
155,30,15.0,15.0,0.0,pending,
155,31,2.4966699271075035,5.0,0.5006660145784994,in_progress,
155,32,10.0,10.0,0.0,pending,
155,33,0,10.0,1.0,done,144
155,34,0,10.0,1.0,done,46
155,35,15.0,15.0,0.0,pending,
155,36,0,15.0,1.0,done,123
155,37,0,5.0,1.0,done,66
155,38,15.0,15.0,0.0,pending,
155,39,0,10.0,1.0,done,28
155,40,0,10.0,1.0,done,89
155,41,15.0,15.0,0.0,pending,
155,42,10.0,10.0,0.0,pending,
155,43,0,5.0,1.0,done,94
155,44,0,15.0,1.0,done,18
155,45,0,5.0,1.0,done,110
155,46,0,5.0,1.0,done,31
155,47,0,15.0,1.0,done,69
155,48,0,10.0,1.0,done,135
156,0,0,10.0,1.0,done,25
156,1,10.0,10.0,0.0,pending,
156,2,0,5.0,1.0,done,21
156,3,0,10.0,1.0,done,65
156,4,15.0,15.0,0.0,pending,
156,5,10.0,10.0,0.0,pending,
156,6,10.0,10.0,0.0,pending,
156,7,10.0,10.0,0.0,pending,
156,8,0,10.0,1.0,done,47
156,9,0,10.0,1.0,done,125
156,10,15.0,15.0,0.0,pending,
156,11,0,5.0,1.0,done,51
156,12,0,15.0,1.0,done,17
156,13,5.0,5.0,0.0,pending,
156,14,10.0,10.0,0.0,pending,
156,15,0,5.0,1.0,done,30
156,16,5.0,5.0,0.0,pending,
156,17,0,15.0,1.0,done,43
156,18,10.0,10.0,0.0,pending,
156,19,0,15.0,1.0,done,135
156,20,0,15.0,1.0,done,52
156,21,0,15.0,1.0,done,53
156,22,0,5.0,1.0,done,120
156,23,0,10.0,1.0,done,37
156,24,0,5.0,1.0,done,123
156,25,15.0,15.0,0.0,pending,
156,26,0,5.0,1.0,done,102
156,27,0,15.0,1.0,done,60
156,28,0,10.0,1.0,done,83
156,29,0,10.0,1.0,done,142
156,30,15.0,15.0,0.0,pending,
156,31,0,5.0,1.0,done,156
156,32,10.0,10.0,0.0,pending,
156,33,0,10.0,1.0,done,144
156,34,0,10.0,1.0,done,46
156,35,15.0,15.0,0.0,pending,
156,36,0,15.0,1.0,done,123
156,37,0,5.0,1.0,done,66
156,38,15.0,15.0,0.0,pending,
156,39,0,10.0,1.0,done,28
156,40,0,10.0,1.0,done,89
156,41,15.0,15.0,0.0,pending,
156,42,10.0,10.0,0.0,pending,
156,43,0,5.0,1.0,done,94
156,44,0,15.0,1.0,done,18
156,45,0,5.0,1.0,done,110
156,46,0,5.0,1.0,done,31
156,47,0,15.0,1.0,done,69
156,48,0,10.0,1.0,done,135
157,0,0,10.0,1.0,done,25
157,1,10.0,10.0,0.0,pending,
157,2,0,5.0,1.0,done,21
157,3,0,10.0,1.0,done,65
157,4,15.0,15.0,0.0,pending,
157,5,10.0,10.0,0.0,pending,
157,6,10.0,10.0,0.0,pending,
157,7,10.0,10.0,0.0,pending,
157,8,0,10.0,1.0,done,47
157,9,0,10.0,1.0,done,125
157,10,15.0,15.0,0.0,pending,
157,11,0,5.0,1.0,done,51
157,12,0,15.0,1.0,done,17
157,13,5.0,5.0,0.0,pending,
157,14,10.0,10.0,0.0,pending,
157,15,0,5.0,1.0,done,30
157,16,5.0,5.0,0.0,pending,
157,17,0,15.0,1.0,done,43
157,18,10.0,10.0,0.0,pending,
157,19,0,15.0,1.0,done,135
157,20,0,15.0,1.0,done,52
157,21,0,15.0,1.0,done,53
157,22,0,5.0,1.0,done,120
157,23,0,10.0,1.0,done,37
157,24,0,5.0,1.0,done,123
157,25,15.0,15.0,0.0,pending,
157,26,0,5.0,1.0,done,102
157,27,0,15.0,1.0,done,60
157,28,0,10.0,1.0,done,83
157,29,0,10.0,1.0,done,142
157,30,15.0,15.0,0.0,pending,
157,31,0,5.0,1.0,done,156
157,32,10.0,10.0,0.0,pending,
157,33,0,10.0,1.0,done,144
157,34,0,10.0,1.0,done,46
157,35,15.0,15.0,0.0,pending,
157,36,0,15.0,1.0,done,123
157,37,0,5.0,1.0,done,66
157,38,15.0,15.0,0.0,pending,
157,39,0,10.0,1.0,done,28
157,40,0,10.0,1.0,done,89
157,41,15.0,15.0,0.0,pending,
157,42,10.0,10.0,0.0,pending,
157,43,0,5.0,1.0,done,94
157,44,0,15.0,1.0,done,18
157,45,0,5.0,1.0,done,110
157,46,0,5.0,1.0,done,31
157,47,0,15.0,1.0,done,69
157,48,0,10.0,1.0,done,135
158,0,0,10.0,1.0,done,25
158,1,10.0,10.0,0.0,pending,
158,2,0,5.0,1.0,done,21
158,3,0,10.0,1.0,done,65
158,4,15.0,15.0,0.0,pending,
158,5,10.0,10.0,0.0,pending,
158,6,10.0,10.0,0.0,pending,
158,7,10.0,10.0,0.0,pending,
158,8,0,10.0,1.0,done,47
158,9,0,10.0,1.0,done,125
158,10,15.0,15.0,0.0,pending,
158,11,0,5.0,1.0,done,51
158,12,0,15.0,1.0,done,17
158,13,5.0,5.0,0.0,pending,
158,14,10.0,10.0,0.0,pending,
158,15,0,5.0,1.0,done,30
158,16,5.0,5.0,0.0,pending,
158,17,0,15.0,1.0,done,43
158,18,10.0,10.0,0.0,pending,
158,19,0,15.0,1.0,done,135
158,20,0,15.0,1.0,done,52
158,21,0,15.0,1.0,done,53
158,22,0,5.0,1.0,done,120
158,23,0,10.0,1.0,done,37
158,24,0,5.0,1.0,done,123
158,25,15.0,15.0,0.0,pending,
158,26,0,5.0,1.0,done,102
158,27,0,15.0,1.0,done,60
158,28,0,10.0,1.0,done,83
158,29,0,10.0,1.0,done,142
158,30,15.0,15.0,0.0,pending,
158,31,0,5.0,1.0,done,156
158,32,10.0,10.0,0.0,pending,
158,33,0,10.0,1.0,done,144
158,34,0,10.0,1.0,done,46
158,35,15.0,15.0,0.0,pending,
158,36,0,15.0,1.0,done,123
158,37,0,5.0,1.0,done,66
158,38,15.0,15.0,0.0,pending,
158,39,0,10.0,1.0,done,28
158,40,0,10.0,1.0,done,89
158,41,15.0,15.0,0.0,pending,
158,42,10.0,10.0,0.0,pending,
158,43,0,5.0,1.0,done,94
158,44,0,15.0,1.0,done,18
158,45,0,5.0,1.0,done,110
158,46,0,5.0,1.0,done,31
158,47,0,15.0,1.0,done,69
158,48,0,10.0,1.0,done,135
159,0,0,10.0,1.0,done,25
159,1,10.0,10.0,0.0,pending,
159,2,0,5.0,1.0,done,21
159,3,0,10.0,1.0,done,65
159,4,15.0,15.0,0.0,pending,
159,5,10.0,10.0,0.0,pending,
159,6,10.0,10.0,0.0,pending,
159,7,10.0,10.0,0.0,pending,
159,8,0,10.0,1.0,done,47
159,9,0,10.0,1.0,done,125
159,10,15.0,15.0,0.0,pending,
159,11,0,5.0,1.0,done,51
159,12,0,15.0,1.0,done,17
159,13,5.0,5.0,0.0,pending,
159,14,10.0,10.0,0.0,pending,
159,15,0,5.0,1.0,done,30
159,16,5.0,5.0,0.0,pending,
159,17,0,15.0,1.0,done,43
159,18,10.0,10.0,0.0,pending,
159,19,0,15.0,1.0,done,135
159,20,0,15.0,1.0,done,52
159,21,0,15.0,1.0,done,53
159,22,0,5.0,1.0,done,120
159,23,0,10.0,1.0,done,37
159,24,0,5.0,1.0,done,123
159,25,15.0,15.0,0.0,pending,
159,26,0,5.0,1.0,done,102
159,27,0,15.0,1.0,done,60
159,28,0,10.0,1.0,done,83
159,29,0,10.0,1.0,done,142
159,30,15.0,15.0,0.0,pending,
159,31,0,5.0,1.0,done,156
159,32,10.0,10.0,0.0,pending,
159,33,0,10.0,1.0,done,144
159,34,0,10.0,1.0,done,46
159,35,15.0,15.0,0.0,pending,
159,36,0,15.0,1.0,done,123
159,37,0,5.0,1.0,done,66
159,38,15.0,15.0,0.0,pending,
159,39,0,10.0,1.0,done,28
159,40,0,10.0,1.0,done,89
159,41,15.0,15.0,0.0,pending,
159,42,10.0,10.0,0.0,pending,
159,43,0,5.0,1.0,done,94
159,44,0,15.0,1.0,done,18
159,45,0,5.0,1.0,done,110
159,46,0,5.0,1.0,done,31
159,47,0,15.0,1.0,done,69
159,48,0,10.0,1.0,done,135
160,0,0,10.0,1.0,done,25
160,1,10.0,10.0,0.0,pending,
160,2,0,5.0,1.0,done,21
160,3,0,10.0,1.0,done,65
160,4,15.0,15.0,0.0,pending,
160,5,10.0,10.0,0.0,pending,
160,6,10.0,10.0,0.0,pending,
160,7,10.0,10.0,0.0,pending,
160,8,0,10.0,1.0,done,47
160,9,0,10.0,1.0,done,125
160,10,14.216633930137736,15.0,0.0522244046574843,in_progress,
160,11,0,5.0,1.0,done,51
160,12,0,15.0,1.0,done,17
160,13,5.0,5.0,0.0,pending,
160,14,10.0,10.0,0.0,pending,
160,15,0,5.0,1.0,done,30
160,16,5.0,5.0,0.0,pending,
160,17,0,15.0,1.0,done,43
160,18,10.0,10.0,0.0,pending,
160,19,0,15.0,1.0,done,135
160,20,0,15.0,1.0,done,52
160,21,0,15.0,1.0,done,53
160,22,0,5.0,1.0,done,120
160,23,0,10.0,1.0,done,37
160,24,0,5.0,1.0,done,123
160,25,15.0,15.0,0.0,pending,
160,26,0,5.0,1.0,done,102
160,27,0,15.0,1.0,done,60
160,28,0,10.0,1.0,done,83
160,29,0,10.0,1.0,done,142
160,30,15.0,15.0,0.0,pending,
160,31,0,5.0,1.0,done,156
160,32,10.0,10.0,0.0,pending,
160,33,0,10.0,1.0,done,144
160,34,0,10.0,1.0,done,46
160,35,15.0,15.0,0.0,pending,
160,36,0,15.0,1.0,done,123
160,37,0,5.0,1.0,done,66
160,38,15.0,15.0,0.0,pending,
160,39,0,10.0,1.0,done,28
160,40,0,10.0,1.0,done,89
160,41,15.0,15.0,0.0,pending,
160,42,10.0,10.0,0.0,pending,
160,43,0,5.0,1.0,done,94
160,44,0,15.0,1.0,done,18
160,45,0,5.0,1.0,done,110
160,46,0,5.0,1.0,done,31
160,47,0,15.0,1.0,done,69
160,48,0,10.0,1.0,done,135
161,0,0,10.0,1.0,done,25
161,1,10.0,10.0,0.0,pending,
161,2,0,5.0,1.0,done,21
161,3,0,10.0,1.0,done,65
161,4,15.0,15.0,0.0,pending,
161,5,10.0,10.0,0.0,pending,
161,6,10.0,10.0,0.0,pending,
161,7,10.0,10.0,0.0,pending,
161,8,0,10.0,1.0,done,47
161,9,0,10.0,1.0,done,125
161,10,12.216633930137736,15.0,0.18555773799081762,in_progress,
161,11,0,5.0,1.0,done,51
161,12,0,15.0,1.0,done,17
161,13,5.0,5.0,0.0,pending,
161,14,10.0,10.0,0.0,pending,
161,15,0,5.0,1.0,done,30
161,16,5.0,5.0,0.0,pending,
161,17,0,15.0,1.0,done,43
161,18,10.0,10.0,0.0,pending,
161,19,0,15.0,1.0,done,135
161,20,0,15.0,1.0,done,52
161,21,0,15.0,1.0,done,53
161,22,0,5.0,1.0,done,120
161,23,0,10.0,1.0,done,37
161,24,0,5.0,1.0,done,123
161,25,15.0,15.0,0.0,pending,
161,26,0,5.0,1.0,done,102
161,27,0,15.0,1.0,done,60
161,28,0,10.0,1.0,done,83
161,29,0,10.0,1.0,done,142
161,30,15.0,15.0,0.0,pending,
161,31,0,5.0,1.0,done,156
161,32,10.0,10.0,0.0,pending,
161,33,0,10.0,1.0,done,144
161,34,0,10.0,1.0,done,46
161,35,15.0,15.0,0.0,pending,
161,36,0,15.0,1.0,done,123
161,37,0,5.0,1.0,done,66
161,38,15.0,15.0,0.0,pending,
161,39,0,10.0,1.0,done,28
161,40,0,10.0,1.0,done,89
161,41,15.0,15.0,0.0,pending,
161,42,10.0,10.0,0.0,pending,
161,43,0,5.0,1.0,done,94
161,44,0,15.0,1.0,done,18
161,45,0,5.0,1.0,done,110
161,46,0,5.0,1.0,done,31
161,47,0,15.0,1.0,done,69
161,48,0,10.0,1.0,done,135
162,0,0,10.0,1.0,done,25
162,1,10.0,10.0,0.0,pending,
162,2,0,5.0,1.0,done,21
162,3,0,10.0,1.0,done,65
162,4,15.0,15.0,0.0,pending,
162,5,10.0,10.0,0.0,pending,
162,6,10.0,10.0,0.0,pending,
162,7,10.0,10.0,0.0,pending,
162,8,0,10.0,1.0,done,47
162,9,0,10.0,1.0,done,125
162,10,10.216633930137736,15.0,0.31889107132415095,in_progress,
162,11,0,5.0,1.0,done,51
162,12,0,15.0,1.0,done,17
162,13,5.0,5.0,0.0,pending,
162,14,10.0,10.0,0.0,pending,
162,15,0,5.0,1.0,done,30
162,16,5.0,5.0,0.0,pending,
162,17,0,15.0,1.0,done,43
162,18,10.0,10.0,0.0,pending,
162,19,0,15.0,1.0,done,135
162,20,0,15.0,1.0,done,52
162,21,0,15.0,1.0,done,53
162,22,0,5.0,1.0,done,120
162,23,0,10.0,1.0,done,37
162,24,0,5.0,1.0,done,123
162,25,15.0,15.0,0.0,pending,
162,26,0,5.0,1.0,done,102
162,27,0,15.0,1.0,done,60
162,28,0,10.0,1.0,done,83
162,29,0,10.0,1.0,done,142
162,30,15.0,15.0,0.0,pending,
162,31,0,5.0,1.0,done,156
162,32,10.0,10.0,0.0,pending,
162,33,0,10.0,1.0,done,144
162,34,0,10.0,1.0,done,46
162,35,15.0,15.0,0.0,pending,
162,36,0,15.0,1.0,done,123
162,37,0,5.0,1.0,done,66
162,38,15.0,15.0,0.0,pending,
162,39,0,10.0,1.0,done,28
162,40,0,10.0,1.0,done,89
162,41,15.0,15.0,0.0,pending,
162,42,10.0,10.0,0.0,pending,
162,43,0,5.0,1.0,done,94
162,44,0,15.0,1.0,done,18
162,45,0,5.0,1.0,done,110
162,46,0,5.0,1.0,done,31
162,47,0,15.0,1.0,done,69
162,48,0,10.0,1.0,done,135
163,0,0,10.0,1.0,done,25
163,1,10.0,10.0,0.0,pending,
163,2,0,5.0,1.0,done,21
163,3,0,10.0,1.0,done,65
163,4,15.0,15.0,0.0,pending,
163,5,10.0,10.0,0.0,pending,
163,6,10.0,10.0,0.0,pending,
163,7,10.0,10.0,0.0,pending,
163,8,0,10.0,1.0,done,47
163,9,0,10.0,1.0,done,125
163,10,8.216633930137736,15.0,0.4522244046574843,in_progress,
163,11,0,5.0,1.0,done,51
163,12,0,15.0,1.0,done,17
163,13,5.0,5.0,0.0,pending,
163,14,10.0,10.0,0.0,pending,
163,15,0,5.0,1.0,done,30
163,16,5.0,5.0,0.0,pending,
163,17,0,15.0,1.0,done,43
163,18,10.0,10.0,0.0,pending,
163,19,0,15.0,1.0,done,135
163,20,0,15.0,1.0,done,52
163,21,0,15.0,1.0,done,53
163,22,0,5.0,1.0,done,120
163,23,0,10.0,1.0,done,37
163,24,0,5.0,1.0,done,123
163,25,15.0,15.0,0.0,pending,
163,26,0,5.0,1.0,done,102
163,27,0,15.0,1.0,done,60
163,28,0,10.0,1.0,done,83
163,29,0,10.0,1.0,done,142
163,30,15.0,15.0,0.0,pending,
163,31,0,5.0,1.0,done,156
163,32,10.0,10.0,0.0,pending,
163,33,0,10.0,1.0,done,144
163,34,0,10.0,1.0,done,46
163,35,15.0,15.0,0.0,pending,
163,36,0,15.0,1.0,done,123
163,37,0,5.0,1.0,done,66
163,38,15.0,15.0,0.0,pending,
163,39,0,10.0,1.0,done,28
163,40,0,10.0,1.0,done,89
163,41,15.0,15.0,0.0,pending,
163,42,10.0,10.0,0.0,pending,
163,43,0,5.0,1.0,done,94
163,44,0,15.0,1.0,done,18
163,45,0,5.0,1.0,done,110
163,46,0,5.0,1.0,done,31
163,47,0,15.0,1.0,done,69
163,48,0,10.0,1.0,done,135
164,0,0,10.0,1.0,done,25
164,1,10.0,10.0,0.0,pending,
164,2,0,5.0,1.0,done,21
164,3,0,10.0,1.0,done,65
164,4,15.0,15.0,0.0,pending,
164,5,10.0,10.0,0.0,pending,
164,6,10.0,10.0,0.0,pending,
164,7,10.0,10.0,0.0,pending,
164,8,0,10.0,1.0,done,47
164,9,0,10.0,1.0,done,125
164,10,6.216633930137736,15.0,0.5855577379908177,in_progress,
164,11,0,5.0,1.0,done,51
164,12,0,15.0,1.0,done,17
164,13,5.0,5.0,0.0,pending,
164,14,10.0,10.0,0.0,pending,
164,15,0,5.0,1.0,done,30
164,16,5.0,5.0,0.0,pending,
164,17,0,15.0,1.0,done,43
164,18,10.0,10.0,0.0,pending,
164,19,0,15.0,1.0,done,135
164,20,0,15.0,1.0,done,52
164,21,0,15.0,1.0,done,53
164,22,0,5.0,1.0,done,120
164,23,0,10.0,1.0,done,37
164,24,0,5.0,1.0,done,123
164,25,15.0,15.0,0.0,pending,
164,26,0,5.0,1.0,done,102
164,27,0,15.0,1.0,done,60
164,28,0,10.0,1.0,done,83
164,29,0,10.0,1.0,done,142
164,30,15.0,15.0,0.0,pending,
164,31,0,5.0,1.0,done,156
164,32,10.0,10.0,0.0,pending,
164,33,0,10.0,1.0,done,144
164,34,0,10.0,1.0,done,46
164,35,15.0,15.0,0.0,pending,
164,36,0,15.0,1.0,done,123
164,37,0,5.0,1.0,done,66
164,38,15.0,15.0,0.0,pending,
164,39,0,10.0,1.0,done,28
164,40,0,10.0,1.0,done,89
164,41,15.0,15.0,0.0,pending,
164,42,10.0,10.0,0.0,pending,
164,43,0,5.0,1.0,done,94
164,44,0,15.0,1.0,done,18
164,45,0,5.0,1.0,done,110
164,46,0,5.0,1.0,done,31
164,47,0,15.0,1.0,done,69
164,48,0,10.0,1.0,done,135
165,0,0,10.0,1.0,done,25
165,1,10.0,10.0,0.0,pending,
165,2,0,5.0,1.0,done,21
165,3,0,10.0,1.0,done,65
165,4,15.0,15.0,0.0,pending,
165,5,10.0,10.0,0.0,pending,
165,6,10.0,10.0,0.0,pending,
165,7,10.0,10.0,0.0,pending,
165,8,0,10.0,1.0,done,47
165,9,0,10.0,1.0,done,125
165,10,4.216633930137736,15.0,0.718891071324151,in_progress,
165,11,0,5.0,1.0,done,51
165,12,0,15.0,1.0,done,17
165,13,5.0,5.0,0.0,pending,
165,14,10.0,10.0,0.0,pending,
165,15,0,5.0,1.0,done,30
165,16,5.0,5.0,0.0,pending,
165,17,0,15.0,1.0,done,43
165,18,10.0,10.0,0.0,pending,
165,19,0,15.0,1.0,done,135
165,20,0,15.0,1.0,done,52
165,21,0,15.0,1.0,done,53
165,22,0,5.0,1.0,done,120
165,23,0,10.0,1.0,done,37
165,24,0,5.0,1.0,done,123
165,25,15.0,15.0,0.0,pending,
165,26,0,5.0,1.0,done,102
165,27,0,15.0,1.0,done,60
165,28,0,10.0,1.0,done,83
165,29,0,10.0,1.0,done,142
165,30,15.0,15.0,0.0,pending,
165,31,0,5.0,1.0,done,156
165,32,10.0,10.0,0.0,pending,
165,33,0,10.0,1.0,done,144
165,34,0,10.0,1.0,done,46
165,35,15.0,15.0,0.0,pending,
165,36,0,15.0,1.0,done,123
165,37,0,5.0,1.0,done,66
165,38,15.0,15.0,0.0,pending,
165,39,0,10.0,1.0,done,28
165,40,0,10.0,1.0,done,89
165,41,15.0,15.0,0.0,pending,
165,42,10.0,10.0,0.0,pending,
165,43,0,5.0,1.0,done,94
165,44,0,15.0,1.0,done,18
165,45,0,5.0,1.0,done,110
165,46,0,5.0,1.0,done,31
165,47,0,15.0,1.0,done,69
165,48,0,10.0,1.0,done,135
166,0,0,10.0,1.0,done,25
166,1,10.0,10.0,0.0,pending,
166,2,0,5.0,1.0,done,21
166,3,0,10.0,1.0,done,65
166,4,15.0,15.0,0.0,pending,
166,5,10.0,10.0,0.0,pending,
166,6,10.0,10.0,0.0,pending,
166,7,10.0,10.0,0.0,pending,
166,8,0,10.0,1.0,done,47
166,9,0,10.0,1.0,done,125
166,10,2.2166339301377356,15.0,0.8522244046574843,in_progress,
166,11,0,5.0,1.0,done,51
166,12,0,15.0,1.0,done,17
166,13,5.0,5.0,0.0,pending,
166,14,10.0,10.0,0.0,pending,
166,15,0,5.0,1.0,done,30
166,16,5.0,5.0,0.0,pending,
166,17,0,15.0,1.0,done,43
166,18,10.0,10.0,0.0,pending,
166,19,0,15.0,1.0,done,135
166,20,0,15.0,1.0,done,52
166,21,0,15.0,1.0,done,53
166,22,0,5.0,1.0,done,120
166,23,0,10.0,1.0,done,37
166,24,0,5.0,1.0,done,123
166,25,15.0,15.0,0.0,pending,
166,26,0,5.0,1.0,done,102
166,27,0,15.0,1.0,done,60
166,28,0,10.0,1.0,done,83
166,29,0,10.0,1.0,done,142
166,30,15.0,15.0,0.0,pending,
166,31,0,5.0,1.0,done,156
166,32,10.0,10.0,0.0,pending,
166,33,0,10.0,1.0,done,144
166,34,0,10.0,1.0,done,46
166,35,15.0,15.0,0.0,pending,
166,36,0,15.0,1.0,done,123
166,37,0,5.0,1.0,done,66
166,38,15.0,15.0,0.0,pending,
166,39,0,10.0,1.0,done,28
166,40,0,10.0,1.0,done,89
166,41,15.0,15.0,0.0,pending,
166,42,10.0,10.0,0.0,pending,
166,43,0,5.0,1.0,done,94
166,44,0,15.0,1.0,done,18
166,45,0,5.0,1.0,done,110
166,46,0,5.0,1.0,done,31
166,47,0,15.0,1.0,done,69
166,48,0,10.0,1.0,done,135
167,0,0,10.0,1.0,done,25
167,1,10.0,10.0,0.0,pending,
167,2,0,5.0,1.0,done,21
167,3,0,10.0,1.0,done,65
167,4,15.0,15.0,0.0,pending,
167,5,10.0,10.0,0.0,pending,
167,6,10.0,10.0,0.0,pending,
167,7,10.0,10.0,0.0,pending,
167,8,0,10.0,1.0,done,47
167,9,0,10.0,1.0,done,125
167,10,0.21663393013773558,15.0,0.9855577379908176,in_progress,
167,11,0,5.0,1.0,done,51
167,12,0,15.0,1.0,done,17
167,13,5.0,5.0,0.0,pending,
167,14,10.0,10.0,0.0,pending,
167,15,0,5.0,1.0,done,30
167,16,5.0,5.0,0.0,pending,
167,17,0,15.0,1.0,done,43
167,18,10.0,10.0,0.0,pending,
167,19,0,15.0,1.0,done,135
167,20,0,15.0,1.0,done,52
167,21,0,15.0,1.0,done,53
167,22,0,5.0,1.0,done,120
167,23,0,10.0,1.0,done,37
167,24,0,5.0,1.0,done,123
167,25,15.0,15.0,0.0,pending,
167,26,0,5.0,1.0,done,102
167,27,0,15.0,1.0,done,60
167,28,0,10.0,1.0,done,83
167,29,0,10.0,1.0,done,142
167,30,15.0,15.0,0.0,pending,
167,31,0,5.0,1.0,done,156
167,32,10.0,10.0,0.0,pending,
167,33,0,10.0,1.0,done,144
167,34,0,10.0,1.0,done,46
167,35,15.0,15.0,0.0,pending,
167,36,0,15.0,1.0,done,123
167,37,0,5.0,1.0,done,66
167,38,15.0,15.0,0.0,pending,
167,39,0,10.0,1.0,done,28
167,40,0,10.0,1.0,done,89
167,41,15.0,15.0,0.0,pending,
167,42,10.0,10.0,0.0,pending,
167,43,0,5.0,1.0,done,94
167,44,0,15.0,1.0,done,18
167,45,0,5.0,1.0,done,110
167,46,0,5.0,1.0,done,31
167,47,0,15.0,1.0,done,69
167,48,0,10.0,1.0,done,135
168,0,0,10.0,1.0,done,25
168,1,10.0,10.0,0.0,pending,
168,2,0,5.0,1.0,done,21
168,3,0,10.0,1.0,done,65
168,4,15.0,15.0,0.0,pending,
168,5,10.0,10.0,0.0,pending,
168,6,10.0,10.0,0.0,pending,
168,7,10.0,10.0,0.0,pending,
168,8,0,10.0,1.0,done,47
168,9,0,10.0,1.0,done,125
168,10,0,15.0,1.0,done,168
168,11,0,5.0,1.0,done,51
168,12,0,15.0,1.0,done,17
168,13,5.0,5.0,0.0,pending,
168,14,10.0,10.0,0.0,pending,
168,15,0,5.0,1.0,done,30
168,16,5.0,5.0,0.0,pending,
168,17,0,15.0,1.0,done,43
168,18,10.0,10.0,0.0,pending,
168,19,0,15.0,1.0,done,135
168,20,0,15.0,1.0,done,52
168,21,0,15.0,1.0,done,53
168,22,0,5.0,1.0,done,120
168,23,0,10.0,1.0,done,37
168,24,0,5.0,1.0,done,123
168,25,15.0,15.0,0.0,pending,
168,26,0,5.0,1.0,done,102
168,27,0,15.0,1.0,done,60
168,28,0,10.0,1.0,done,83
168,29,0,10.0,1.0,done,142
168,30,15.0,15.0,0.0,pending,
168,31,0,5.0,1.0,done,156
168,32,10.0,10.0,0.0,pending,
168,33,0,10.0,1.0,done,144
168,34,0,10.0,1.0,done,46
168,35,15.0,15.0,0.0,pending,
168,36,0,15.0,1.0,done,123
168,37,0,5.0,1.0,done,66
168,38,15.0,15.0,0.0,pending,
168,39,0,10.0,1.0,done,28
168,40,0,10.0,1.0,done,89
168,41,15.0,15.0,0.0,pending,
168,42,10.0,10.0,0.0,pending,
168,43,0,5.0,1.0,done,94
168,44,0,15.0,1.0,done,18
168,45,0,5.0,1.0,done,110
168,46,0,5.0,1.0,done,31
168,47,0,15.0,1.0,done,69
168,48,0,10.0,1.0,done,135
169,0,0,10.0,1.0,done,25
169,1,10.0,10.0,0.0,pending,
169,2,0,5.0,1.0,done,21
169,3,0,10.0,1.0,done,65
169,4,15.0,15.0,0.0,pending,
169,5,10.0,10.0,0.0,pending,
169,6,10.0,10.0,0.0,pending,
169,7,10.0,10.0,0.0,pending,
169,8,0,10.0,1.0,done,47
169,9,0,10.0,1.0,done,125
169,10,0,15.0,1.0,done,168
169,11,0,5.0,1.0,done,51
169,12,0,15.0,1.0,done,17
169,13,5.0,5.0,0.0,pending,
169,14,10.0,10.0,0.0,pending,
169,15,0,5.0,1.0,done,30
169,16,5.0,5.0,0.0,pending,
169,17,0,15.0,1.0,done,43
169,18,10.0,10.0,0.0,pending,
169,19,0,15.0,1.0,done,135
169,20,0,15.0,1.0,done,52
169,21,0,15.0,1.0,done,53
169,22,0,5.0,1.0,done,120
169,23,0,10.0,1.0,done,37
169,24,0,5.0,1.0,done,123
169,25,15.0,15.0,0.0,pending,
169,26,0,5.0,1.0,done,102
169,27,0,15.0,1.0,done,60
169,28,0,10.0,1.0,done,83
169,29,0,10.0,1.0,done,142
169,30,15.0,15.0,0.0,pending,
169,31,0,5.0,1.0,done,156
169,32,10.0,10.0,0.0,pending,
169,33,0,10.0,1.0,done,144
169,34,0,10.0,1.0,done,46
169,35,15.0,15.0,0.0,pending,
169,36,0,15.0,1.0,done,123
169,37,0,5.0,1.0,done,66
169,38,15.0,15.0,0.0,pending,
169,39,0,10.0,1.0,done,28
169,40,0,10.0,1.0,done,89
169,41,15.0,15.0,0.0,pending,
169,42,10.0,10.0,0.0,pending,
169,43,0,5.0,1.0,done,94
169,44,0,15.0,1.0,done,18
169,45,0,5.0,1.0,done,110
169,46,0,5.0,1.0,done,31
169,47,0,15.0,1.0,done,69
169,48,0,10.0,1.0,done,135
170,0,0,10.0,1.0,done,25
170,1,10.0,10.0,0.0,pending,
170,2,0,5.0,1.0,done,21
170,3,0,10.0,1.0,done,65
170,4,15.0,15.0,0.0,pending,
170,5,10.0,10.0,0.0,pending,
170,6,10.0,10.0,0.0,pending,
170,7,10.0,10.0,0.0,pending,
170,8,0,10.0,1.0,done,47
170,9,0,10.0,1.0,done,125
170,10,0,15.0,1.0,done,168
170,11,0,5.0,1.0,done,51
170,12,0,15.0,1.0,done,17
170,13,5.0,5.0,0.0,pending,
170,14,10.0,10.0,0.0,pending,
170,15,0,5.0,1.0,done,30
170,16,5.0,5.0,0.0,pending,
170,17,0,15.0,1.0,done,43
170,18,10.0,10.0,0.0,pending,
170,19,0,15.0,1.0,done,135
170,20,0,15.0,1.0,done,52
170,21,0,15.0,1.0,done,53
170,22,0,5.0,1.0,done,120
170,23,0,10.0,1.0,done,37
170,24,0,5.0,1.0,done,123
170,25,15.0,15.0,0.0,pending,
170,26,0,5.0,1.0,done,102
170,27,0,15.0,1.0,done,60
170,28,0,10.0,1.0,done,83
170,29,0,10.0,1.0,done,142
170,30,15.0,15.0,0.0,pending,
170,31,0,5.0,1.0,done,156
170,32,10.0,10.0,0.0,pending,
170,33,0,10.0,1.0,done,144
170,34,0,10.0,1.0,done,46
170,35,15.0,15.0,0.0,pending,
170,36,0,15.0,1.0,done,123
170,37,0,5.0,1.0,done,66
170,38,15.0,15.0,0.0,pending,
170,39,0,10.0,1.0,done,28
170,40,0,10.0,1.0,done,89
170,41,15.0,15.0,0.0,pending,
170,42,10.0,10.0,0.0,pending,
170,43,0,5.0,1.0,done,94
170,44,0,15.0,1.0,done,18
170,45,0,5.0,1.0,done,110
170,46,0,5.0,1.0,done,31
170,47,0,15.0,1.0,done,69
170,48,0,10.0,1.0,done,135
171,0,0,10.0,1.0,done,25
171,1,10.0,10.0,0.0,pending,
171,2,0,5.0,1.0,done,21
171,3,0,10.0,1.0,done,65
171,4,15.0,15.0,0.0,pending,
171,5,10.0,10.0,0.0,pending,
171,6,10.0,10.0,0.0,pending,
171,7,10.0,10.0,0.0,pending,
171,8,0,10.0,1.0,done,47
171,9,0,10.0,1.0,done,125
171,10,0,15.0,1.0,done,168
171,11,0,5.0,1.0,done,51
171,12,0,15.0,1.0,done,17
171,13,5.0,5.0,0.0,pending,
171,14,10.0,10.0,0.0,pending,
171,15,0,5.0,1.0,done,30
171,16,5.0,5.0,0.0,pending,
171,17,0,15.0,1.0,done,43
171,18,10.0,10.0,0.0,pending,
171,19,0,15.0,1.0,done,135
171,20,0,15.0,1.0,done,52
171,21,0,15.0,1.0,done,53
171,22,0,5.0,1.0,done,120
171,23,0,10.0,1.0,done,37
171,24,0,5.0,1.0,done,123
171,25,15.0,15.0,0.0,pending,
171,26,0,5.0,1.0,done,102
171,27,0,15.0,1.0,done,60
171,28,0,10.0,1.0,done,83
171,29,0,10.0,1.0,done,142
171,30,15.0,15.0,0.0,pending,
171,31,0,5.0,1.0,done,156
171,32,10.0,10.0,0.0,pending,
171,33,0,10.0,1.0,done,144
171,34,0,10.0,1.0,done,46
171,35,15.0,15.0,0.0,pending,
171,36,0,15.0,1.0,done,123
171,37,0,5.0,1.0,done,66
171,38,15.0,15.0,0.0,pending,
171,39,0,10.0,1.0,done,28
171,40,0,10.0,1.0,done,89
171,41,15.0,15.0,0.0,pending,
171,42,10.0,10.0,0.0,pending,
171,43,0,5.0,1.0,done,94
171,44,0,15.0,1.0,done,18
171,45,0,5.0,1.0,done,110
171,46,0,5.0,1.0,done,31
171,47,0,15.0,1.0,done,69
171,48,0,10.0,1.0,done,135
172,0,0,10.0,1.0,done,25
172,1,10.0,10.0,0.0,pending,
172,2,0,5.0,1.0,done,21
172,3,0,10.0,1.0,done,65
172,4,15.0,15.0,0.0,pending,
172,5,10.0,10.0,0.0,pending,
172,6,10.0,10.0,0.0,pending,
172,7,10.0,10.0,0.0,pending,
172,8,0,10.0,1.0,done,47
172,9,0,10.0,1.0,done,125
172,10,0,15.0,1.0,done,168
172,11,0,5.0,1.0,done,51
172,12,0,15.0,1.0,done,17
172,13,5.0,5.0,0.0,pending,
172,14,10.0,10.0,0.0,pending,
172,15,0,5.0,1.0,done,30
172,16,5.0,5.0,0.0,pending,
172,17,0,15.0,1.0,done,43
172,18,10.0,10.0,0.0,pending,
172,19,0,15.0,1.0,done,135
172,20,0,15.0,1.0,done,52
172,21,0,15.0,1.0,done,53
172,22,0,5.0,1.0,done,120
172,23,0,10.0,1.0,done,37
172,24,0,5.0,1.0,done,123
172,25,15.0,15.0,0.0,pending,
172,26,0,5.0,1.0,done,102
172,27,0,15.0,1.0,done,60
172,28,0,10.0,1.0,done,83
172,29,0,10.0,1.0,done,142
172,30,15.0,15.0,0.0,pending,
172,31,0,5.0,1.0,done,156
172,32,10.0,10.0,0.0,pending,
172,33,0,10.0,1.0,done,144
172,34,0,10.0,1.0,done,46
172,35,15.0,15.0,0.0,pending,
172,36,0,15.0,1.0,done,123
172,37,0,5.0,1.0,done,66
172,38,15.0,15.0,0.0,pending,
172,39,0,10.0,1.0,done,28
172,40,0,10.0,1.0,done,89
172,41,15.0,15.0,0.0,pending,
172,42,10.0,10.0,0.0,pending,
172,43,0,5.0,1.0,done,94
172,44,0,15.0,1.0,done,18
172,45,0,5.0,1.0,done,110
172,46,0,5.0,1.0,done,31
172,47,0,15.0,1.0,done,69
172,48,0,10.0,1.0,done,135
173,0,0,10.0,1.0,done,25
173,1,10.0,10.0,0.0,pending,
173,2,0,5.0,1.0,done,21
173,3,0,10.0,1.0,done,65
173,4,15.0,15.0,0.0,pending,
173,5,10.0,10.0,0.0,pending,
173,6,10.0,10.0,0.0,pending,
173,7,10.0,10.0,0.0,pending,
173,8,0,10.0,1.0,done,47
173,9,0,10.0,1.0,done,125
173,10,0,15.0,1.0,done,168
173,11,0,5.0,1.0,done,51
173,12,0,15.0,1.0,done,17
173,13,5.0,5.0,0.0,pending,
173,14,10.0,10.0,0.0,pending,
173,15,0,5.0,1.0,done,30
173,16,5.0,5.0,0.0,pending,
173,17,0,15.0,1.0,done,43
173,18,10.0,10.0,0.0,pending,
173,19,0,15.0,1.0,done,135
173,20,0,15.0,1.0,done,52
173,21,0,15.0,1.0,done,53
173,22,0,5.0,1.0,done,120
173,23,0,10.0,1.0,done,37
173,24,0,5.0,1.0,done,123
173,25,15.0,15.0,0.0,pending,
173,26,0,5.0,1.0,done,102
173,27,0,15.0,1.0,done,60
173,28,0,10.0,1.0,done,83
173,29,0,10.0,1.0,done,142
173,30,15.0,15.0,0.0,pending,
173,31,0,5.0,1.0,done,156
173,32,10.0,10.0,0.0,pending,
173,33,0,10.0,1.0,done,144
173,34,0,10.0,1.0,done,46
173,35,15.0,15.0,0.0,pending,
173,36,0,15.0,1.0,done,123
173,37,0,5.0,1.0,done,66
173,38,15.0,15.0,0.0,pending,
173,39,0,10.0,1.0,done,28
173,40,0,10.0,1.0,done,89
173,41,15.0,15.0,0.0,pending,
173,42,10.0,10.0,0.0,pending,
173,43,0,5.0,1.0,done,94
173,44,0,15.0,1.0,done,18
173,45,0,5.0,1.0,done,110
173,46,0,5.0,1.0,done,31
173,47,0,15.0,1.0,done,69
173,48,0,10.0,1.0,done,135
174,0,0,10.0,1.0,done,25
174,1,10.0,10.0,0.0,pending,
174,2,0,5.0,1.0,done,21
174,3,0,10.0,1.0,done,65
174,4,15.0,15.0,0.0,pending,
174,5,10.0,10.0,0.0,pending,
174,6,10.0,10.0,0.0,pending,
174,7,10.0,10.0,0.0,pending,
174,8,0,10.0,1.0,done,47
174,9,0,10.0,1.0,done,125
174,10,0,15.0,1.0,done,168
174,11,0,5.0,1.0,done,51
174,12,0,15.0,1.0,done,17
174,13,5.0,5.0,0.0,pending,
174,14,10.0,10.0,0.0,pending,
174,15,0,5.0,1.0,done,30
174,16,5.0,5.0,0.0,pending,
174,17,0,15.0,1.0,done,43
174,18,10.0,10.0,0.0,pending,
174,19,0,15.0,1.0,done,135
174,20,0,15.0,1.0,done,52
174,21,0,15.0,1.0,done,53
174,22,0,5.0,1.0,done,120
174,23,0,10.0,1.0,done,37
174,24,0,5.0,1.0,done,123
174,25,15.0,15.0,0.0,pending,
174,26,0,5.0,1.0,done,102
174,27,0,15.0,1.0,done,60
174,28,0,10.0,1.0,done,83
174,29,0,10.0,1.0,done,142
174,30,15.0,15.0,0.0,pending,
174,31,0,5.0,1.0,done,156
174,32,10.0,10.0,0.0,pending,
174,33,0,10.0,1.0,done,144
174,34,0,10.0,1.0,done,46
174,35,15.0,15.0,0.0,pending,
174,36,0,15.0,1.0,done,123
174,37,0,5.0,1.0,done,66
174,38,15.0,15.0,0.0,pending,
174,39,0,10.0,1.0,done,28
174,40,0,10.0,1.0,done,89
174,41,15.0,15.0,0.0,pending,
174,42,10.0,10.0,0.0,pending,
174,43,0,5.0,1.0,done,94
174,44,0,15.0,1.0,done,18
174,45,0,5.0,1.0,done,110
174,46,0,5.0,1.0,done,31
174,47,0,15.0,1.0,done,69
174,48,0,10.0,1.0,done,135
175,0,0,10.0,1.0,done,25
175,1,10.0,10.0,0.0,pending,
175,2,0,5.0,1.0,done,21
175,3,0,10.0,1.0,done,65
175,4,15.0,15.0,0.0,pending,
175,5,10.0,10.0,0.0,pending,
175,6,10.0,10.0,0.0,pending,
175,7,10.0,10.0,0.0,pending,
175,8,0,10.0,1.0,done,47
175,9,0,10.0,1.0,done,125
175,10,0,15.0,1.0,done,168
175,11,0,5.0,1.0,done,51
175,12,0,15.0,1.0,done,17
175,13,5.0,5.0,0.0,pending,
175,14,10.0,10.0,0.0,pending,
175,15,0,5.0,1.0,done,30
175,16,5.0,5.0,0.0,pending,
175,17,0,15.0,1.0,done,43
175,18,10.0,10.0,0.0,pending,
175,19,0,15.0,1.0,done,135
175,20,0,15.0,1.0,done,52
175,21,0,15.0,1.0,done,53
175,22,0,5.0,1.0,done,120
175,23,0,10.0,1.0,done,37
175,24,0,5.0,1.0,done,123
175,25,15.0,15.0,0.0,pending,
175,26,0,5.0,1.0,done,102
175,27,0,15.0,1.0,done,60
175,28,0,10.0,1.0,done,83
175,29,0,10.0,1.0,done,142
175,30,15.0,15.0,0.0,pending,
175,31,0,5.0,1.0,done,156
175,32,10.0,10.0,0.0,pending,
175,33,0,10.0,1.0,done,144
175,34,0,10.0,1.0,done,46
175,35,15.0,15.0,0.0,pending,
175,36,0,15.0,1.0,done,123
175,37,0,5.0,1.0,done,66
175,38,15.0,15.0,0.0,pending,
175,39,0,10.0,1.0,done,28
175,40,0,10.0,1.0,done,89
175,41,15.0,15.0,0.0,pending,
175,42,10.0,10.0,0.0,pending,
175,43,0,5.0,1.0,done,94
175,44,0,15.0,1.0,done,18
175,45,0,5.0,1.0,done,110
175,46,0,5.0,1.0,done,31
175,47,0,15.0,1.0,done,69
175,48,0,10.0,1.0,done,135
176,0,0,10.0,1.0,done,25
176,1,10.0,10.0,0.0,pending,
176,2,0,5.0,1.0,done,21
176,3,0,10.0,1.0,done,65
176,4,15.0,15.0,0.0,pending,
176,5,10.0,10.0,0.0,pending,
176,6,10.0,10.0,0.0,pending,
176,7,10.0,10.0,0.0,pending,
176,8,0,10.0,1.0,done,47
176,9,0,10.0,1.0,done,125
176,10,0,15.0,1.0,done,168
176,11,0,5.0,1.0,done,51
176,12,0,15.0,1.0,done,17
176,13,5.0,5.0,0.0,pending,
176,14,10.0,10.0,0.0,pending,
176,15,0,5.0,1.0,done,30
176,16,5.0,5.0,0.0,pending,
176,17,0,15.0,1.0,done,43
176,18,10.0,10.0,0.0,pending,
176,19,0,15.0,1.0,done,135
176,20,0,15.0,1.0,done,52
176,21,0,15.0,1.0,done,53
176,22,0,5.0,1.0,done,120
176,23,0,10.0,1.0,done,37
176,24,0,5.0,1.0,done,123
176,25,15.0,15.0,0.0,pending,
176,26,0,5.0,1.0,done,102
176,27,0,15.0,1.0,done,60
176,28,0,10.0,1.0,done,83
176,29,0,10.0,1.0,done,142
176,30,15.0,15.0,0.0,pending,
176,31,0,5.0,1.0,done,156
176,32,10.0,10.0,0.0,pending,
176,33,0,10.0,1.0,done,144
176,34,0,10.0,1.0,done,46
176,35,15.0,15.0,0.0,pending,
176,36,0,15.0,1.0,done,123
176,37,0,5.0,1.0,done,66
176,38,15.0,15.0,0.0,pending,
176,39,0,10.0,1.0,done,28
176,40,0,10.0,1.0,done,89
176,41,15.0,15.0,0.0,pending,
176,42,10.0,10.0,0.0,pending,
176,43,0,5.0,1.0,done,94
176,44,0,15.0,1.0,done,18
176,45,0,5.0,1.0,done,110
176,46,0,5.0,1.0,done,31
176,47,0,15.0,1.0,done,69
176,48,0,10.0,1.0,done,135
177,0,0,10.0,1.0,done,25
177,1,10.0,10.0,0.0,pending,
177,2,0,5.0,1.0,done,21
177,3,0,10.0,1.0,done,65
177,4,15.0,15.0,0.0,pending,
177,5,10.0,10.0,0.0,pending,
177,6,10.0,10.0,0.0,pending,
177,7,10.0,10.0,0.0,pending,
177,8,0,10.0,1.0,done,47
177,9,0,10.0,1.0,done,125
177,10,0,15.0,1.0,done,168
177,11,0,5.0,1.0,done,51
177,12,0,15.0,1.0,done,17
177,13,5.0,5.0,0.0,pending,
177,14,10.0,10.0,0.0,pending,
177,15,0,5.0,1.0,done,30
177,16,5.0,5.0,0.0,pending,
177,17,0,15.0,1.0,done,43
177,18,10.0,10.0,0.0,pending,
177,19,0,15.0,1.0,done,135
177,20,0,15.0,1.0,done,52
177,21,0,15.0,1.0,done,53
177,22,0,5.0,1.0,done,120
177,23,0,10.0,1.0,done,37
177,24,0,5.0,1.0,done,123
177,25,15.0,15.0,0.0,pending,
177,26,0,5.0,1.0,done,102
177,27,0,15.0,1.0,done,60
177,28,0,10.0,1.0,done,83
177,29,0,10.0,1.0,done,142
177,30,15.0,15.0,0.0,pending,
177,31,0,5.0,1.0,done,156
177,32,8.330149442048278,10.0,0.16698505579517225,in_progress,
177,33,0,10.0,1.0,done,144
177,34,0,10.0,1.0,done,46
177,35,15.0,15.0,0.0,pending,
177,36,0,15.0,1.0,done,123
177,37,0,5.0,1.0,done,66
177,38,15.0,15.0,0.0,pending,
177,39,0,10.0,1.0,done,28
177,40,0,10.0,1.0,done,89
177,41,15.0,15.0,0.0,pending,
177,42,10.0,10.0,0.0,pending,
177,43,0,5.0,1.0,done,94
177,44,0,15.0,1.0,done,18
177,45,0,5.0,1.0,done,110
177,46,0,5.0,1.0,done,31
177,47,0,15.0,1.0,done,69
177,48,0,10.0,1.0,done,135
178,0,0,10.0,1.0,done,25
178,1,10.0,10.0,0.0,pending,
178,2,0,5.0,1.0,done,21
178,3,0,10.0,1.0,done,65
178,4,15.0,15.0,0.0,pending,
178,5,10.0,10.0,0.0,pending,
178,6,10.0,10.0,0.0,pending,
178,7,10.0,10.0,0.0,pending,
178,8,0,10.0,1.0,done,47
178,9,0,10.0,1.0,done,125
178,10,0,15.0,1.0,done,168
178,11,0,5.0,1.0,done,51
178,12,0,15.0,1.0,done,17
178,13,5.0,5.0,0.0,pending,
178,14,10.0,10.0,0.0,pending,
178,15,0,5.0,1.0,done,30
178,16,5.0,5.0,0.0,pending,
178,17,0,15.0,1.0,done,43
178,18,10.0,10.0,0.0,pending,
178,19,0,15.0,1.0,done,135
178,20,0,15.0,1.0,done,52
178,21,0,15.0,1.0,done,53
178,22,0,5.0,1.0,done,120
178,23,0,10.0,1.0,done,37
178,24,0,5.0,1.0,done,123
178,25,15.0,15.0,0.0,pending,
178,26,0,5.0,1.0,done,102
178,27,0,15.0,1.0,done,60
178,28,0,10.0,1.0,done,83
178,29,0,10.0,1.0,done,142
178,30,15.0,15.0,0.0,pending,
178,31,0,5.0,1.0,done,156
178,32,5.330149442048278,10.0,0.46698505579517224,in_progress,
178,33,0,10.0,1.0,done,144
178,34,0,10.0,1.0,done,46
178,35,15.0,15.0,0.0,pending,
178,36,0,15.0,1.0,done,123
178,37,0,5.0,1.0,done,66
178,38,15.0,15.0,0.0,pending,
178,39,0,10.0,1.0,done,28
178,40,0,10.0,1.0,done,89
178,41,15.0,15.0,0.0,pending,
178,42,10.0,10.0,0.0,pending,
178,43,0,5.0,1.0,done,94
178,44,0,15.0,1.0,done,18
178,45,0,5.0,1.0,done,110
178,46,0,5.0,1.0,done,31
178,47,0,15.0,1.0,done,69
178,48,0,10.0,1.0,done,135
179,0,0,10.0,1.0,done,25
179,1,10.0,10.0,0.0,pending,
179,2,0,5.0,1.0,done,21
179,3,0,10.0,1.0,done,65
179,4,15.0,15.0,0.0,pending,
179,5,10.0,10.0,0.0,pending,
179,6,10.0,10.0,0.0,pending,
179,7,10.0,10.0,0.0,pending,
179,8,0,10.0,1.0,done,47
179,9,0,10.0,1.0,done,125
179,10,0,15.0,1.0,done,168
179,11,0,5.0,1.0,done,51
179,12,0,15.0,1.0,done,17
179,13,5.0,5.0,0.0,pending,
179,14,10.0,10.0,0.0,pending,
179,15,0,5.0,1.0,done,30
179,16,5.0,5.0,0.0,pending,
179,17,0,15.0,1.0,done,43
179,18,10.0,10.0,0.0,pending,
179,19,0,15.0,1.0,done,135
179,20,0,15.0,1.0,done,52
179,21,0,15.0,1.0,done,53
179,22,0,5.0,1.0,done,120
179,23,0,10.0,1.0,done,37
179,24,0,5.0,1.0,done,123
179,25,15.0,15.0,0.0,pending,
179,26,0,5.0,1.0,done,102
179,27,0,15.0,1.0,done,60
179,28,0,10.0,1.0,done,83
179,29,0,10.0,1.0,done,142
179,30,15.0,15.0,0.0,pending,
179,31,0,5.0,1.0,done,156
179,32,2.3301494420482776,10.0,0.7669850557951723,in_progress,
179,33,0,10.0,1.0,done,144
179,34,0,10.0,1.0,done,46
179,35,15.0,15.0,0.0,pending,
179,36,0,15.0,1.0,done,123
179,37,0,5.0,1.0,done,66
179,38,15.0,15.0,0.0,pending,
179,39,0,10.0,1.0,done,28
179,40,0,10.0,1.0,done,89
179,41,15.0,15.0,0.0,pending,
179,42,10.0,10.0,0.0,pending,
179,43,0,5.0,1.0,done,94
179,44,0,15.0,1.0,done,18
179,45,0,5.0,1.0,done,110
179,46,0,5.0,1.0,done,31
179,47,0,15.0,1.0,done,69
179,48,0,10.0,1.0,done,135
180,0,0,10.0,1.0,done,25
180,1,10.0,10.0,0.0,pending,
180,2,0,5.0,1.0,done,21
180,3,0,10.0,1.0,done,65
180,4,15.0,15.0,0.0,pending,
180,5,10.0,10.0,0.0,pending,
180,6,10.0,10.0,0.0,pending,
180,7,10.0,10.0,0.0,pending,
180,8,0,10.0,1.0,done,47
180,9,0,10.0,1.0,done,125
180,10,0,15.0,1.0,done,168
180,11,0,5.0,1.0,done,51
180,12,0,15.0,1.0,done,17
180,13,5.0,5.0,0.0,pending,
180,14,10.0,10.0,0.0,pending,
180,15,0,5.0,1.0,done,30
180,16,5.0,5.0,0.0,pending,
180,17,0,15.0,1.0,done,43
180,18,10.0,10.0,0.0,pending,
180,19,0,15.0,1.0,done,135
180,20,0,15.0,1.0,done,52
180,21,0,15.0,1.0,done,53
180,22,0,5.0,1.0,done,120
180,23,0,10.0,1.0,done,37
180,24,0,5.0,1.0,done,123
180,25,15.0,15.0,0.0,pending,
180,26,0,5.0,1.0,done,102
180,27,0,15.0,1.0,done,60
180,28,0,10.0,1.0,done,83
180,29,0,10.0,1.0,done,142
180,30,15.0,15.0,0.0,pending,
180,31,0,5.0,1.0,done,156
180,32,0,10.0,1.0,done,180
180,33,0,10.0,1.0,done,144
180,34,0,10.0,1.0,done,46
180,35,15.0,15.0,0.0,pending,
180,36,0,15.0,1.0,done,123
180,37,0,5.0,1.0,done,66
180,38,15.0,15.0,0.0,pending,
180,39,0,10.0,1.0,done,28
180,40,0,10.0,1.0,done,89
180,41,15.0,15.0,0.0,pending,
180,42,10.0,10.0,0.0,pending,
180,43,0,5.0,1.0,done,94
180,44,0,15.0,1.0,done,18
180,45,0,5.0,1.0,done,110
180,46,0,5.0,1.0,done,31
180,47,0,15.0,1.0,done,69
180,48,0,10.0,1.0,done,135
181,0,0,10.0,1.0,done,25
181,1,10.0,10.0,0.0,pending,
181,2,0,5.0,1.0,done,21
181,3,0,10.0,1.0,done,65
181,4,15.0,15.0,0.0,pending,
181,5,10.0,10.0,0.0,pending,
181,6,10.0,10.0,0.0,pending,
181,7,10.0,10.0,0.0,pending,
181,8,0,10.0,1.0,done,47
181,9,0,10.0,1.0,done,125
181,10,0,15.0,1.0,done,168
181,11,0,5.0,1.0,done,51
181,12,0,15.0,1.0,done,17
181,13,5.0,5.0,0.0,pending,
181,14,10.0,10.0,0.0,pending,
181,15,0,5.0,1.0,done,30
181,16,5.0,5.0,0.0,pending,
181,17,0,15.0,1.0,done,43
181,18,10.0,10.0,0.0,pending,
181,19,0,15.0,1.0,done,135
181,20,0,15.0,1.0,done,52
181,21,0,15.0,1.0,done,53
181,22,0,5.0,1.0,done,120
181,23,0,10.0,1.0,done,37
181,24,0,5.0,1.0,done,123
181,25,15.0,15.0,0.0,pending,
181,26,0,5.0,1.0,done,102
181,27,0,15.0,1.0,done,60
181,28,0,10.0,1.0,done,83
181,29,0,10.0,1.0,done,142
181,30,15.0,15.0,0.0,pending,
181,31,0,5.0,1.0,done,156
181,32,0,10.0,1.0,done,180
181,33,0,10.0,1.0,done,144
181,34,0,10.0,1.0,done,46
181,35,15.0,15.0,0.0,pending,
181,36,0,15.0,1.0,done,123
181,37,0,5.0,1.0,done,66
181,38,15.0,15.0,0.0,pending,
181,39,0,10.0,1.0,done,28
181,40,0,10.0,1.0,done,89
181,41,15.0,15.0,0.0,pending,
181,42,10.0,10.0,0.0,pending,
181,43,0,5.0,1.0,done,94
181,44,0,15.0,1.0,done,18
181,45,0,5.0,1.0,done,110
181,46,0,5.0,1.0,done,31
181,47,0,15.0,1.0,done,69
181,48,0,10.0,1.0,done,135
182,0,0,10.0,1.0,done,25
182,1,10.0,10.0,0.0,pending,
182,2,0,5.0,1.0,done,21
182,3,0,10.0,1.0,done,65
182,4,15.0,15.0,0.0,pending,
182,5,10.0,10.0,0.0,pending,
182,6,10.0,10.0,0.0,pending,
182,7,10.0,10.0,0.0,pending,
182,8,0,10.0,1.0,done,47
182,9,0,10.0,1.0,done,125
182,10,0,15.0,1.0,done,168
182,11,0,5.0,1.0,done,51
182,12,0,15.0,1.0,done,17
182,13,5.0,5.0,0.0,pending,
182,14,10.0,10.0,0.0,pending,
182,15,0,5.0,1.0,done,30
182,16,5.0,5.0,0.0,pending,
182,17,0,15.0,1.0,done,43
182,18,10.0,10.0,0.0,pending,
182,19,0,15.0,1.0,done,135
182,20,0,15.0,1.0,done,52
182,21,0,15.0,1.0,done,53
182,22,0,5.0,1.0,done,120
182,23,0,10.0,1.0,done,37
182,24,0,5.0,1.0,done,123
182,25,15.0,15.0,0.0,pending,
182,26,0,5.0,1.0,done,102
182,27,0,15.0,1.0,done,60
182,28,0,10.0,1.0,done,83
182,29,0,10.0,1.0,done,142
182,30,15.0,15.0,0.0,pending,
182,31,0,5.0,1.0,done,156
182,32,0,10.0,1.0,done,180
182,33,0,10.0,1.0,done,144
182,34,0,10.0,1.0,done,46
182,35,15.0,15.0,0.0,pending,
182,36,0,15.0,1.0,done,123
182,37,0,5.0,1.0,done,66
182,38,15.0,15.0,0.0,pending,
182,39,0,10.0,1.0,done,28
182,40,0,10.0,1.0,done,89
182,41,15.0,15.0,0.0,pending,
182,42,10.0,10.0,0.0,pending,
182,43,0,5.0,1.0,done,94
182,44,0,15.0,1.0,done,18
182,45,0,5.0,1.0,done,110
182,46,0,5.0,1.0,done,31
182,47,0,15.0,1.0,done,69
182,48,0,10.0,1.0,done,135
183,0,0,10.0,1.0,done,25
183,1,10.0,10.0,0.0,pending,
183,2,0,5.0,1.0,done,21
183,3,0,10.0,1.0,done,65
183,4,15.0,15.0,0.0,pending,
183,5,10.0,10.0,0.0,pending,
183,6,10.0,10.0,0.0,pending,
183,7,10.0,10.0,0.0,pending,
183,8,0,10.0,1.0,done,47
183,9,0,10.0,1.0,done,125
183,10,0,15.0,1.0,done,168
183,11,0,5.0,1.0,done,51
183,12,0,15.0,1.0,done,17
183,13,5.0,5.0,0.0,pending,
183,14,10.0,10.0,0.0,pending,
183,15,0,5.0,1.0,done,30
183,16,5.0,5.0,0.0,pending,
183,17,0,15.0,1.0,done,43
183,18,10.0,10.0,0.0,pending,
183,19,0,15.0,1.0,done,135
183,20,0,15.0,1.0,done,52
183,21,0,15.0,1.0,done,53
183,22,0,5.0,1.0,done,120
183,23,0,10.0,1.0,done,37
183,24,0,5.0,1.0,done,123
183,25,15.0,15.0,0.0,pending,
183,26,0,5.0,1.0,done,102
183,27,0,15.0,1.0,done,60
183,28,0,10.0,1.0,done,83
183,29,0,10.0,1.0,done,142
183,30,15.0,15.0,0.0,pending,
183,31,0,5.0,1.0,done,156
183,32,0,10.0,1.0,done,180
183,33,0,10.0,1.0,done,144
183,34,0,10.0,1.0,done,46
183,35,15.0,15.0,0.0,pending,
183,36,0,15.0,1.0,done,123
183,37,0,5.0,1.0,done,66
183,38,15.0,15.0,0.0,pending,
183,39,0,10.0,1.0,done,28
183,40,0,10.0,1.0,done,89
183,41,15.0,15.0,0.0,pending,
183,42,10.0,10.0,0.0,pending,
183,43,0,5.0,1.0,done,94
183,44,0,15.0,1.0,done,18
183,45,0,5.0,1.0,done,110
183,46,0,5.0,1.0,done,31
183,47,0,15.0,1.0,done,69
183,48,0,10.0,1.0,done,135
184,0,0,10.0,1.0,done,25
184,1,10.0,10.0,0.0,pending,
184,2,0,5.0,1.0,done,21
184,3,0,10.0,1.0,done,65
184,4,15.0,15.0,0.0,pending,
184,5,10.0,10.0,0.0,pending,
184,6,10.0,10.0,0.0,pending,
184,7,10.0,10.0,0.0,pending,
184,8,0,10.0,1.0,done,47
184,9,0,10.0,1.0,done,125
184,10,0,15.0,1.0,done,168
184,11,0,5.0,1.0,done,51
184,12,0,15.0,1.0,done,17
184,13,5.0,5.0,0.0,pending,
184,14,10.0,10.0,0.0,pending,
184,15,0,5.0,1.0,done,30
184,16,5.0,5.0,0.0,pending,
184,17,0,15.0,1.0,done,43
184,18,10.0,10.0,0.0,pending,
184,19,0,15.0,1.0,done,135
184,20,0,15.0,1.0,done,52
184,21,0,15.0,1.0,done,53
184,22,0,5.0,1.0,done,120
184,23,0,10.0,1.0,done,37
184,24,0,5.0,1.0,done,123
184,25,15.0,15.0,0.0,pending,
184,26,0,5.0,1.0,done,102
184,27,0,15.0,1.0,done,60
184,28,0,10.0,1.0,done,83
184,29,0,10.0,1.0,done,142
184,30,15.0,15.0,0.0,pending,
184,31,0,5.0,1.0,done,156
184,32,0,10.0,1.0,done,180
184,33,0,10.0,1.0,done,144
184,34,0,10.0,1.0,done,46
184,35,15.0,15.0,0.0,pending,
184,36,0,15.0,1.0,done,123
184,37,0,5.0,1.0,done,66
184,38,13.925469736338805,15.0,0.07163535091074635,in_progress,
184,39,0,10.0,1.0,done,28
184,40,0,10.0,1.0,done,89
184,41,15.0,15.0,0.0,pending,
184,42,10.0,10.0,0.0,pending,
184,43,0,5.0,1.0,done,94
184,44,0,15.0,1.0,done,18
184,45,0,5.0,1.0,done,110
184,46,0,5.0,1.0,done,31
184,47,0,15.0,1.0,done,69
184,48,0,10.0,1.0,done,135
185,0,0,10.0,1.0,done,25
185,1,10.0,10.0,0.0,pending,
185,2,0,5.0,1.0,done,21
185,3,0,10.0,1.0,done,65
185,4,15.0,15.0,0.0,pending,
185,5,10.0,10.0,0.0,pending,
185,6,10.0,10.0,0.0,pending,
185,7,10.0,10.0,0.0,pending,
185,8,0,10.0,1.0,done,47
185,9,0,10.0,1.0,done,125
185,10,0,15.0,1.0,done,168
185,11,0,5.0,1.0,done,51
185,12,0,15.0,1.0,done,17
185,13,5.0,5.0,0.0,pending,
185,14,10.0,10.0,0.0,pending,
185,15,0,5.0,1.0,done,30
185,16,5.0,5.0,0.0,pending,
185,17,0,15.0,1.0,done,43
185,18,10.0,10.0,0.0,pending,
185,19,0,15.0,1.0,done,135
185,20,0,15.0,1.0,done,52
185,21,0,15.0,1.0,done,53
185,22,0,5.0,1.0,done,120
185,23,0,10.0,1.0,done,37
185,24,0,5.0,1.0,done,123
185,25,15.0,15.0,0.0,pending,
185,26,0,5.0,1.0,done,102
185,27,0,15.0,1.0,done,60
185,28,0,10.0,1.0,done,83
185,29,0,10.0,1.0,done,142
185,30,15.0,15.0,0.0,pending,
185,31,0,5.0,1.0,done,156
185,32,0,10.0,1.0,done,180
185,33,0,10.0,1.0,done,144
185,34,0,10.0,1.0,done,46
185,35,15.0,15.0,0.0,pending,
185,36,0,15.0,1.0,done,123
185,37,0,5.0,1.0,done,66
185,38,11.925469736338805,15.0,0.20496868424407969,in_progress,
185,39,0,10.0,1.0,done,28
185,40,0,10.0,1.0,done,89
185,41,15.0,15.0,0.0,pending,
185,42,10.0,10.0,0.0,pending,
185,43,0,5.0,1.0,done,94
185,44,0,15.0,1.0,done,18
185,45,0,5.0,1.0,done,110
185,46,0,5.0,1.0,done,31
185,47,0,15.0,1.0,done,69
185,48,0,10.0,1.0,done,135
186,0,0,10.0,1.0,done,25
186,1,10.0,10.0,0.0,pending,
186,2,0,5.0,1.0,done,21
186,3,0,10.0,1.0,done,65
186,4,15.0,15.0,0.0,pending,
186,5,10.0,10.0,0.0,pending,
186,6,10.0,10.0,0.0,pending,
186,7,10.0,10.0,0.0,pending,
186,8,0,10.0,1.0,done,47
186,9,0,10.0,1.0,done,125
186,10,0,15.0,1.0,done,168
186,11,0,5.0,1.0,done,51
186,12,0,15.0,1.0,done,17
186,13,5.0,5.0,0.0,pending,
186,14,10.0,10.0,0.0,pending,
186,15,0,5.0,1.0,done,30
186,16,5.0,5.0,0.0,pending,
186,17,0,15.0,1.0,done,43
186,18,10.0,10.0,0.0,pending,
186,19,0,15.0,1.0,done,135
186,20,0,15.0,1.0,done,52
186,21,0,15.0,1.0,done,53
186,22,0,5.0,1.0,done,120
186,23,0,10.0,1.0,done,37
186,24,0,5.0,1.0,done,123
186,25,15.0,15.0,0.0,pending,
186,26,0,5.0,1.0,done,102
186,27,0,15.0,1.0,done,60
186,28,0,10.0,1.0,done,83
186,29,0,10.0,1.0,done,142
186,30,15.0,15.0,0.0,pending,
186,31,0,5.0,1.0,done,156
186,32,0,10.0,1.0,done,180
186,33,0,10.0,1.0,done,144
186,34,0,10.0,1.0,done,46
186,35,15.0,15.0,0.0,pending,
186,36,0,15.0,1.0,done,123
186,37,0,5.0,1.0,done,66
186,38,9.925469736338805,15.0,0.338302017577413,in_progress,
186,39,0,10.0,1.0,done,28
186,40,0,10.0,1.0,done,89
186,41,15.0,15.0,0.0,pending,
186,42,10.0,10.0,0.0,pending,
186,43,0,5.0,1.0,done,94
186,44,0,15.0,1.0,done,18
186,45,0,5.0,1.0,done,110
186,46,0,5.0,1.0,done,31
186,47,0,15.0,1.0,done,69
186,48,0,10.0,1.0,done,135
187,0,0,10.0,1.0,done,25
187,1,10.0,10.0,0.0,pending,
187,2,0,5.0,1.0,done,21
187,3,0,10.0,1.0,done,65
187,4,15.0,15.0,0.0,pending,
187,5,10.0,10.0,0.0,pending,
187,6,10.0,10.0,0.0,pending,
187,7,10.0,10.0,0.0,pending,
187,8,0,10.0,1.0,done,47
187,9,0,10.0,1.0,done,125
187,10,0,15.0,1.0,done,168
187,11,0,5.0,1.0,done,51
187,12,0,15.0,1.0,done,17
187,13,5.0,5.0,0.0,pending,
187,14,10.0,10.0,0.0,pending,
187,15,0,5.0,1.0,done,30
187,16,2.8739139956144246,5.0,0.42521720087711506,in_progress,
187,17,0,15.0,1.0,done,43
187,18,10.0,10.0,0.0,pending,
187,19,0,15.0,1.0,done,135
187,20,0,15.0,1.0,done,52
187,21,0,15.0,1.0,done,53
187,22,0,5.0,1.0,done,120
187,23,0,10.0,1.0,done,37
187,24,0,5.0,1.0,done,123
187,25,15.0,15.0,0.0,pending,
187,26,0,5.0,1.0,done,102
187,27,0,15.0,1.0,done,60
187,28,0,10.0,1.0,done,83
187,29,0,10.0,1.0,done,142
187,30,15.0,15.0,0.0,pending,
187,31,0,5.0,1.0,done,156
187,32,0,10.0,1.0,done,180
187,33,0,10.0,1.0,done,144
187,34,0,10.0,1.0,done,46
187,35,15.0,15.0,0.0,pending,
187,36,0,15.0,1.0,done,123
187,37,0,5.0,1.0,done,66
187,38,7.925469736338805,15.0,0.4716353509107464,in_progress,
187,39,0,10.0,1.0,done,28
187,40,0,10.0,1.0,done,89
187,41,15.0,15.0,0.0,pending,
187,42,10.0,10.0,0.0,pending,
187,43,0,5.0,1.0,done,94
187,44,0,15.0,1.0,done,18
187,45,0,5.0,1.0,done,110
187,46,0,5.0,1.0,done,31
187,47,0,15.0,1.0,done,69
187,48,0,10.0,1.0,done,135
188,0,0,10.0,1.0,done,25
188,1,10.0,10.0,0.0,pending,
188,2,0,5.0,1.0,done,21
188,3,0,10.0,1.0,done,65
188,4,15.0,15.0,0.0,pending,
188,5,10.0,10.0,0.0,pending,
188,6,10.0,10.0,0.0,pending,
188,7,10.0,10.0,0.0,pending,
188,8,0,10.0,1.0,done,47
188,9,0,10.0,1.0,done,125
188,10,0,15.0,1.0,done,168
188,11,0,5.0,1.0,done,51
188,12,0,15.0,1.0,done,17
188,13,5.0,5.0,0.0,pending,
188,14,10.0,10.0,0.0,pending,
188,15,0,5.0,1.0,done,30
188,16,0,5.0,1.0,done,188
188,17,0,15.0,1.0,done,43
188,18,10.0,10.0,0.0,pending,
188,19,0,15.0,1.0,done,135
188,20,0,15.0,1.0,done,52
188,21,0,15.0,1.0,done,53
188,22,0,5.0,1.0,done,120
188,23,0,10.0,1.0,done,37
188,24,0,5.0,1.0,done,123
188,25,15.0,15.0,0.0,pending,
188,26,0,5.0,1.0,done,102
188,27,0,15.0,1.0,done,60
188,28,0,10.0,1.0,done,83
188,29,0,10.0,1.0,done,142
188,30,15.0,15.0,0.0,pending,
188,31,0,5.0,1.0,done,156
188,32,0,10.0,1.0,done,180
188,33,0,10.0,1.0,done,144
188,34,0,10.0,1.0,done,46
188,35,15.0,15.0,0.0,pending,
188,36,0,15.0,1.0,done,123
188,37,0,5.0,1.0,done,66
188,38,5.925469736338805,15.0,0.6049686842440797,in_progress,
188,39,0,10.0,1.0,done,28
188,40,0,10.0,1.0,done,89
188,41,15.0,15.0,0.0,pending,
188,42,10.0,10.0,0.0,pending,
188,43,0,5.0,1.0,done,94
188,44,0,15.0,1.0,done,18
188,45,0,5.0,1.0,done,110
188,46,0,5.0,1.0,done,31
188,47,0,15.0,1.0,done,69
188,48,0,10.0,1.0,done,135
189,0,0,10.0,1.0,done,25
189,1,10.0,10.0,0.0,pending,
189,2,0,5.0,1.0,done,21
189,3,0,10.0,1.0,done,65
189,4,15.0,15.0,0.0,pending,
189,5,10.0,10.0,0.0,pending,
189,6,10.0,10.0,0.0,pending,
189,7,10.0,10.0,0.0,pending,
189,8,0,10.0,1.0,done,47
189,9,0,10.0,1.0,done,125
189,10,0,15.0,1.0,done,168
189,11,0,5.0,1.0,done,51
189,12,0,15.0,1.0,done,17
189,13,5.0,5.0,0.0,pending,
189,14,10.0,10.0,0.0,pending,
189,15,0,5.0,1.0,done,30
189,16,0,5.0,1.0,done,188
189,17,0,15.0,1.0,done,43
189,18,10.0,10.0,0.0,pending,
189,19,0,15.0,1.0,done,135
189,20,0,15.0,1.0,done,52
189,21,0,15.0,1.0,done,53
189,22,0,5.0,1.0,done,120
189,23,0,10.0,1.0,done,37
189,24,0,5.0,1.0,done,123
189,25,15.0,15.0,0.0,pending,
189,26,0,5.0,1.0,done,102
189,27,0,15.0,1.0,done,60
189,28,0,10.0,1.0,done,83
189,29,0,10.0,1.0,done,142
189,30,15.0,15.0,0.0,pending,
189,31,0,5.0,1.0,done,156
189,32,0,10.0,1.0,done,180
189,33,0,10.0,1.0,done,144
189,34,0,10.0,1.0,done,46
189,35,15.0,15.0,0.0,pending,
189,36,0,15.0,1.0,done,123
189,37,0,5.0,1.0,done,66
189,38,3.9254697363388047,15.0,0.738302017577413,in_progress,
189,39,0,10.0,1.0,done,28
189,40,0,10.0,1.0,done,89
189,41,15.0,15.0,0.0,pending,
189,42,10.0,10.0,0.0,pending,
189,43,0,5.0,1.0,done,94
189,44,0,15.0,1.0,done,18
189,45,0,5.0,1.0,done,110
189,46,0,5.0,1.0,done,31
189,47,0,15.0,1.0,done,69
189,48,0,10.0,1.0,done,135
190,0,0,10.0,1.0,done,25
190,1,10.0,10.0,0.0,pending,
190,2,0,5.0,1.0,done,21
190,3,0,10.0,1.0,done,65
190,4,15.0,15.0,0.0,pending,
190,5,10.0,10.0,0.0,pending,
190,6,10.0,10.0,0.0,pending,
190,7,10.0,10.0,0.0,pending,
190,8,0,10.0,1.0,done,47
190,9,0,10.0,1.0,done,125
190,10,0,15.0,1.0,done,168
190,11,0,5.0,1.0,done,51
190,12,0,15.0,1.0,done,17
190,13,5.0,5.0,0.0,pending,
190,14,10.0,10.0,0.0,pending,
190,15,0,5.0,1.0,done,30
190,16,0,5.0,1.0,done,188
190,17,0,15.0,1.0,done,43
190,18,10.0,10.0,0.0,pending,
190,19,0,15.0,1.0,done,135
190,20,0,15.0,1.0,done,52
190,21,0,15.0,1.0,done,53
190,22,0,5.0,1.0,done,120
190,23,0,10.0,1.0,done,37
190,24,0,5.0,1.0,done,123
190,25,15.0,15.0,0.0,pending,
190,26,0,5.0,1.0,done,102
190,27,0,15.0,1.0,done,60
190,28,0,10.0,1.0,done,83
190,29,0,10.0,1.0,done,142
190,30,15.0,15.0,0.0,pending,
190,31,0,5.0,1.0,done,156
190,32,0,10.0,1.0,done,180
190,33,0,10.0,1.0,done,144
190,34,0,10.0,1.0,done,46
190,35,15.0,15.0,0.0,pending,
190,36,0,15.0,1.0,done,123
190,37,0,5.0,1.0,done,66
190,38,1.9254697363388047,15.0,0.8716353509107464,in_progress,
190,39,0,10.0,1.0,done,28
190,40,0,10.0,1.0,done,89
190,41,15.0,15.0,0.0,pending,
190,42,10.0,10.0,0.0,pending,
190,43,0,5.0,1.0,done,94
190,44,0,15.0,1.0,done,18
190,45,0,5.0,1.0,done,110
190,46,0,5.0,1.0,done,31
190,47,0,15.0,1.0,done,69
190,48,0,10.0,1.0,done,135
191,0,0,10.0,1.0,done,25
191,1,10.0,10.0,0.0,pending,
191,2,0,5.0,1.0,done,21
191,3,0,10.0,1.0,done,65
191,4,15.0,15.0,0.0,pending,
191,5,10.0,10.0,0.0,pending,
191,6,10.0,10.0,0.0,pending,
191,7,10.0,10.0,0.0,pending,
191,8,0,10.0,1.0,done,47
191,9,0,10.0,1.0,done,125
191,10,0,15.0,1.0,done,168
191,11,0,5.0,1.0,done,51
191,12,0,15.0,1.0,done,17
191,13,5.0,5.0,0.0,pending,
191,14,10.0,10.0,0.0,pending,
191,15,0,5.0,1.0,done,30
191,16,0,5.0,1.0,done,188
191,17,0,15.0,1.0,done,43
191,18,10.0,10.0,0.0,pending,
191,19,0,15.0,1.0,done,135
191,20,0,15.0,1.0,done,52
191,21,0,15.0,1.0,done,53
191,22,0,5.0,1.0,done,120
191,23,0,10.0,1.0,done,37
191,24,0,5.0,1.0,done,123
191,25,15.0,15.0,0.0,pending,
191,26,0,5.0,1.0,done,102
191,27,0,15.0,1.0,done,60
191,28,0,10.0,1.0,done,83
191,29,0,10.0,1.0,done,142
191,30,15.0,15.0,0.0,pending,
191,31,0,5.0,1.0,done,156
191,32,0,10.0,1.0,done,180
191,33,0,10.0,1.0,done,144
191,34,0,10.0,1.0,done,46
191,35,15.0,15.0,0.0,pending,
191,36,0,15.0,1.0,done,123
191,37,0,5.0,1.0,done,66
191,38,0,15.0,1.0,done,191
191,39,0,10.0,1.0,done,28
191,40,0,10.0,1.0,done,89
191,41,15.0,15.0,0.0,pending,
191,42,10.0,10.0,0.0,pending,
191,43,0,5.0,1.0,done,94
191,44,0,15.0,1.0,done,18
191,45,0,5.0,1.0,done,110
191,46,0,5.0,1.0,done,31
191,47,0,15.0,1.0,done,69
191,48,0,10.0,1.0,done,135
192,0,0,10.0,1.0,done,25
192,1,10.0,10.0,0.0,pending,
192,2,0,5.0,1.0,done,21
192,3,0,10.0,1.0,done,65
192,4,15.0,15.0,0.0,pending,
192,5,10.0,10.0,0.0,pending,
192,6,10.0,10.0,0.0,pending,
192,7,10.0,10.0,0.0,pending,
192,8,0,10.0,1.0,done,47
192,9,0,10.0,1.0,done,125
192,10,0,15.0,1.0,done,168
192,11,0,5.0,1.0,done,51
192,12,0,15.0,1.0,done,17
192,13,5.0,5.0,0.0,pending,
192,14,10.0,10.0,0.0,pending,
192,15,0,5.0,1.0,done,30
192,16,0,5.0,1.0,done,188
192,17,0,15.0,1.0,done,43
192,18,10.0,10.0,0.0,pending,
192,19,0,15.0,1.0,done,135
192,20,0,15.0,1.0,done,52
192,21,0,15.0,1.0,done,53
192,22,0,5.0,1.0,done,120
192,23,0,10.0,1.0,done,37
192,24,0,5.0,1.0,done,123
192,25,15.0,15.0,0.0,pending,
192,26,0,5.0,1.0,done,102
192,27,0,15.0,1.0,done,60
192,28,0,10.0,1.0,done,83
192,29,0,10.0,1.0,done,142
192,30,15.0,15.0,0.0,pending,
192,31,0,5.0,1.0,done,156
192,32,0,10.0,1.0,done,180
192,33,0,10.0,1.0,done,144
192,34,0,10.0,1.0,done,46
192,35,15.0,15.0,0.0,pending,
192,36,0,15.0,1.0,done,123
192,37,0,5.0,1.0,done,66
192,38,0,15.0,1.0,done,191
192,39,0,10.0,1.0,done,28
192,40,0,10.0,1.0,done,89
192,41,15.0,15.0,0.0,pending,
192,42,10.0,10.0,0.0,pending,
192,43,0,5.0,1.0,done,94
192,44,0,15.0,1.0,done,18
192,45,0,5.0,1.0,done,110
192,46,0,5.0,1.0,done,31
192,47,0,15.0,1.0,done,69
192,48,0,10.0,1.0,done,135
193,0,0,10.0,1.0,done,25
193,1,10.0,10.0,0.0,pending,
193,2,0,5.0,1.0,done,21
193,3,0,10.0,1.0,done,65
193,4,15.0,15.0,0.0,pending,
193,5,10.0,10.0,0.0,pending,
193,6,10.0,10.0,0.0,pending,
193,7,10.0,10.0,0.0,pending,
193,8,0,10.0,1.0,done,47
193,9,0,10.0,1.0,done,125
193,10,0,15.0,1.0,done,168
193,11,0,5.0,1.0,done,51
193,12,0,15.0,1.0,done,17
193,13,5.0,5.0,0.0,pending,
193,14,10.0,10.0,0.0,pending,
193,15,0,5.0,1.0,done,30
193,16,0,5.0,1.0,done,188
193,17,0,15.0,1.0,done,43
193,18,10.0,10.0,0.0,pending,
193,19,0,15.0,1.0,done,135
193,20,0,15.0,1.0,done,52
193,21,0,15.0,1.0,done,53
193,22,0,5.0,1.0,done,120
193,23,0,10.0,1.0,done,37
193,24,0,5.0,1.0,done,123
193,25,15.0,15.0,0.0,pending,
193,26,0,5.0,1.0,done,102
193,27,0,15.0,1.0,done,60
193,28,0,10.0,1.0,done,83
193,29,0,10.0,1.0,done,142
193,30,15.0,15.0,0.0,pending,
193,31,0,5.0,1.0,done,156
193,32,0,10.0,1.0,done,180
193,33,0,10.0,1.0,done,144
193,34,0,10.0,1.0,done,46
193,35,15.0,15.0,0.0,pending,
193,36,0,15.0,1.0,done,123
193,37,0,5.0,1.0,done,66
193,38,0,15.0,1.0,done,191
193,39,0,10.0,1.0,done,28
193,40,0,10.0,1.0,done,89
193,41,15.0,15.0,0.0,pending,
193,42,10.0,10.0,0.0,pending,
193,43,0,5.0,1.0,done,94
193,44,0,15.0,1.0,done,18
193,45,0,5.0,1.0,done,110
193,46,0,5.0,1.0,done,31
193,47,0,15.0,1.0,done,69
193,48,0,10.0,1.0,done,135
194,0,0,10.0,1.0,done,25
194,1,10.0,10.0,0.0,pending,
194,2,0,5.0,1.0,done,21
194,3,0,10.0,1.0,done,65
194,4,15.0,15.0,0.0,pending,
194,5,10.0,10.0,0.0,pending,
194,6,10.0,10.0,0.0,pending,
194,7,10.0,10.0,0.0,pending,
194,8,0,10.0,1.0,done,47
194,9,0,10.0,1.0,done,125
194,10,0,15.0,1.0,done,168
194,11,0,5.0,1.0,done,51
194,12,0,15.0,1.0,done,17
194,13,5.0,5.0,0.0,pending,
194,14,10.0,10.0,0.0,pending,
194,15,0,5.0,1.0,done,30
194,16,0,5.0,1.0,done,188
194,17,0,15.0,1.0,done,43
194,18,10.0,10.0,0.0,pending,
194,19,0,15.0,1.0,done,135
194,20,0,15.0,1.0,done,52
194,21,0,15.0,1.0,done,53
194,22,0,5.0,1.0,done,120
194,23,0,10.0,1.0,done,37
194,24,0,5.0,1.0,done,123
194,25,15.0,15.0,0.0,pending,
194,26,0,5.0,1.0,done,102
194,27,0,15.0,1.0,done,60
194,28,0,10.0,1.0,done,83
194,29,0,10.0,1.0,done,142
194,30,15.0,15.0,0.0,pending,
194,31,0,5.0,1.0,done,156
194,32,0,10.0,1.0,done,180
194,33,0,10.0,1.0,done,144
194,34,0,10.0,1.0,done,46
194,35,15.0,15.0,0.0,pending,
194,36,0,15.0,1.0,done,123
194,37,0,5.0,1.0,done,66
194,38,0,15.0,1.0,done,191
194,39,0,10.0,1.0,done,28
194,40,0,10.0,1.0,done,89
194,41,15.0,15.0,0.0,pending,
194,42,10.0,10.0,0.0,pending,
194,43,0,5.0,1.0,done,94
194,44,0,15.0,1.0,done,18
194,45,0,5.0,1.0,done,110
194,46,0,5.0,1.0,done,31
194,47,0,15.0,1.0,done,69
194,48,0,10.0,1.0,done,135
195,0,0,10.0,1.0,done,25
195,1,10.0,10.0,0.0,pending,
195,2,0,5.0,1.0,done,21
195,3,0,10.0,1.0,done,65
195,4,15.0,15.0,0.0,pending,
195,5,10.0,10.0,0.0,pending,
195,6,10.0,10.0,0.0,pending,
195,7,7.339871188720021,10.0,0.26601288112799787,in_progress,
195,8,0,10.0,1.0,done,47
195,9,0,10.0,1.0,done,125
195,10,0,15.0,1.0,done,168
195,11,0,5.0,1.0,done,51
195,12,0,15.0,1.0,done,17
195,13,5.0,5.0,0.0,pending,
195,14,10.0,10.0,0.0,pending,
195,15,0,5.0,1.0,done,30
195,16,0,5.0,1.0,done,188
195,17,0,15.0,1.0,done,43
195,18,10.0,10.0,0.0,pending,
195,19,0,15.0,1.0,done,135
195,20,0,15.0,1.0,done,52
195,21,0,15.0,1.0,done,53
195,22,0,5.0,1.0,done,120
195,23,0,10.0,1.0,done,37
195,24,0,5.0,1.0,done,123
195,25,15.0,15.0,0.0,pending,
195,26,0,5.0,1.0,done,102
195,27,0,15.0,1.0,done,60
195,28,0,10.0,1.0,done,83
195,29,0,10.0,1.0,done,142
195,30,15.0,15.0,0.0,pending,
195,31,0,5.0,1.0,done,156
195,32,0,10.0,1.0,done,180
195,33,0,10.0,1.0,done,144
195,34,0,10.0,1.0,done,46
195,35,15.0,15.0,0.0,pending,
195,36,0,15.0,1.0,done,123
195,37,0,5.0,1.0,done,66
195,38,0,15.0,1.0,done,191
195,39,0,10.0,1.0,done,28
195,40,0,10.0,1.0,done,89
195,41,15.0,15.0,0.0,pending,
195,42,10.0,10.0,0.0,pending,
195,43,0,5.0,1.0,done,94
195,44,0,15.0,1.0,done,18
195,45,0,5.0,1.0,done,110
195,46,0,5.0,1.0,done,31
195,47,0,15.0,1.0,done,69
195,48,0,10.0,1.0,done,135
196,0,0,10.0,1.0,done,25
196,1,10.0,10.0,0.0,pending,
196,2,0,5.0,1.0,done,21
196,3,0,10.0,1.0,done,65
196,4,15.0,15.0,0.0,pending,
196,5,10.0,10.0,0.0,pending,
196,6,10.0,10.0,0.0,pending,
196,7,4.339871188720021,10.0,0.5660128811279979,in_progress,
196,8,0,10.0,1.0,done,47
196,9,0,10.0,1.0,done,125
196,10,0,15.0,1.0,done,168
196,11,0,5.0,1.0,done,51
196,12,0,15.0,1.0,done,17
196,13,5.0,5.0,0.0,pending,
196,14,10.0,10.0,0.0,pending,
196,15,0,5.0,1.0,done,30
196,16,0,5.0,1.0,done,188
196,17,0,15.0,1.0,done,43
196,18,10.0,10.0,0.0,pending,
196,19,0,15.0,1.0,done,135
196,20,0,15.0,1.0,done,52
196,21,0,15.0,1.0,done,53
196,22,0,5.0,1.0,done,120
196,23,0,10.0,1.0,done,37
196,24,0,5.0,1.0,done,123
196,25,15.0,15.0,0.0,pending,
196,26,0,5.0,1.0,done,102
196,27,0,15.0,1.0,done,60
196,28,0,10.0,1.0,done,83
196,29,0,10.0,1.0,done,142
196,30,15.0,15.0,0.0,pending,
196,31,0,5.0,1.0,done,156
196,32,0,10.0,1.0,done,180
196,33,0,10.0,1.0,done,144
196,34,0,10.0,1.0,done,46
196,35,15.0,15.0,0.0,pending,
196,36,0,15.0,1.0,done,123
196,37,0,5.0,1.0,done,66
196,38,0,15.0,1.0,done,191
196,39,0,10.0,1.0,done,28
196,40,0,10.0,1.0,done,89
196,41,15.0,15.0,0.0,pending,
196,42,10.0,10.0,0.0,pending,
196,43,0,5.0,1.0,done,94
196,44,0,15.0,1.0,done,18
196,45,0,5.0,1.0,done,110
196,46,0,5.0,1.0,done,31
196,47,0,15.0,1.0,done,69
196,48,0,10.0,1.0,done,135
197,0,0,10.0,1.0,done,25
197,1,10.0,10.0,0.0,pending,
197,2,0,5.0,1.0,done,21
197,3,0,10.0,1.0,done,65
197,4,15.0,15.0,0.0,pending,
197,5,10.0,10.0,0.0,pending,
197,6,10.0,10.0,0.0,pending,
197,7,1.3398711887200214,10.0,0.8660128811279979,in_progress,
197,8,0,10.0,1.0,done,47
197,9,0,10.0,1.0,done,125
197,10,0,15.0,1.0,done,168
197,11,0,5.0,1.0,done,51
197,12,0,15.0,1.0,done,17
197,13,5.0,5.0,0.0,pending,
197,14,10.0,10.0,0.0,pending,
197,15,0,5.0,1.0,done,30
197,16,0,5.0,1.0,done,188
197,17,0,15.0,1.0,done,43
197,18,10.0,10.0,0.0,pending,
197,19,0,15.0,1.0,done,135
197,20,0,15.0,1.0,done,52
197,21,0,15.0,1.0,done,53
197,22,0,5.0,1.0,done,120
197,23,0,10.0,1.0,done,37
197,24,0,5.0,1.0,done,123
197,25,15.0,15.0,0.0,pending,
197,26,0,5.0,1.0,done,102
197,27,0,15.0,1.0,done,60
197,28,0,10.0,1.0,done,83
197,29,0,10.0,1.0,done,142
197,30,15.0,15.0,0.0,pending,
197,31,0,5.0,1.0,done,156
197,32,0,10.0,1.0,done,180
197,33,0,10.0,1.0,done,144
197,34,0,10.0,1.0,done,46
197,35,15.0,15.0,0.0,pending,
197,36,0,15.0,1.0,done,123
197,37,0,5.0,1.0,done,66
197,38,0,15.0,1.0,done,191
197,39,0,10.0,1.0,done,28
197,40,0,10.0,1.0,done,89
197,41,15.0,15.0,0.0,pending,
197,42,10.0,10.0,0.0,pending,
197,43,0,5.0,1.0,done,94
197,44,0,15.0,1.0,done,18
197,45,0,5.0,1.0,done,110
197,46,0,5.0,1.0,done,31
197,47,0,15.0,1.0,done,69
197,48,0,10.0,1.0,done,135
198,0,0,10.0,1.0,done,25
198,1,10.0,10.0,0.0,pending,
198,2,0,5.0,1.0,done,21
198,3,0,10.0,1.0,done,65
198,4,15.0,15.0,0.0,pending,
198,5,10.0,10.0,0.0,pending,
198,6,10.0,10.0,0.0,pending,
198,7,0,10.0,1.0,done,198
198,8,0,10.0,1.0,done,47
198,9,0,10.0,1.0,done,125
198,10,0,15.0,1.0,done,168
198,11,0,5.0,1.0,done,51
198,12,0,15.0,1.0,done,17
198,13,5.0,5.0,0.0,pending,
198,14,10.0,10.0,0.0,pending,
198,15,0,5.0,1.0,done,30
198,16,0,5.0,1.0,done,188
198,17,0,15.0,1.0,done,43
198,18,10.0,10.0,0.0,pending,
198,19,0,15.0,1.0,done,135
198,20,0,15.0,1.0,done,52
198,21,0,15.0,1.0,done,53
198,22,0,5.0,1.0,done,120
198,23,0,10.0,1.0,done,37
198,24,0,5.0,1.0,done,123
198,25,15.0,15.0,0.0,pending,
198,26,0,5.0,1.0,done,102
198,27,0,15.0,1.0,done,60
198,28,0,10.0,1.0,done,83
198,29,0,10.0,1.0,done,142
198,30,15.0,15.0,0.0,pending,
198,31,0,5.0,1.0,done,156
198,32,0,10.0,1.0,done,180
198,33,0,10.0,1.0,done,144
198,34,0,10.0,1.0,done,46
198,35,15.0,15.0,0.0,pending,
198,36,0,15.0,1.0,done,123
198,37,0,5.0,1.0,done,66
198,38,0,15.0,1.0,done,191
198,39,0,10.0,1.0,done,28
198,40,0,10.0,1.0,done,89
198,41,15.0,15.0,0.0,pending,
198,42,10.0,10.0,0.0,pending,
198,43,0,5.0,1.0,done,94
198,44,0,15.0,1.0,done,18
198,45,0,5.0,1.0,done,110
198,46,0,5.0,1.0,done,31
198,47,0,15.0,1.0,done,69
198,48,0,10.0,1.0,done,135
199,0,0,10.0,1.0,done,25
199,1,10.0,10.0,0.0,pending,
199,2,0,5.0,1.0,done,21
199,3,0,10.0,1.0,done,65
199,4,15.0,15.0,0.0,pending,
199,5,10.0,10.0,0.0,pending,
199,6,10.0,10.0,0.0,pending,
199,7,0,10.0,1.0,done,198
199,8,0,10.0,1.0,done,47
199,9,0,10.0,1.0,done,125
199,10,0,15.0,1.0,done,168
199,11,0,5.0,1.0,done,51
199,12,0,15.0,1.0,done,17
199,13,5.0,5.0,0.0,pending,
199,14,10.0,10.0,0.0,pending,
199,15,0,5.0,1.0,done,30
199,16,0,5.0,1.0,done,188
199,17,0,15.0,1.0,done,43
199,18,10.0,10.0,0.0,pending,
199,19,0,15.0,1.0,done,135
199,20,0,15.0,1.0,done,52
199,21,0,15.0,1.0,done,53
199,22,0,5.0,1.0,done,120
199,23,0,10.0,1.0,done,37
199,24,0,5.0,1.0,done,123
199,25,15.0,15.0,0.0,pending,
199,26,0,5.0,1.0,done,102
199,27,0,15.0,1.0,done,60
199,28,0,10.0,1.0,done,83
199,29,0,10.0,1.0,done,142
199,30,15.0,15.0,0.0,pending,
199,31,0,5.0,1.0,done,156
199,32,0,10.0,1.0,done,180
199,33,0,10.0,1.0,done,144
199,34,0,10.0,1.0,done,46
199,35,15.0,15.0,0.0,pending,
199,36,0,15.0,1.0,done,123
199,37,0,5.0,1.0,done,66
199,38,0,15.0,1.0,done,191
199,39,0,10.0,1.0,done,28
199,40,0,10.0,1.0,done,89
199,41,15.0,15.0,0.0,pending,
199,42,10.0,10.0,0.0,pending,
199,43,0,5.0,1.0,done,94
199,44,0,15.0,1.0,done,18
199,45,0,5.0,1.0,done,110
199,46,0,5.0,1.0,done,31
199,47,0,15.0,1.0,done,69
199,48,0,10.0,1.0,done,135
200,0,0,10.0,1.0,done,25
200,1,10.0,10.0,0.0,pending,
200,2,0,5.0,1.0,done,21
200,3,0,10.0,1.0,done,65
200,4,15.0,15.0,0.0,pending,
200,5,7.805789418616598,10.0,0.21942105813834017,in_progress,
200,6,8.093740517440532,10.0,0.19062594825594684,in_progress,
200,7,0,10.0,1.0,done,198
200,8,0,10.0,1.0,done,47
200,9,0,10.0,1.0,done,125
200,10,0,15.0,1.0,done,168
200,11,0,5.0,1.0,done,51
200,12,0,15.0,1.0,done,17
200,13,5.0,5.0,0.0,pending,
200,14,10.0,10.0,0.0,pending,
200,15,0,5.0,1.0,done,30
200,16,0,5.0,1.0,done,188
200,17,0,15.0,1.0,done,43
200,18,10.0,10.0,0.0,pending,
200,19,0,15.0,1.0,done,135
200,20,0,15.0,1.0,done,52
200,21,0,15.0,1.0,done,53
200,22,0,5.0,1.0,done,120
200,23,0,10.0,1.0,done,37
200,24,0,5.0,1.0,done,123
200,25,15.0,15.0,0.0,pending,
200,26,0,5.0,1.0,done,102
200,27,0,15.0,1.0,done,60
200,28,0,10.0,1.0,done,83
200,29,0,10.0,1.0,done,142
200,30,15.0,15.0,0.0,pending,
200,31,0,5.0,1.0,done,156
200,32,0,10.0,1.0,done,180
200,33,0,10.0,1.0,done,144
200,34,0,10.0,1.0,done,46
200,35,15.0,15.0,0.0,pending,
200,36,0,15.0,1.0,done,123
200,37,0,5.0,1.0,done,66
200,38,0,15.0,1.0,done,191
200,39,0,10.0,1.0,done,28
200,40,0,10.0,1.0,done,89
200,41,15.0,15.0,0.0,pending,
200,42,10.0,10.0,0.0,pending,
200,43,0,5.0,1.0,done,94
200,44,0,15.0,1.0,done,18
200,45,0,5.0,1.0,done,110
200,46,0,5.0,1.0,done,31
200,47,0,15.0,1.0,done,69
200,48,0,10.0,1.0,done,135
201,0,0,10.0,1.0,done,25
201,1,10.0,10.0,0.0,pending,
201,2,0,5.0,1.0,done,21
201,3,0,10.0,1.0,done,65
201,4,15.0,15.0,0.0,pending,
201,5,4.805789418616598,10.0,0.5194210581383402,in_progress,
201,6,6.093740517440532,10.0,0.3906259482559468,in_progress,
201,7,0,10.0,1.0,done,198
201,8,0,10.0,1.0,done,47
201,9,0,10.0,1.0,done,125
201,10,0,15.0,1.0,done,168
201,11,0,5.0,1.0,done,51
201,12,0,15.0,1.0,done,17
201,13,5.0,5.0,0.0,pending,
201,14,10.0,10.0,0.0,pending,
201,15,0,5.0,1.0,done,30
201,16,0,5.0,1.0,done,188
201,17,0,15.0,1.0,done,43
201,18,10.0,10.0,0.0,pending,
201,19,0,15.0,1.0,done,135
201,20,0,15.0,1.0,done,52
201,21,0,15.0,1.0,done,53
201,22,0,5.0,1.0,done,120
201,23,0,10.0,1.0,done,37
201,24,0,5.0,1.0,done,123
201,25,15.0,15.0,0.0,pending,
201,26,0,5.0,1.0,done,102
201,27,0,15.0,1.0,done,60
201,28,0,10.0,1.0,done,83
201,29,0,10.0,1.0,done,142
201,30,15.0,15.0,0.0,pending,
201,31,0,5.0,1.0,done,156
201,32,0,10.0,1.0,done,180
201,33,0,10.0,1.0,done,144
201,34,0,10.0,1.0,done,46
201,35,15.0,15.0,0.0,pending,
201,36,0,15.0,1.0,done,123
201,37,0,5.0,1.0,done,66
201,38,0,15.0,1.0,done,191
201,39,0,10.0,1.0,done,28
201,40,0,10.0,1.0,done,89
201,41,15.0,15.0,0.0,pending,
201,42,10.0,10.0,0.0,pending,
201,43,0,5.0,1.0,done,94
201,44,0,15.0,1.0,done,18
201,45,0,5.0,1.0,done,110
201,46,0,5.0,1.0,done,31
201,47,0,15.0,1.0,done,69
201,48,0,10.0,1.0,done,135
202,0,0,10.0,1.0,done,25
202,1,10.0,10.0,0.0,pending,
202,2,0,5.0,1.0,done,21
202,3,0,10.0,1.0,done,65
202,4,15.0,15.0,0.0,pending,
202,5,1.8057894186165981,10.0,0.8194210581383402,in_progress,
202,6,4.093740517440532,10.0,0.5906259482559468,in_progress,
202,7,0,10.0,1.0,done,198
202,8,0,10.0,1.0,done,47
202,9,0,10.0,1.0,done,125
202,10,0,15.0,1.0,done,168
202,11,0,5.0,1.0,done,51
202,12,0,15.0,1.0,done,17
202,13,5.0,5.0,0.0,pending,
202,14,10.0,10.0,0.0,pending,
202,15,0,5.0,1.0,done,30
202,16,0,5.0,1.0,done,188
202,17,0,15.0,1.0,done,43
202,18,10.0,10.0,0.0,pending,
202,19,0,15.0,1.0,done,135
202,20,0,15.0,1.0,done,52
202,21,0,15.0,1.0,done,53
202,22,0,5.0,1.0,done,120
202,23,0,10.0,1.0,done,37
202,24,0,5.0,1.0,done,123
202,25,15.0,15.0,0.0,pending,
202,26,0,5.0,1.0,done,102
202,27,0,15.0,1.0,done,60
202,28,0,10.0,1.0,done,83
202,29,0,10.0,1.0,done,142
202,30,15.0,15.0,0.0,pending,
202,31,0,5.0,1.0,done,156
202,32,0,10.0,1.0,done,180
202,33,0,10.0,1.0,done,144
202,34,0,10.0,1.0,done,46
202,35,15.0,15.0,0.0,pending,
202,36,0,15.0,1.0,done,123
202,37,0,5.0,1.0,done,66
202,38,0,15.0,1.0,done,191
202,39,0,10.0,1.0,done,28
202,40,0,10.0,1.0,done,89
202,41,15.0,15.0,0.0,pending,
202,42,10.0,10.0,0.0,pending,
202,43,0,5.0,1.0,done,94
202,44,0,15.0,1.0,done,18
202,45,0,5.0,1.0,done,110
202,46,0,5.0,1.0,done,31
202,47,0,15.0,1.0,done,69
202,48,0,10.0,1.0,done,135
203,0,0,10.0,1.0,done,25
203,1,10.0,10.0,0.0,pending,
203,2,0,5.0,1.0,done,21
203,3,0,10.0,1.0,done,65
203,4,15.0,15.0,0.0,pending,
203,5,0,10.0,1.0,done,203
203,6,2.0937405174405317,10.0,0.7906259482559468,in_progress,
203,7,0,10.0,1.0,done,198
203,8,0,10.0,1.0,done,47
203,9,0,10.0,1.0,done,125
203,10,0,15.0,1.0,done,168
203,11,0,5.0,1.0,done,51
203,12,0,15.0,1.0,done,17
203,13,5.0,5.0,0.0,pending,
203,14,10.0,10.0,0.0,pending,
203,15,0,5.0,1.0,done,30
203,16,0,5.0,1.0,done,188
203,17,0,15.0,1.0,done,43
203,18,10.0,10.0,0.0,pending,
203,19,0,15.0,1.0,done,135
203,20,0,15.0,1.0,done,52
203,21,0,15.0,1.0,done,53
203,22,0,5.0,1.0,done,120
203,23,0,10.0,1.0,done,37
203,24,0,5.0,1.0,done,123
203,25,15.0,15.0,0.0,pending,
203,26,0,5.0,1.0,done,102
203,27,0,15.0,1.0,done,60
203,28,0,10.0,1.0,done,83
203,29,0,10.0,1.0,done,142
203,30,15.0,15.0,0.0,pending,
203,31,0,5.0,1.0,done,156
203,32,0,10.0,1.0,done,180
203,33,0,10.0,1.0,done,144
203,34,0,10.0,1.0,done,46
203,35,15.0,15.0,0.0,pending,
203,36,0,15.0,1.0,done,123
203,37,0,5.0,1.0,done,66
203,38,0,15.0,1.0,done,191
203,39,0,10.0,1.0,done,28
203,40,0,10.0,1.0,done,89
203,41,15.0,15.0,0.0,pending,
203,42,10.0,10.0,0.0,pending,
203,43,0,5.0,1.0,done,94
203,44,0,15.0,1.0,done,18
203,45,0,5.0,1.0,done,110
203,46,0,5.0,1.0,done,31
203,47,0,15.0,1.0,done,69
203,48,0,10.0,1.0,done,135
204,0,0,10.0,1.0,done,25
204,1,10.0,10.0,0.0,pending,
204,2,0,5.0,1.0,done,21
204,3,0,10.0,1.0,done,65
204,4,15.0,15.0,0.0,pending,
204,5,0,10.0,1.0,done,203
204,6,0.09374051744053169,10.0,0.9906259482559469,in_progress,
204,7,0,10.0,1.0,done,198
204,8,0,10.0,1.0,done,47
204,9,0,10.0,1.0,done,125
204,10,0,15.0,1.0,done,168
204,11,0,5.0,1.0,done,51
204,12,0,15.0,1.0,done,17
204,13,5.0,5.0,0.0,pending,
204,14,10.0,10.0,0.0,pending,
204,15,0,5.0,1.0,done,30
204,16,0,5.0,1.0,done,188
204,17,0,15.0,1.0,done,43
204,18,10.0,10.0,0.0,pending,
204,19,0,15.0,1.0,done,135
204,20,0,15.0,1.0,done,52
204,21,0,15.0,1.0,done,53
204,22,0,5.0,1.0,done,120
204,23,0,10.0,1.0,done,37
204,24,0,5.0,1.0,done,123
204,25,15.0,15.0,0.0,pending,
204,26,0,5.0,1.0,done,102
204,27,0,15.0,1.0,done,60
204,28,0,10.0,1.0,done,83
204,29,0,10.0,1.0,done,142
204,30,15.0,15.0,0.0,pending,
204,31,0,5.0,1.0,done,156
204,32,0,10.0,1.0,done,180
204,33,0,10.0,1.0,done,144
204,34,0,10.0,1.0,done,46
204,35,15.0,15.0,0.0,pending,
204,36,0,15.0,1.0,done,123
204,37,0,5.0,1.0,done,66
204,38,0,15.0,1.0,done,191
204,39,0,10.0,1.0,done,28
204,40,0,10.0,1.0,done,89
204,41,15.0,15.0,0.0,pending,
204,42,10.0,10.0,0.0,pending,
204,43,0,5.0,1.0,done,94
204,44,0,15.0,1.0,done,18
204,45,0,5.0,1.0,done,110
204,46,0,5.0,1.0,done,31
204,47,0,15.0,1.0,done,69
204,48,0,10.0,1.0,done,135
205,0,0,10.0,1.0,done,25
205,1,10.0,10.0,0.0,pending,
205,2,0,5.0,1.0,done,21
205,3,0,10.0,1.0,done,65
205,4,15.0,15.0,0.0,pending,
205,5,0,10.0,1.0,done,203
205,6,0,10.0,1.0,done,205
205,7,0,10.0,1.0,done,198
205,8,0,10.0,1.0,done,47
205,9,0,10.0,1.0,done,125
205,10,0,15.0,1.0,done,168
205,11,0,5.0,1.0,done,51
205,12,0,15.0,1.0,done,17
205,13,5.0,5.0,0.0,pending,
205,14,10.0,10.0,0.0,pending,
205,15,0,5.0,1.0,done,30
205,16,0,5.0,1.0,done,188
205,17,0,15.0,1.0,done,43
205,18,10.0,10.0,0.0,pending,
205,19,0,15.0,1.0,done,135
205,20,0,15.0,1.0,done,52
205,21,0,15.0,1.0,done,53
205,22,0,5.0,1.0,done,120
205,23,0,10.0,1.0,done,37
205,24,0,5.0,1.0,done,123
205,25,15.0,15.0,0.0,pending,
205,26,0,5.0,1.0,done,102
205,27,0,15.0,1.0,done,60
205,28,0,10.0,1.0,done,83
205,29,0,10.0,1.0,done,142
205,30,15.0,15.0,0.0,pending,
205,31,0,5.0,1.0,done,156
205,32,0,10.0,1.0,done,180
205,33,0,10.0,1.0,done,144
205,34,0,10.0,1.0,done,46
205,35,15.0,15.0,0.0,pending,
205,36,0,15.0,1.0,done,123
205,37,0,5.0,1.0,done,66
205,38,0,15.0,1.0,done,191
205,39,0,10.0,1.0,done,28
205,40,0,10.0,1.0,done,89
205,41,15.0,15.0,0.0,pending,
205,42,10.0,10.0,0.0,pending,
205,43,0,5.0,1.0,done,94
205,44,0,15.0,1.0,done,18
205,45,0,5.0,1.0,done,110
205,46,0,5.0,1.0,done,31
205,47,0,15.0,1.0,done,69
205,48,0,10.0,1.0,done,135
206,0,0,10.0,1.0,done,25
206,1,10.0,10.0,0.0,pending,
206,2,0,5.0,1.0,done,21
206,3,0,10.0,1.0,done,65
206,4,15.0,15.0,0.0,pending,
206,5,0,10.0,1.0,done,203
206,6,0,10.0,1.0,done,205
206,7,0,10.0,1.0,done,198
206,8,0,10.0,1.0,done,47
206,9,0,10.0,1.0,done,125
206,10,0,15.0,1.0,done,168
206,11,0,5.0,1.0,done,51
206,12,0,15.0,1.0,done,17
206,13,5.0,5.0,0.0,pending,
206,14,10.0,10.0,0.0,pending,
206,15,0,5.0,1.0,done,30
206,16,0,5.0,1.0,done,188
206,17,0,15.0,1.0,done,43
206,18,10.0,10.0,0.0,pending,
206,19,0,15.0,1.0,done,135
206,20,0,15.0,1.0,done,52
206,21,0,15.0,1.0,done,53
206,22,0,5.0,1.0,done,120
206,23,0,10.0,1.0,done,37
206,24,0,5.0,1.0,done,123
206,25,15.0,15.0,0.0,pending,
206,26,0,5.0,1.0,done,102
206,27,0,15.0,1.0,done,60
206,28,0,10.0,1.0,done,83
206,29,0,10.0,1.0,done,142
206,30,15.0,15.0,0.0,pending,
206,31,0,5.0,1.0,done,156
206,32,0,10.0,1.0,done,180
206,33,0,10.0,1.0,done,144
206,34,0,10.0,1.0,done,46
206,35,15.0,15.0,0.0,pending,
206,36,0,15.0,1.0,done,123
206,37,0,5.0,1.0,done,66
206,38,0,15.0,1.0,done,191
206,39,0,10.0,1.0,done,28
206,40,0,10.0,1.0,done,89
206,41,15.0,15.0,0.0,pending,
206,42,10.0,10.0,0.0,pending,
206,43,0,5.0,1.0,done,94
206,44,0,15.0,1.0,done,18
206,45,0,5.0,1.0,done,110
206,46,0,5.0,1.0,done,31
206,47,0,15.0,1.0,done,69
206,48,0,10.0,1.0,done,135
207,0,0,10.0,1.0,done,25
207,1,10.0,10.0,0.0,pending,
207,2,0,5.0,1.0,done,21
207,3,0,10.0,1.0,done,65
207,4,15.0,15.0,0.0,pending,
207,5,0,10.0,1.0,done,203
207,6,0,10.0,1.0,done,205
207,7,0,10.0,1.0,done,198
207,8,0,10.0,1.0,done,47
207,9,0,10.0,1.0,done,125
207,10,0,15.0,1.0,done,168
207,11,0,5.0,1.0,done,51
207,12,0,15.0,1.0,done,17
207,13,5.0,5.0,0.0,pending,
207,14,10.0,10.0,0.0,pending,
207,15,0,5.0,1.0,done,30
207,16,0,5.0,1.0,done,188
207,17,0,15.0,1.0,done,43
207,18,10.0,10.0,0.0,pending,
207,19,0,15.0,1.0,done,135
207,20,0,15.0,1.0,done,52
207,21,0,15.0,1.0,done,53
207,22,0,5.0,1.0,done,120
207,23,0,10.0,1.0,done,37
207,24,0,5.0,1.0,done,123
207,25,15.0,15.0,0.0,pending,
207,26,0,5.0,1.0,done,102
207,27,0,15.0,1.0,done,60
207,28,0,10.0,1.0,done,83
207,29,0,10.0,1.0,done,142
207,30,15.0,15.0,0.0,pending,
207,31,0,5.0,1.0,done,156
207,32,0,10.0,1.0,done,180
207,33,0,10.0,1.0,done,144
207,34,0,10.0,1.0,done,46
207,35,15.0,15.0,0.0,pending,
207,36,0,15.0,1.0,done,123
207,37,0,5.0,1.0,done,66
207,38,0,15.0,1.0,done,191
207,39,0,10.0,1.0,done,28
207,40,0,10.0,1.0,done,89
207,41,15.0,15.0,0.0,pending,
207,42,10.0,10.0,0.0,pending,
207,43,0,5.0,1.0,done,94
207,44,0,15.0,1.0,done,18
207,45,0,5.0,1.0,done,110
207,46,0,5.0,1.0,done,31
207,47,0,15.0,1.0,done,69
207,48,0,10.0,1.0,done,135
208,0,0,10.0,1.0,done,25
208,1,10.0,10.0,0.0,pending,
208,2,0,5.0,1.0,done,21
208,3,0,10.0,1.0,done,65
208,4,15.0,15.0,0.0,pending,
208,5,0,10.0,1.0,done,203
208,6,0,10.0,1.0,done,205
208,7,0,10.0,1.0,done,198
208,8,0,10.0,1.0,done,47
208,9,0,10.0,1.0,done,125
208,10,0,15.0,1.0,done,168
208,11,0,5.0,1.0,done,51
208,12,0,15.0,1.0,done,17
208,13,5.0,5.0,0.0,pending,
208,14,10.0,10.0,0.0,pending,
208,15,0,5.0,1.0,done,30
208,16,0,5.0,1.0,done,188
208,17,0,15.0,1.0,done,43
208,18,10.0,10.0,0.0,pending,
208,19,0,15.0,1.0,done,135
208,20,0,15.0,1.0,done,52
208,21,0,15.0,1.0,done,53
208,22,0,5.0,1.0,done,120
208,23,0,10.0,1.0,done,37
208,24,0,5.0,1.0,done,123
208,25,15.0,15.0,0.0,pending,
208,26,0,5.0,1.0,done,102
208,27,0,15.0,1.0,done,60
208,28,0,10.0,1.0,done,83
208,29,0,10.0,1.0,done,142
208,30,15.0,15.0,0.0,pending,
208,31,0,5.0,1.0,done,156
208,32,0,10.0,1.0,done,180
208,33,0,10.0,1.0,done,144
208,34,0,10.0,1.0,done,46
208,35,14.482770564827366,15.0,0.034481962344842285,in_progress,
208,36,0,15.0,1.0,done,123
208,37,0,5.0,1.0,done,66
208,38,0,15.0,1.0,done,191
208,39,0,10.0,1.0,done,28
208,40,0,10.0,1.0,done,89
208,41,15.0,15.0,0.0,pending,
208,42,10.0,10.0,0.0,pending,
208,43,0,5.0,1.0,done,94
208,44,0,15.0,1.0,done,18
208,45,0,5.0,1.0,done,110
208,46,0,5.0,1.0,done,31
208,47,0,15.0,1.0,done,69
208,48,0,10.0,1.0,done,135
209,0,0,10.0,1.0,done,25
209,1,10.0,10.0,0.0,pending,
209,2,0,5.0,1.0,done,21
209,3,0,10.0,1.0,done,65
209,4,15.0,15.0,0.0,pending,
209,5,0,10.0,1.0,done,203
209,6,0,10.0,1.0,done,205
209,7,0,10.0,1.0,done,198
209,8,0,10.0,1.0,done,47
209,9,0,10.0,1.0,done,125
209,10,0,15.0,1.0,done,168
209,11,0,5.0,1.0,done,51
209,12,0,15.0,1.0,done,17
209,13,5.0,5.0,0.0,pending,
209,14,10.0,10.0,0.0,pending,
209,15,0,5.0,1.0,done,30
209,16,0,5.0,1.0,done,188
209,17,0,15.0,1.0,done,43
209,18,10.0,10.0,0.0,pending,
209,19,0,15.0,1.0,done,135
209,20,0,15.0,1.0,done,52
209,21,0,15.0,1.0,done,53
209,22,0,5.0,1.0,done,120
209,23,0,10.0,1.0,done,37
209,24,0,5.0,1.0,done,123
209,25,15.0,15.0,0.0,pending,
209,26,0,5.0,1.0,done,102
209,27,0,15.0,1.0,done,60
209,28,0,10.0,1.0,done,83
209,29,0,10.0,1.0,done,142
209,30,15.0,15.0,0.0,pending,
209,31,0,5.0,1.0,done,156
209,32,0,10.0,1.0,done,180
209,33,0,10.0,1.0,done,144
209,34,0,10.0,1.0,done,46
209,35,13.482770564827366,15.0,0.10114862901150895,in_progress,
209,36,0,15.0,1.0,done,123
209,37,0,5.0,1.0,done,66
209,38,0,15.0,1.0,done,191
209,39,0,10.0,1.0,done,28
209,40,0,10.0,1.0,done,89
209,41,15.0,15.0,0.0,pending,
209,42,10.0,10.0,0.0,pending,
209,43,0,5.0,1.0,done,94
209,44,0,15.0,1.0,done,18
209,45,0,5.0,1.0,done,110
209,46,0,5.0,1.0,done,31
209,47,0,15.0,1.0,done,69
209,48,0,10.0,1.0,done,135
210,0,0,10.0,1.0,done,25
210,1,10.0,10.0,0.0,pending,
210,2,0,5.0,1.0,done,21
210,3,0,10.0,1.0,done,65
210,4,15.0,15.0,0.0,pending,
210,5,0,10.0,1.0,done,203
210,6,0,10.0,1.0,done,205
210,7,0,10.0,1.0,done,198
210,8,0,10.0,1.0,done,47
210,9,0,10.0,1.0,done,125
210,10,0,15.0,1.0,done,168
210,11,0,5.0,1.0,done,51
210,12,0,15.0,1.0,done,17
210,13,5.0,5.0,0.0,pending,
210,14,10.0,10.0,0.0,pending,
210,15,0,5.0,1.0,done,30
210,16,0,5.0,1.0,done,188
210,17,0,15.0,1.0,done,43
210,18,10.0,10.0,0.0,pending,
210,19,0,15.0,1.0,done,135
210,20,0,15.0,1.0,done,52
210,21,0,15.0,1.0,done,53
210,22,0,5.0,1.0,done,120
210,23,0,10.0,1.0,done,37
210,24,0,5.0,1.0,done,123
210,25,15.0,15.0,0.0,pending,
210,26,0,5.0,1.0,done,102
210,27,0,15.0,1.0,done,60
210,28,0,10.0,1.0,done,83
210,29,0,10.0,1.0,done,142
210,30,15.0,15.0,0.0,pending,
210,31,0,5.0,1.0,done,156
210,32,0,10.0,1.0,done,180
210,33,0,10.0,1.0,done,144
210,34,0,10.0,1.0,done,46
210,35,12.482770564827366,15.0,0.16781529567817563,in_progress,
210,36,0,15.0,1.0,done,123
210,37,0,5.0,1.0,done,66
210,38,0,15.0,1.0,done,191
210,39,0,10.0,1.0,done,28
210,40,0,10.0,1.0,done,89
210,41,15.0,15.0,0.0,pending,
210,42,10.0,10.0,0.0,pending,
210,43,0,5.0,1.0,done,94
210,44,0,15.0,1.0,done,18
210,45,0,5.0,1.0,done,110
210,46,0,5.0,1.0,done,31
210,47,0,15.0,1.0,done,69
210,48,0,10.0,1.0,done,135
211,0,0,10.0,1.0,done,25
211,1,10.0,10.0,0.0,pending,
211,2,0,5.0,1.0,done,21
211,3,0,10.0,1.0,done,65
211,4,15.0,15.0,0.0,pending,
211,5,0,10.0,1.0,done,203
211,6,0,10.0,1.0,done,205
211,7,0,10.0,1.0,done,198
211,8,0,10.0,1.0,done,47
211,9,0,10.0,1.0,done,125
211,10,0,15.0,1.0,done,168
211,11,0,5.0,1.0,done,51
211,12,0,15.0,1.0,done,17
211,13,5.0,5.0,0.0,pending,
211,14,10.0,10.0,0.0,pending,
211,15,0,5.0,1.0,done,30
211,16,0,5.0,1.0,done,188
211,17,0,15.0,1.0,done,43
211,18,10.0,10.0,0.0,pending,
211,19,0,15.0,1.0,done,135
211,20,0,15.0,1.0,done,52
211,21,0,15.0,1.0,done,53
211,22,0,5.0,1.0,done,120
211,23,0,10.0,1.0,done,37
211,24,0,5.0,1.0,done,123
211,25,15.0,15.0,0.0,pending,
211,26,0,5.0,1.0,done,102
211,27,0,15.0,1.0,done,60
211,28,0,10.0,1.0,done,83
211,29,0,10.0,1.0,done,142
211,30,15.0,15.0,0.0,pending,
211,31,0,5.0,1.0,done,156
211,32,0,10.0,1.0,done,180
211,33,0,10.0,1.0,done,144
211,34,0,10.0,1.0,done,46
211,35,11.482770564827366,15.0,0.23448196234484228,in_progress,
211,36,0,15.0,1.0,done,123
211,37,0,5.0,1.0,done,66
211,38,0,15.0,1.0,done,191
211,39,0,10.0,1.0,done,28
211,40,0,10.0,1.0,done,89
211,41,15.0,15.0,0.0,pending,
211,42,10.0,10.0,0.0,pending,
211,43,0,5.0,1.0,done,94
211,44,0,15.0,1.0,done,18
211,45,0,5.0,1.0,done,110
211,46,0,5.0,1.0,done,31
211,47,0,15.0,1.0,done,69
211,48,0,10.0,1.0,done,135
212,0,0,10.0,1.0,done,25
212,1,10.0,10.0,0.0,pending,
212,2,0,5.0,1.0,done,21
212,3,0,10.0,1.0,done,65
212,4,15.0,15.0,0.0,pending,
212,5,0,10.0,1.0,done,203
212,6,0,10.0,1.0,done,205
212,7,0,10.0,1.0,done,198
212,8,0,10.0,1.0,done,47
212,9,0,10.0,1.0,done,125
212,10,0,15.0,1.0,done,168
212,11,0,5.0,1.0,done,51
212,12,0,15.0,1.0,done,17
212,13,5.0,5.0,0.0,pending,
212,14,10.0,10.0,0.0,pending,
212,15,0,5.0,1.0,done,30
212,16,0,5.0,1.0,done,188
212,17,0,15.0,1.0,done,43
212,18,10.0,10.0,0.0,pending,
212,19,0,15.0,1.0,done,135
212,20,0,15.0,1.0,done,52
212,21,0,15.0,1.0,done,53
212,22,0,5.0,1.0,done,120
212,23,0,10.0,1.0,done,37
212,24,0,5.0,1.0,done,123
212,25,15.0,15.0,0.0,pending,
212,26,0,5.0,1.0,done,102
212,27,0,15.0,1.0,done,60
212,28,0,10.0,1.0,done,83
212,29,0,10.0,1.0,done,142
212,30,15.0,15.0,0.0,pending,
212,31,0,5.0,1.0,done,156
212,32,0,10.0,1.0,done,180
212,33,0,10.0,1.0,done,144
212,34,0,10.0,1.0,done,46
212,35,10.482770564827366,15.0,0.30114862901150896,in_progress,
212,36,0,15.0,1.0,done,123
212,37,0,5.0,1.0,done,66
212,38,0,15.0,1.0,done,191
212,39,0,10.0,1.0,done,28
212,40,0,10.0,1.0,done,89
212,41,15.0,15.0,0.0,pending,
212,42,10.0,10.0,0.0,pending,
212,43,0,5.0,1.0,done,94
212,44,0,15.0,1.0,done,18
212,45,0,5.0,1.0,done,110
212,46,0,5.0,1.0,done,31
212,47,0,15.0,1.0,done,69
212,48,0,10.0,1.0,done,135
213,0,0,10.0,1.0,done,25
213,1,10.0,10.0,0.0,pending,
213,2,0,5.0,1.0,done,21
213,3,0,10.0,1.0,done,65
213,4,15.0,15.0,0.0,pending,
213,5,0,10.0,1.0,done,203
213,6,0,10.0,1.0,done,205
213,7,0,10.0,1.0,done,198
213,8,0,10.0,1.0,done,47
213,9,0,10.0,1.0,done,125
213,10,0,15.0,1.0,done,168
213,11,0,5.0,1.0,done,51
213,12,0,15.0,1.0,done,17
213,13,5.0,5.0,0.0,pending,
213,14,10.0,10.0,0.0,pending,
213,15,0,5.0,1.0,done,30
213,16,0,5.0,1.0,done,188
213,17,0,15.0,1.0,done,43
213,18,10.0,10.0,0.0,pending,
213,19,0,15.0,1.0,done,135
213,20,0,15.0,1.0,done,52
213,21,0,15.0,1.0,done,53
213,22,0,5.0,1.0,done,120
213,23,0,10.0,1.0,done,37
213,24,0,5.0,1.0,done,123
213,25,15.0,15.0,0.0,pending,
213,26,0,5.0,1.0,done,102
213,27,0,15.0,1.0,done,60
213,28,0,10.0,1.0,done,83
213,29,0,10.0,1.0,done,142
213,30,15.0,15.0,0.0,pending,
213,31,0,5.0,1.0,done,156
213,32,0,10.0,1.0,done,180
213,33,0,10.0,1.0,done,144
213,34,0,10.0,1.0,done,46
213,35,9.482770564827366,15.0,0.3678152956781756,in_progress,
213,36,0,15.0,1.0,done,123
213,37,0,5.0,1.0,done,66
213,38,0,15.0,1.0,done,191
213,39,0,10.0,1.0,done,28
213,40,0,10.0,1.0,done,89
213,41,15.0,15.0,0.0,pending,
213,42,10.0,10.0,0.0,pending,
213,43,0,5.0,1.0,done,94
213,44,0,15.0,1.0,done,18
213,45,0,5.0,1.0,done,110
213,46,0,5.0,1.0,done,31
213,47,0,15.0,1.0,done,69
213,48,0,10.0,1.0,done,135
214,0,0,10.0,1.0,done,25
214,1,10.0,10.0,0.0,pending,
214,2,0,5.0,1.0,done,21
214,3,0,10.0,1.0,done,65
214,4,15.0,15.0,0.0,pending,
214,5,0,10.0,1.0,done,203
214,6,0,10.0,1.0,done,205
214,7,0,10.0,1.0,done,198
214,8,0,10.0,1.0,done,47
214,9,0,10.0,1.0,done,125
214,10,0,15.0,1.0,done,168
214,11,0,5.0,1.0,done,51
214,12,0,15.0,1.0,done,17
214,13,5.0,5.0,0.0,pending,
214,14,10.0,10.0,0.0,pending,
214,15,0,5.0,1.0,done,30
214,16,0,5.0,1.0,done,188
214,17,0,15.0,1.0,done,43
214,18,10.0,10.0,0.0,pending,
214,19,0,15.0,1.0,done,135
214,20,0,15.0,1.0,done,52
214,21,0,15.0,1.0,done,53
214,22,0,5.0,1.0,done,120
214,23,0,10.0,1.0,done,37
214,24,0,5.0,1.0,done,123
214,25,15.0,15.0,0.0,pending,
214,26,0,5.0,1.0,done,102
214,27,0,15.0,1.0,done,60
214,28,0,10.0,1.0,done,83
214,29,0,10.0,1.0,done,142
214,30,15.0,15.0,0.0,pending,
214,31,0,5.0,1.0,done,156
214,32,0,10.0,1.0,done,180
214,33,0,10.0,1.0,done,144
214,34,0,10.0,1.0,done,46
214,35,8.482770564827366,15.0,0.43448196234484227,in_progress,
214,36,0,15.0,1.0,done,123
214,37,0,5.0,1.0,done,66
214,38,0,15.0,1.0,done,191
214,39,0,10.0,1.0,done,28
214,40,0,10.0,1.0,done,89
214,41,15.0,15.0,0.0,pending,
214,42,10.0,10.0,0.0,pending,
214,43,0,5.0,1.0,done,94
214,44,0,15.0,1.0,done,18
214,45,0,5.0,1.0,done,110
214,46,0,5.0,1.0,done,31
214,47,0,15.0,1.0,done,69
214,48,0,10.0,1.0,done,135
215,0,0,10.0,1.0,done,25
215,1,10.0,10.0,0.0,pending,
215,2,0,5.0,1.0,done,21
215,3,0,10.0,1.0,done,65
215,4,15.0,15.0,0.0,pending,
215,5,0,10.0,1.0,done,203
215,6,0,10.0,1.0,done,205
215,7,0,10.0,1.0,done,198
215,8,0,10.0,1.0,done,47
215,9,0,10.0,1.0,done,125
215,10,0,15.0,1.0,done,168
215,11,0,5.0,1.0,done,51
215,12,0,15.0,1.0,done,17
215,13,5.0,5.0,0.0,pending,
215,14,10.0,10.0,0.0,pending,
215,15,0,5.0,1.0,done,30
215,16,0,5.0,1.0,done,188
215,17,0,15.0,1.0,done,43
215,18,10.0,10.0,0.0,pending,
215,19,0,15.0,1.0,done,135
215,20,0,15.0,1.0,done,52
215,21,0,15.0,1.0,done,53
215,22,0,5.0,1.0,done,120
215,23,0,10.0,1.0,done,37
215,24,0,5.0,1.0,done,123
215,25,15.0,15.0,0.0,pending,
215,26,0,5.0,1.0,done,102
215,27,0,15.0,1.0,done,60
215,28,0,10.0,1.0,done,83
215,29,0,10.0,1.0,done,142
215,30,15.0,15.0,0.0,pending,
215,31,0,5.0,1.0,done,156
215,32,0,10.0,1.0,done,180
215,33,0,10.0,1.0,done,144
215,34,0,10.0,1.0,done,46
215,35,7.482770564827366,15.0,0.5011486290115089,in_progress,
215,36,0,15.0,1.0,done,123
215,37,0,5.0,1.0,done,66
215,38,0,15.0,1.0,done,191
215,39,0,10.0,1.0,done,28
215,40,0,10.0,1.0,done,89
215,41,15.0,15.0,0.0,pending,
215,42,10.0,10.0,0.0,pending,
215,43,0,5.0,1.0,done,94
215,44,0,15.0,1.0,done,18
215,45,0,5.0,1.0,done,110
215,46,0,5.0,1.0,done,31
215,47,0,15.0,1.0,done,69
215,48,0,10.0,1.0,done,135
216,0,0,10.0,1.0,done,25
216,1,10.0,10.0,0.0,pending,
216,2,0,5.0,1.0,done,21
216,3,0,10.0,1.0,done,65
216,4,15.0,15.0,0.0,pending,
216,5,0,10.0,1.0,done,203
216,6,0,10.0,1.0,done,205
216,7,0,10.0,1.0,done,198
216,8,0,10.0,1.0,done,47
216,9,0,10.0,1.0,done,125
216,10,0,15.0,1.0,done,168
216,11,0,5.0,1.0,done,51
216,12,0,15.0,1.0,done,17
216,13,5.0,5.0,0.0,pending,
216,14,10.0,10.0,0.0,pending,
216,15,0,5.0,1.0,done,30
216,16,0,5.0,1.0,done,188
216,17,0,15.0,1.0,done,43
216,18,10.0,10.0,0.0,pending,
216,19,0,15.0,1.0,done,135
216,20,0,15.0,1.0,done,52
216,21,0,15.0,1.0,done,53
216,22,0,5.0,1.0,done,120
216,23,0,10.0,1.0,done,37
216,24,0,5.0,1.0,done,123
216,25,15.0,15.0,0.0,pending,
216,26,0,5.0,1.0,done,102
216,27,0,15.0,1.0,done,60
216,28,0,10.0,1.0,done,83
216,29,0,10.0,1.0,done,142
216,30,15.0,15.0,0.0,pending,
216,31,0,5.0,1.0,done,156
216,32,0,10.0,1.0,done,180
216,33,0,10.0,1.0,done,144
216,34,0,10.0,1.0,done,46
216,35,6.482770564827366,15.0,0.5678152956781756,in_progress,
216,36,0,15.0,1.0,done,123
216,37,0,5.0,1.0,done,66
216,38,0,15.0,1.0,done,191
216,39,0,10.0,1.0,done,28
216,40,0,10.0,1.0,done,89
216,41,15.0,15.0,0.0,pending,
216,42,10.0,10.0,0.0,pending,
216,43,0,5.0,1.0,done,94
216,44,0,15.0,1.0,done,18
216,45,0,5.0,1.0,done,110
216,46,0,5.0,1.0,done,31
216,47,0,15.0,1.0,done,69
216,48,0,10.0,1.0,done,135
217,0,0,10.0,1.0,done,25
217,1,10.0,10.0,0.0,pending,
217,2,0,5.0,1.0,done,21
217,3,0,10.0,1.0,done,65
217,4,15.0,15.0,0.0,pending,
217,5,0,10.0,1.0,done,203
217,6,0,10.0,1.0,done,205
217,7,0,10.0,1.0,done,198
217,8,0,10.0,1.0,done,47
217,9,0,10.0,1.0,done,125
217,10,0,15.0,1.0,done,168
217,11,0,5.0,1.0,done,51
217,12,0,15.0,1.0,done,17
217,13,5.0,5.0,0.0,pending,
217,14,10.0,10.0,0.0,pending,
217,15,0,5.0,1.0,done,30
217,16,0,5.0,1.0,done,188
217,17,0,15.0,1.0,done,43
217,18,10.0,10.0,0.0,pending,
217,19,0,15.0,1.0,done,135
217,20,0,15.0,1.0,done,52
217,21,0,15.0,1.0,done,53
217,22,0,5.0,1.0,done,120
217,23,0,10.0,1.0,done,37
217,24,0,5.0,1.0,done,123
217,25,15.0,15.0,0.0,pending,
217,26,0,5.0,1.0,done,102
217,27,0,15.0,1.0,done,60
217,28,0,10.0,1.0,done,83
217,29,0,10.0,1.0,done,142
217,30,15.0,15.0,0.0,pending,
217,31,0,5.0,1.0,done,156
217,32,0,10.0,1.0,done,180
217,33,0,10.0,1.0,done,144
217,34,0,10.0,1.0,done,46
217,35,5.482770564827366,15.0,0.6344819623448423,in_progress,
217,36,0,15.0,1.0,done,123
217,37,0,5.0,1.0,done,66
217,38,0,15.0,1.0,done,191
217,39,0,10.0,1.0,done,28
217,40,0,10.0,1.0,done,89
217,41,15.0,15.0,0.0,pending,
217,42,10.0,10.0,0.0,pending,
217,43,0,5.0,1.0,done,94
217,44,0,15.0,1.0,done,18
217,45,0,5.0,1.0,done,110
217,46,0,5.0,1.0,done,31
217,47,0,15.0,1.0,done,69
217,48,0,10.0,1.0,done,135
218,0,0,10.0,1.0,done,25
218,1,10.0,10.0,0.0,pending,
218,2,0,5.0,1.0,done,21
218,3,0,10.0,1.0,done,65
218,4,15.0,15.0,0.0,pending,
218,5,0,10.0,1.0,done,203
218,6,0,10.0,1.0,done,205
218,7,0,10.0,1.0,done,198
218,8,0,10.0,1.0,done,47
218,9,0,10.0,1.0,done,125
218,10,0,15.0,1.0,done,168
218,11,0,5.0,1.0,done,51
218,12,0,15.0,1.0,done,17
218,13,5.0,5.0,0.0,pending,
218,14,10.0,10.0,0.0,pending,
218,15,0,5.0,1.0,done,30
218,16,0,5.0,1.0,done,188
218,17,0,15.0,1.0,done,43
218,18,10.0,10.0,0.0,pending,
218,19,0,15.0,1.0,done,135
218,20,0,15.0,1.0,done,52
218,21,0,15.0,1.0,done,53
218,22,0,5.0,1.0,done,120
218,23,0,10.0,1.0,done,37
218,24,0,5.0,1.0,done,123
218,25,15.0,15.0,0.0,pending,
218,26,0,5.0,1.0,done,102
218,27,0,15.0,1.0,done,60
218,28,0,10.0,1.0,done,83
218,29,0,10.0,1.0,done,142
218,30,15.0,15.0,0.0,pending,
218,31,0,5.0,1.0,done,156
218,32,0,10.0,1.0,done,180
218,33,0,10.0,1.0,done,144
218,34,0,10.0,1.0,done,46
218,35,4.482770564827366,15.0,0.701148629011509,in_progress,
218,36,0,15.0,1.0,done,123
218,37,0,5.0,1.0,done,66
218,38,0,15.0,1.0,done,191
218,39,0,10.0,1.0,done,28
218,40,0,10.0,1.0,done,89
218,41,15.0,15.0,0.0,pending,
218,42,10.0,10.0,0.0,pending,
218,43,0,5.0,1.0,done,94
218,44,0,15.0,1.0,done,18
218,45,0,5.0,1.0,done,110
218,46,0,5.0,1.0,done,31
218,47,0,15.0,1.0,done,69
218,48,0,10.0,1.0,done,135
219,0,0,10.0,1.0,done,25
219,1,10.0,10.0,0.0,pending,
219,2,0,5.0,1.0,done,21
219,3,0,10.0,1.0,done,65
219,4,15.0,15.0,0.0,pending,
219,5,0,10.0,1.0,done,203
219,6,0,10.0,1.0,done,205
219,7,0,10.0,1.0,done,198
219,8,0,10.0,1.0,done,47
219,9,0,10.0,1.0,done,125
219,10,0,15.0,1.0,done,168
219,11,0,5.0,1.0,done,51
219,12,0,15.0,1.0,done,17
219,13,5.0,5.0,0.0,pending,
219,14,10.0,10.0,0.0,pending,
219,15,0,5.0,1.0,done,30
219,16,0,5.0,1.0,done,188
219,17,0,15.0,1.0,done,43
219,18,10.0,10.0,0.0,pending,
219,19,0,15.0,1.0,done,135
219,20,0,15.0,1.0,done,52
219,21,0,15.0,1.0,done,53
219,22,0,5.0,1.0,done,120
219,23,0,10.0,1.0,done,37
219,24,0,5.0,1.0,done,123
219,25,15.0,15.0,0.0,pending,
219,26,0,5.0,1.0,done,102
219,27,0,15.0,1.0,done,60
219,28,0,10.0,1.0,done,83
219,29,0,10.0,1.0,done,142
219,30,15.0,15.0,0.0,pending,
219,31,0,5.0,1.0,done,156
219,32,0,10.0,1.0,done,180
219,33,0,10.0,1.0,done,144
219,34,0,10.0,1.0,done,46
219,35,3.4827705648273657,15.0,0.7678152956781756,in_progress,
219,36,0,15.0,1.0,done,123
219,37,0,5.0,1.0,done,66
219,38,0,15.0,1.0,done,191
219,39,0,10.0,1.0,done,28
219,40,0,10.0,1.0,done,89
219,41,15.0,15.0,0.0,pending,
219,42,10.0,10.0,0.0,pending,
219,43,0,5.0,1.0,done,94
219,44,0,15.0,1.0,done,18
219,45,0,5.0,1.0,done,110
219,46,0,5.0,1.0,done,31
219,47,0,15.0,1.0,done,69
219,48,0,10.0,1.0,done,135
220,0,0,10.0,1.0,done,25
220,1,10.0,10.0,0.0,pending,
220,2,0,5.0,1.0,done,21
220,3,0,10.0,1.0,done,65
220,4,15.0,15.0,0.0,pending,
220,5,0,10.0,1.0,done,203
220,6,0,10.0,1.0,done,205
220,7,0,10.0,1.0,done,198
220,8,0,10.0,1.0,done,47
220,9,0,10.0,1.0,done,125
220,10,0,15.0,1.0,done,168
220,11,0,5.0,1.0,done,51
220,12,0,15.0,1.0,done,17
220,13,5.0,5.0,0.0,pending,
220,14,10.0,10.0,0.0,pending,
220,15,0,5.0,1.0,done,30
220,16,0,5.0,1.0,done,188
220,17,0,15.0,1.0,done,43
220,18,10.0,10.0,0.0,pending,
220,19,0,15.0,1.0,done,135
220,20,0,15.0,1.0,done,52
220,21,0,15.0,1.0,done,53
220,22,0,5.0,1.0,done,120
220,23,0,10.0,1.0,done,37
220,24,0,5.0,1.0,done,123
220,25,15.0,15.0,0.0,pending,
220,26,0,5.0,1.0,done,102
220,27,0,15.0,1.0,done,60
220,28,0,10.0,1.0,done,83
220,29,0,10.0,1.0,done,142
220,30,15.0,15.0,0.0,pending,
220,31,0,5.0,1.0,done,156
220,32,0,10.0,1.0,done,180
220,33,0,10.0,1.0,done,144
220,34,0,10.0,1.0,done,46
220,35,2.4827705648273657,15.0,0.8344819623448423,in_progress,
220,36,0,15.0,1.0,done,123
220,37,0,5.0,1.0,done,66
220,38,0,15.0,1.0,done,191
220,39,0,10.0,1.0,done,28
220,40,0,10.0,1.0,done,89
220,41,15.0,15.0,0.0,pending,
220,42,10.0,10.0,0.0,pending,
220,43,0,5.0,1.0,done,94
220,44,0,15.0,1.0,done,18
220,45,0,5.0,1.0,done,110
220,46,0,5.0,1.0,done,31
220,47,0,15.0,1.0,done,69
220,48,0,10.0,1.0,done,135
221,0,0,10.0,1.0,done,25
221,1,10.0,10.0,0.0,pending,
221,2,0,5.0,1.0,done,21
221,3,0,10.0,1.0,done,65
221,4,15.0,15.0,0.0,pending,
221,5,0,10.0,1.0,done,203
221,6,0,10.0,1.0,done,205
221,7,0,10.0,1.0,done,198
221,8,0,10.0,1.0,done,47
221,9,0,10.0,1.0,done,125
221,10,0,15.0,1.0,done,168
221,11,0,5.0,1.0,done,51
221,12,0,15.0,1.0,done,17
221,13,5.0,5.0,0.0,pending,
221,14,10.0,10.0,0.0,pending,
221,15,0,5.0,1.0,done,30
221,16,0,5.0,1.0,done,188
221,17,0,15.0,1.0,done,43
221,18,10.0,10.0,0.0,pending,
221,19,0,15.0,1.0,done,135
221,20,0,15.0,1.0,done,52
221,21,0,15.0,1.0,done,53
221,22,0,5.0,1.0,done,120
221,23,0,10.0,1.0,done,37
221,24,0,5.0,1.0,done,123
221,25,15.0,15.0,0.0,pending,
221,26,0,5.0,1.0,done,102
221,27,0,15.0,1.0,done,60
221,28,0,10.0,1.0,done,83
221,29,0,10.0,1.0,done,142
221,30,15.0,15.0,0.0,pending,
221,31,0,5.0,1.0,done,156
221,32,0,10.0,1.0,done,180
221,33,0,10.0,1.0,done,144
221,34,0,10.0,1.0,done,46
221,35,1.4827705648273657,15.0,0.9011486290115089,in_progress,
221,36,0,15.0,1.0,done,123
221,37,0,5.0,1.0,done,66
221,38,0,15.0,1.0,done,191
221,39,0,10.0,1.0,done,28
221,40,0,10.0,1.0,done,89
221,41,14.585154520396829,15.0,0.027656365306878074,in_progress,
221,42,10.0,10.0,0.0,pending,
221,43,0,5.0,1.0,done,94
221,44,0,15.0,1.0,done,18
221,45,0,5.0,1.0,done,110
221,46,0,5.0,1.0,done,31
221,47,0,15.0,1.0,done,69
221,48,0,10.0,1.0,done,135
222,0,0,10.0,1.0,done,25
222,1,10.0,10.0,0.0,pending,
222,2,0,5.0,1.0,done,21
222,3,0,10.0,1.0,done,65
222,4,15.0,15.0,0.0,pending,
222,5,0,10.0,1.0,done,203
222,6,0,10.0,1.0,done,205
222,7,0,10.0,1.0,done,198
222,8,0,10.0,1.0,done,47
222,9,0,10.0,1.0,done,125
222,10,0,15.0,1.0,done,168
222,11,0,5.0,1.0,done,51
222,12,0,15.0,1.0,done,17
222,13,5.0,5.0,0.0,pending,
222,14,10.0,10.0,0.0,pending,
222,15,0,5.0,1.0,done,30
222,16,0,5.0,1.0,done,188
222,17,0,15.0,1.0,done,43
222,18,10.0,10.0,0.0,pending,
222,19,0,15.0,1.0,done,135
222,20,0,15.0,1.0,done,52
222,21,0,15.0,1.0,done,53
222,22,0,5.0,1.0,done,120
222,23,0,10.0,1.0,done,37
222,24,0,5.0,1.0,done,123
222,25,15.0,15.0,0.0,pending,
222,26,0,5.0,1.0,done,102
222,27,0,15.0,1.0,done,60
222,28,0,10.0,1.0,done,83
222,29,0,10.0,1.0,done,142
222,30,15.0,15.0,0.0,pending,
222,31,0,5.0,1.0,done,156
222,32,0,10.0,1.0,done,180
222,33,0,10.0,1.0,done,144
222,34,0,10.0,1.0,done,46
222,35,0.4827705648273657,15.0,0.9678152956781756,in_progress,
222,36,0,15.0,1.0,done,123
222,37,0,5.0,1.0,done,66
222,38,0,15.0,1.0,done,191
222,39,0,10.0,1.0,done,28
222,40,0,10.0,1.0,done,89
222,41,12.585154520396829,15.0,0.1609896986402114,in_progress,
222,42,10.0,10.0,0.0,pending,
222,43,0,5.0,1.0,done,94
222,44,0,15.0,1.0,done,18
222,45,0,5.0,1.0,done,110
222,46,0,5.0,1.0,done,31
222,47,0,15.0,1.0,done,69
222,48,0,10.0,1.0,done,135
223,0,0,10.0,1.0,done,25
223,1,10.0,10.0,0.0,pending,
223,2,0,5.0,1.0,done,21
223,3,0,10.0,1.0,done,65
223,4,15.0,15.0,0.0,pending,
223,5,0,10.0,1.0,done,203
223,6,0,10.0,1.0,done,205
223,7,0,10.0,1.0,done,198
223,8,0,10.0,1.0,done,47
223,9,0,10.0,1.0,done,125
223,10,0,15.0,1.0,done,168
223,11,0,5.0,1.0,done,51
223,12,0,15.0,1.0,done,17
223,13,5.0,5.0,0.0,pending,
223,14,10.0,10.0,0.0,pending,
223,15,0,5.0,1.0,done,30
223,16,0,5.0,1.0,done,188
223,17,0,15.0,1.0,done,43
223,18,10.0,10.0,0.0,pending,
223,19,0,15.0,1.0,done,135
223,20,0,15.0,1.0,done,52
223,21,0,15.0,1.0,done,53
223,22,0,5.0,1.0,done,120
223,23,0,10.0,1.0,done,37
223,24,0,5.0,1.0,done,123
223,25,15.0,15.0,0.0,pending,
223,26,0,5.0,1.0,done,102
223,27,0,15.0,1.0,done,60
223,28,0,10.0,1.0,done,83
223,29,0,10.0,1.0,done,142
223,30,15.0,15.0,0.0,pending,
223,31,0,5.0,1.0,done,156
223,32,0,10.0,1.0,done,180
223,33,0,10.0,1.0,done,144
223,34,0,10.0,1.0,done,46
223,35,0,15.0,1.0,done,223
223,36,0,15.0,1.0,done,123
223,37,0,5.0,1.0,done,66
223,38,0,15.0,1.0,done,191
223,39,0,10.0,1.0,done,28
223,40,0,10.0,1.0,done,89
223,41,10.585154520396829,15.0,0.29432303197354476,in_progress,
223,42,10.0,10.0,0.0,pending,
223,43,0,5.0,1.0,done,94
223,44,0,15.0,1.0,done,18
223,45,0,5.0,1.0,done,110
223,46,0,5.0,1.0,done,31
223,47,0,15.0,1.0,done,69
223,48,0,10.0,1.0,done,135
224,0,0,10.0,1.0,done,25
224,1,10.0,10.0,0.0,pending,
224,2,0,5.0,1.0,done,21
224,3,0,10.0,1.0,done,65
224,4,15.0,15.0,0.0,pending,
224,5,0,10.0,1.0,done,203
224,6,0,10.0,1.0,done,205
224,7,0,10.0,1.0,done,198
224,8,0,10.0,1.0,done,47
224,9,0,10.0,1.0,done,125
224,10,0,15.0,1.0,done,168
224,11,0,5.0,1.0,done,51
224,12,0,15.0,1.0,done,17
224,13,5.0,5.0,0.0,pending,
224,14,10.0,10.0,0.0,pending,
224,15,0,5.0,1.0,done,30
224,16,0,5.0,1.0,done,188
224,17,0,15.0,1.0,done,43
224,18,10.0,10.0,0.0,pending,
224,19,0,15.0,1.0,done,135
224,20,0,15.0,1.0,done,52
224,21,0,15.0,1.0,done,53
224,22,0,5.0,1.0,done,120
224,23,0,10.0,1.0,done,37
224,24,0,5.0,1.0,done,123
224,25,15.0,15.0,0.0,pending,
224,26,0,5.0,1.0,done,102
224,27,0,15.0,1.0,done,60
224,28,0,10.0,1.0,done,83
224,29,0,10.0,1.0,done,142
224,30,15.0,15.0,0.0,pending,
224,31,0,5.0,1.0,done,156
224,32,0,10.0,1.0,done,180
224,33,0,10.0,1.0,done,144
224,34,0,10.0,1.0,done,46
224,35,0,15.0,1.0,done,223
224,36,0,15.0,1.0,done,123
224,37,0,5.0,1.0,done,66
224,38,0,15.0,1.0,done,191
224,39,0,10.0,1.0,done,28
224,40,0,10.0,1.0,done,89
224,41,8.585154520396829,15.0,0.42765636530687806,in_progress,
224,42,10.0,10.0,0.0,pending,
224,43,0,5.0,1.0,done,94
224,44,0,15.0,1.0,done,18
224,45,0,5.0,1.0,done,110
224,46,0,5.0,1.0,done,31
224,47,0,15.0,1.0,done,69
224,48,0,10.0,1.0,done,135
225,0,0,10.0,1.0,done,25
225,1,10.0,10.0,0.0,pending,
225,2,0,5.0,1.0,done,21
225,3,0,10.0,1.0,done,65
225,4,15.0,15.0,0.0,pending,
225,5,0,10.0,1.0,done,203
225,6,0,10.0,1.0,done,205
225,7,0,10.0,1.0,done,198
225,8,0,10.0,1.0,done,47
225,9,0,10.0,1.0,done,125
225,10,0,15.0,1.0,done,168
225,11,0,5.0,1.0,done,51
225,12,0,15.0,1.0,done,17
225,13,5.0,5.0,0.0,pending,
225,14,10.0,10.0,0.0,pending,
225,15,0,5.0,1.0,done,30
225,16,0,5.0,1.0,done,188
225,17,0,15.0,1.0,done,43
225,18,10.0,10.0,0.0,pending,
225,19,0,15.0,1.0,done,135
225,20,0,15.0,1.0,done,52
225,21,0,15.0,1.0,done,53
225,22,0,5.0,1.0,done,120
225,23,0,10.0,1.0,done,37
225,24,0,5.0,1.0,done,123
225,25,15.0,15.0,0.0,pending,
225,26,0,5.0,1.0,done,102
225,27,0,15.0,1.0,done,60
225,28,0,10.0,1.0,done,83
225,29,0,10.0,1.0,done,142
225,30,15.0,15.0,0.0,pending,
225,31,0,5.0,1.0,done,156
225,32,0,10.0,1.0,done,180
225,33,0,10.0,1.0,done,144
225,34,0,10.0,1.0,done,46
225,35,0,15.0,1.0,done,223
225,36,0,15.0,1.0,done,123
225,37,0,5.0,1.0,done,66
225,38,0,15.0,1.0,done,191
225,39,0,10.0,1.0,done,28
225,40,0,10.0,1.0,done,89
225,41,6.585154520396829,15.0,0.5609896986402114,in_progress,
225,42,10.0,10.0,0.0,pending,
225,43,0,5.0,1.0,done,94
225,44,0,15.0,1.0,done,18
225,45,0,5.0,1.0,done,110
225,46,0,5.0,1.0,done,31
225,47,0,15.0,1.0,done,69
225,48,0,10.0,1.0,done,135
226,0,0,10.0,1.0,done,25
226,1,10.0,10.0,0.0,pending,
226,2,0,5.0,1.0,done,21
226,3,0,10.0,1.0,done,65
226,4,15.0,15.0,0.0,pending,
226,5,0,10.0,1.0,done,203
226,6,0,10.0,1.0,done,205
226,7,0,10.0,1.0,done,198
226,8,0,10.0,1.0,done,47
226,9,0,10.0,1.0,done,125
226,10,0,15.0,1.0,done,168
226,11,0,5.0,1.0,done,51
226,12,0,15.0,1.0,done,17
226,13,5.0,5.0,0.0,pending,
226,14,10.0,10.0,0.0,pending,
226,15,0,5.0,1.0,done,30
226,16,0,5.0,1.0,done,188
226,17,0,15.0,1.0,done,43
226,18,10.0,10.0,0.0,pending,
226,19,0,15.0,1.0,done,135
226,20,0,15.0,1.0,done,52
226,21,0,15.0,1.0,done,53
226,22,0,5.0,1.0,done,120
226,23,0,10.0,1.0,done,37
226,24,0,5.0,1.0,done,123
226,25,15.0,15.0,0.0,pending,
226,26,0,5.0,1.0,done,102
226,27,0,15.0,1.0,done,60
226,28,0,10.0,1.0,done,83
226,29,0,10.0,1.0,done,142
226,30,15.0,15.0,0.0,pending,
226,31,0,5.0,1.0,done,156
226,32,0,10.0,1.0,done,180
226,33,0,10.0,1.0,done,144
226,34,0,10.0,1.0,done,46
226,35,0,15.0,1.0,done,223
226,36,0,15.0,1.0,done,123
226,37,0,5.0,1.0,done,66
226,38,0,15.0,1.0,done,191
226,39,0,10.0,1.0,done,28
226,40,0,10.0,1.0,done,89
226,41,4.585154520396829,15.0,0.6943230319735447,in_progress,
226,42,10.0,10.0,0.0,pending,
226,43,0,5.0,1.0,done,94
226,44,0,15.0,1.0,done,18
226,45,0,5.0,1.0,done,110
226,46,0,5.0,1.0,done,31
226,47,0,15.0,1.0,done,69
226,48,0,10.0,1.0,done,135
227,0,0,10.0,1.0,done,25
227,1,10.0,10.0,0.0,pending,
227,2,0,5.0,1.0,done,21
227,3,0,10.0,1.0,done,65
227,4,15.0,15.0,0.0,pending,
227,5,0,10.0,1.0,done,203
227,6,0,10.0,1.0,done,205
227,7,0,10.0,1.0,done,198
227,8,0,10.0,1.0,done,47
227,9,0,10.0,1.0,done,125
227,10,0,15.0,1.0,done,168
227,11,0,5.0,1.0,done,51
227,12,0,15.0,1.0,done,17
227,13,5.0,5.0,0.0,pending,
227,14,10.0,10.0,0.0,pending,
227,15,0,5.0,1.0,done,30
227,16,0,5.0,1.0,done,188
227,17,0,15.0,1.0,done,43
227,18,10.0,10.0,0.0,pending,
227,19,0,15.0,1.0,done,135
227,20,0,15.0,1.0,done,52
227,21,0,15.0,1.0,done,53
227,22,0,5.0,1.0,done,120
227,23,0,10.0,1.0,done,37
227,24,0,5.0,1.0,done,123
227,25,14.244724931922248,15.0,0.050351671205183496,in_progress,
227,26,0,5.0,1.0,done,102
227,27,0,15.0,1.0,done,60
227,28,0,10.0,1.0,done,83
227,29,0,10.0,1.0,done,142
227,30,15.0,15.0,0.0,pending,
227,31,0,5.0,1.0,done,156
227,32,0,10.0,1.0,done,180
227,33,0,10.0,1.0,done,144
227,34,0,10.0,1.0,done,46
227,35,0,15.0,1.0,done,223
227,36,0,15.0,1.0,done,123
227,37,0,5.0,1.0,done,66
227,38,0,15.0,1.0,done,191
227,39,0,10.0,1.0,done,28
227,40,0,10.0,1.0,done,89
227,41,2.585154520396829,15.0,0.827656365306878,in_progress,
227,42,10.0,10.0,0.0,pending,
227,43,0,5.0,1.0,done,94
227,44,0,15.0,1.0,done,18
227,45,0,5.0,1.0,done,110
227,46,0,5.0,1.0,done,31
227,47,0,15.0,1.0,done,69
227,48,0,10.0,1.0,done,135
228,0,0,10.0,1.0,done,25
228,1,10.0,10.0,0.0,pending,
228,2,0,5.0,1.0,done,21
228,3,0,10.0,1.0,done,65
228,4,15.0,15.0,0.0,pending,
228,5,0,10.0,1.0,done,203
228,6,0,10.0,1.0,done,205
228,7,0,10.0,1.0,done,198
228,8,0,10.0,1.0,done,47
228,9,0,10.0,1.0,done,125
228,10,0,15.0,1.0,done,168
228,11,0,5.0,1.0,done,51
228,12,0,15.0,1.0,done,17
228,13,5.0,5.0,0.0,pending,
228,14,10.0,10.0,0.0,pending,
228,15,0,5.0,1.0,done,30
228,16,0,5.0,1.0,done,188
228,17,0,15.0,1.0,done,43
228,18,10.0,10.0,0.0,pending,
228,19,0,15.0,1.0,done,135
228,20,0,15.0,1.0,done,52
228,21,0,15.0,1.0,done,53
228,22,0,5.0,1.0,done,120
228,23,0,10.0,1.0,done,37
228,24,0,5.0,1.0,done,123
228,25,11.744724931922248,15.0,0.21701833787185015,in_progress,
228,26,0,5.0,1.0,done,102
228,27,0,15.0,1.0,done,60
228,28,0,10.0,1.0,done,83
228,29,0,10.0,1.0,done,142
228,30,15.0,15.0,0.0,pending,
228,31,0,5.0,1.0,done,156
228,32,0,10.0,1.0,done,180
228,33,0,10.0,1.0,done,144
228,34,0,10.0,1.0,done,46
228,35,0,15.0,1.0,done,223
228,36,0,15.0,1.0,done,123
228,37,0,5.0,1.0,done,66
228,38,0,15.0,1.0,done,191
228,39,0,10.0,1.0,done,28
228,40,0,10.0,1.0,done,89
228,41,0.5851545203968289,15.0,0.9609896986402114,in_progress,
228,42,10.0,10.0,0.0,pending,
228,43,0,5.0,1.0,done,94
228,44,0,15.0,1.0,done,18
228,45,0,5.0,1.0,done,110
228,46,0,5.0,1.0,done,31
228,47,0,15.0,1.0,done,69
228,48,0,10.0,1.0,done,135
229,0,0,10.0,1.0,done,25
229,1,10.0,10.0,0.0,pending,
229,2,0,5.0,1.0,done,21
229,3,0,10.0,1.0,done,65
229,4,15.0,15.0,0.0,pending,
229,5,0,10.0,1.0,done,203
229,6,0,10.0,1.0,done,205
229,7,0,10.0,1.0,done,198
229,8,0,10.0,1.0,done,47
229,9,0,10.0,1.0,done,125
229,10,0,15.0,1.0,done,168
229,11,0,5.0,1.0,done,51
229,12,0,15.0,1.0,done,17
229,13,5.0,5.0,0.0,pending,
229,14,10.0,10.0,0.0,pending,
229,15,0,5.0,1.0,done,30
229,16,0,5.0,1.0,done,188
229,17,0,15.0,1.0,done,43
229,18,10.0,10.0,0.0,pending,
229,19,0,15.0,1.0,done,135
229,20,0,15.0,1.0,done,52
229,21,0,15.0,1.0,done,53
229,22,0,5.0,1.0,done,120
229,23,0,10.0,1.0,done,37
229,24,0,5.0,1.0,done,123
229,25,9.244724931922248,15.0,0.38368500453851684,in_progress,
229,26,0,5.0,1.0,done,102
229,27,0,15.0,1.0,done,60
229,28,0,10.0,1.0,done,83
229,29,0,10.0,1.0,done,142
229,30,15.0,15.0,0.0,pending,
229,31,0,5.0,1.0,done,156
229,32,0,10.0,1.0,done,180
229,33,0,10.0,1.0,done,144
229,34,0,10.0,1.0,done,46
229,35,0,15.0,1.0,done,223
229,36,0,15.0,1.0,done,123
229,37,0,5.0,1.0,done,66
229,38,0,15.0,1.0,done,191
229,39,0,10.0,1.0,done,28
229,40,0,10.0,1.0,done,89
229,41,0,15.0,1.0,done,229
229,42,10.0,10.0,0.0,pending,
229,43,0,5.0,1.0,done,94
229,44,0,15.0,1.0,done,18
229,45,0,5.0,1.0,done,110
229,46,0,5.0,1.0,done,31
229,47,0,15.0,1.0,done,69
229,48,0,10.0,1.0,done,135
230,0,0,10.0,1.0,done,25
230,1,10.0,10.0,0.0,pending,
230,2,0,5.0,1.0,done,21
230,3,0,10.0,1.0,done,65
230,4,15.0,15.0,0.0,pending,
230,5,0,10.0,1.0,done,203
230,6,0,10.0,1.0,done,205
230,7,0,10.0,1.0,done,198
230,8,0,10.0,1.0,done,47
230,9,0,10.0,1.0,done,125
230,10,0,15.0,1.0,done,168
230,11,0,5.0,1.0,done,51
230,12,0,15.0,1.0,done,17
230,13,5.0,5.0,0.0,pending,
230,14,10.0,10.0,0.0,pending,
230,15,0,5.0,1.0,done,30
230,16,0,5.0,1.0,done,188
230,17,0,15.0,1.0,done,43
230,18,10.0,10.0,0.0,pending,
230,19,0,15.0,1.0,done,135
230,20,0,15.0,1.0,done,52
230,21,0,15.0,1.0,done,53
230,22,0,5.0,1.0,done,120
230,23,0,10.0,1.0,done,37
230,24,0,5.0,1.0,done,123
230,25,6.7447249319222475,15.0,0.5503516712051835,in_progress,
230,26,0,5.0,1.0,done,102
230,27,0,15.0,1.0,done,60
230,28,0,10.0,1.0,done,83
230,29,0,10.0,1.0,done,142
230,30,15.0,15.0,0.0,pending,
230,31,0,5.0,1.0,done,156
230,32,0,10.0,1.0,done,180
230,33,0,10.0,1.0,done,144
230,34,0,10.0,1.0,done,46
230,35,0,15.0,1.0,done,223
230,36,0,15.0,1.0,done,123
230,37,0,5.0,1.0,done,66
230,38,0,15.0,1.0,done,191
230,39,0,10.0,1.0,done,28
230,40,0,10.0,1.0,done,89
230,41,0,15.0,1.0,done,229
230,42,10.0,10.0,0.0,pending,
230,43,0,5.0,1.0,done,94
230,44,0,15.0,1.0,done,18
230,45,0,5.0,1.0,done,110
230,46,0,5.0,1.0,done,31
230,47,0,15.0,1.0,done,69
230,48,0,10.0,1.0,done,135
231,0,0,10.0,1.0,done,25
231,1,10.0,10.0,0.0,pending,
231,2,0,5.0,1.0,done,21
231,3,0,10.0,1.0,done,65
231,4,15.0,15.0,0.0,pending,
231,5,0,10.0,1.0,done,203
231,6,0,10.0,1.0,done,205
231,7,0,10.0,1.0,done,198
231,8,0,10.0,1.0,done,47
231,9,0,10.0,1.0,done,125
231,10,0,15.0,1.0,done,168
231,11,0,5.0,1.0,done,51
231,12,0,15.0,1.0,done,17
231,13,5.0,5.0,0.0,pending,
231,14,10.0,10.0,0.0,pending,
231,15,0,5.0,1.0,done,30
231,16,0,5.0,1.0,done,188
231,17,0,15.0,1.0,done,43
231,18,10.0,10.0,0.0,pending,
231,19,0,15.0,1.0,done,135
231,20,0,15.0,1.0,done,52
231,21,0,15.0,1.0,done,53
231,22,0,5.0,1.0,done,120
231,23,0,10.0,1.0,done,37
231,24,0,5.0,1.0,done,123
231,25,4.2447249319222475,15.0,0.7170183378718502,in_progress,
231,26,0,5.0,1.0,done,102
231,27,0,15.0,1.0,done,60
231,28,0,10.0,1.0,done,83
231,29,0,10.0,1.0,done,142
231,30,15.0,15.0,0.0,pending,
231,31,0,5.0,1.0,done,156
231,32,0,10.0,1.0,done,180
231,33,0,10.0,1.0,done,144
231,34,0,10.0,1.0,done,46
231,35,0,15.0,1.0,done,223
231,36,0,15.0,1.0,done,123
231,37,0,5.0,1.0,done,66
231,38,0,15.0,1.0,done,191
231,39,0,10.0,1.0,done,28
231,40,0,10.0,1.0,done,89
231,41,0,15.0,1.0,done,229
231,42,10.0,10.0,0.0,pending,
231,43,0,5.0,1.0,done,94
231,44,0,15.0,1.0,done,18
231,45,0,5.0,1.0,done,110
231,46,0,5.0,1.0,done,31
231,47,0,15.0,1.0,done,69
231,48,0,10.0,1.0,done,135
232,0,0,10.0,1.0,done,25
232,1,10.0,10.0,0.0,pending,
232,2,0,5.0,1.0,done,21
232,3,0,10.0,1.0,done,65
232,4,15.0,15.0,0.0,pending,
232,5,0,10.0,1.0,done,203
232,6,0,10.0,1.0,done,205
232,7,0,10.0,1.0,done,198
232,8,0,10.0,1.0,done,47
232,9,0,10.0,1.0,done,125
232,10,0,15.0,1.0,done,168
232,11,0,5.0,1.0,done,51
232,12,0,15.0,1.0,done,17
232,13,5.0,5.0,0.0,pending,
232,14,10.0,10.0,0.0,pending,
232,15,0,5.0,1.0,done,30
232,16,0,5.0,1.0,done,188
232,17,0,15.0,1.0,done,43
232,18,10.0,10.0,0.0,pending,
232,19,0,15.0,1.0,done,135
232,20,0,15.0,1.0,done,52
232,21,0,15.0,1.0,done,53
232,22,0,5.0,1.0,done,120
232,23,0,10.0,1.0,done,37
232,24,0,5.0,1.0,done,123
232,25,1.7447249319222475,15.0,0.8836850045385168,in_progress,
232,26,0,5.0,1.0,done,102
232,27,0,15.0,1.0,done,60
232,28,0,10.0,1.0,done,83
232,29,0,10.0,1.0,done,142
232,30,15.0,15.0,0.0,pending,
232,31,0,5.0,1.0,done,156
232,32,0,10.0,1.0,done,180
232,33,0,10.0,1.0,done,144
232,34,0,10.0,1.0,done,46
232,35,0,15.0,1.0,done,223
232,36,0,15.0,1.0,done,123
232,37,0,5.0,1.0,done,66
232,38,0,15.0,1.0,done,191
232,39,0,10.0,1.0,done,28
232,40,0,10.0,1.0,done,89
232,41,0,15.0,1.0,done,229
232,42,10.0,10.0,0.0,pending,
232,43,0,5.0,1.0,done,94
232,44,0,15.0,1.0,done,18
232,45,0,5.0,1.0,done,110
232,46,0,5.0,1.0,done,31
232,47,0,15.0,1.0,done,69
232,48,0,10.0,1.0,done,135
233,0,0,10.0,1.0,done,25
233,1,10.0,10.0,0.0,pending,
233,2,0,5.0,1.0,done,21
233,3,0,10.0,1.0,done,65
233,4,15.0,15.0,0.0,pending,
233,5,0,10.0,1.0,done,203
233,6,0,10.0,1.0,done,205
233,7,0,10.0,1.0,done,198
233,8,0,10.0,1.0,done,47
233,9,0,10.0,1.0,done,125
233,10,0,15.0,1.0,done,168
233,11,0,5.0,1.0,done,51
233,12,0,15.0,1.0,done,17
233,13,5.0,5.0,0.0,pending,
233,14,10.0,10.0,0.0,pending,
233,15,0,5.0,1.0,done,30
233,16,0,5.0,1.0,done,188
233,17,0,15.0,1.0,done,43
233,18,10.0,10.0,0.0,pending,
233,19,0,15.0,1.0,done,135
233,20,0,15.0,1.0,done,52
233,21,0,15.0,1.0,done,53
233,22,0,5.0,1.0,done,120
233,23,0,10.0,1.0,done,37
233,24,0,5.0,1.0,done,123
233,25,0,15.0,1.0,done,233
233,26,0,5.0,1.0,done,102
233,27,0,15.0,1.0,done,60
233,28,0,10.0,1.0,done,83
233,29,0,10.0,1.0,done,142
233,30,15.0,15.0,0.0,pending,
233,31,0,5.0,1.0,done,156
233,32,0,10.0,1.0,done,180
233,33,0,10.0,1.0,done,144
233,34,0,10.0,1.0,done,46
233,35,0,15.0,1.0,done,223
233,36,0,15.0,1.0,done,123
233,37,0,5.0,1.0,done,66
233,38,0,15.0,1.0,done,191
233,39,0,10.0,1.0,done,28
233,40,0,10.0,1.0,done,89
233,41,0,15.0,1.0,done,229
233,42,10.0,10.0,0.0,pending,
233,43,0,5.0,1.0,done,94
233,44,0,15.0,1.0,done,18
233,45,0,5.0,1.0,done,110
233,46,0,5.0,1.0,done,31
233,47,0,15.0,1.0,done,69
233,48,0,10.0,1.0,done,135
234,0,0,10.0,1.0,done,25
234,1,10.0,10.0,0.0,pending,
234,2,0,5.0,1.0,done,21
234,3,0,10.0,1.0,done,65
234,4,15.0,15.0,0.0,pending,
234,5,0,10.0,1.0,done,203
234,6,0,10.0,1.0,done,205
234,7,0,10.0,1.0,done,198
234,8,0,10.0,1.0,done,47
234,9,0,10.0,1.0,done,125
234,10,0,15.0,1.0,done,168
234,11,0,5.0,1.0,done,51
234,12,0,15.0,1.0,done,17
234,13,5.0,5.0,0.0,pending,
234,14,10.0,10.0,0.0,pending,
234,15,0,5.0,1.0,done,30
234,16,0,5.0,1.0,done,188
234,17,0,15.0,1.0,done,43
234,18,10.0,10.0,0.0,pending,
234,19,0,15.0,1.0,done,135
234,20,0,15.0,1.0,done,52
234,21,0,15.0,1.0,done,53
234,22,0,5.0,1.0,done,120
234,23,0,10.0,1.0,done,37
234,24,0,5.0,1.0,done,123
234,25,0,15.0,1.0,done,233
234,26,0,5.0,1.0,done,102
234,27,0,15.0,1.0,done,60
234,28,0,10.0,1.0,done,83
234,29,0,10.0,1.0,done,142
234,30,15.0,15.0,0.0,pending,
234,31,0,5.0,1.0,done,156
234,32,0,10.0,1.0,done,180
234,33,0,10.0,1.0,done,144
234,34,0,10.0,1.0,done,46
234,35,0,15.0,1.0,done,223
234,36,0,15.0,1.0,done,123
234,37,0,5.0,1.0,done,66
234,38,0,15.0,1.0,done,191
234,39,0,10.0,1.0,done,28
234,40,0,10.0,1.0,done,89
234,41,0,15.0,1.0,done,229
234,42,10.0,10.0,0.0,pending,
234,43,0,5.0,1.0,done,94
234,44,0,15.0,1.0,done,18
234,45,0,5.0,1.0,done,110
234,46,0,5.0,1.0,done,31
234,47,0,15.0,1.0,done,69
234,48,0,10.0,1.0,done,135
235,0,0,10.0,1.0,done,25
235,1,10.0,10.0,0.0,pending,
235,2,0,5.0,1.0,done,21
235,3,0,10.0,1.0,done,65
235,4,15.0,15.0,0.0,pending,
235,5,0,10.0,1.0,done,203
235,6,0,10.0,1.0,done,205
235,7,0,10.0,1.0,done,198
235,8,0,10.0,1.0,done,47
235,9,0,10.0,1.0,done,125
235,10,0,15.0,1.0,done,168
235,11,0,5.0,1.0,done,51
235,12,0,15.0,1.0,done,17
235,13,5.0,5.0,0.0,pending,
235,14,10.0,10.0,0.0,pending,
235,15,0,5.0,1.0,done,30
235,16,0,5.0,1.0,done,188
235,17,0,15.0,1.0,done,43
235,18,10.0,10.0,0.0,pending,
235,19,0,15.0,1.0,done,135
235,20,0,15.0,1.0,done,52
235,21,0,15.0,1.0,done,53
235,22,0,5.0,1.0,done,120
235,23,0,10.0,1.0,done,37
235,24,0,5.0,1.0,done,123
235,25,0,15.0,1.0,done,233
235,26,0,5.0,1.0,done,102
235,27,0,15.0,1.0,done,60
235,28,0,10.0,1.0,done,83
235,29,0,10.0,1.0,done,142
235,30,15.0,15.0,0.0,pending,
235,31,0,5.0,1.0,done,156
235,32,0,10.0,1.0,done,180
235,33,0,10.0,1.0,done,144
235,34,0,10.0,1.0,done,46
235,35,0,15.0,1.0,done,223
235,36,0,15.0,1.0,done,123
235,37,0,5.0,1.0,done,66
235,38,0,15.0,1.0,done,191
235,39,0,10.0,1.0,done,28
235,40,0,10.0,1.0,done,89
235,41,0,15.0,1.0,done,229
235,42,10.0,10.0,0.0,pending,
235,43,0,5.0,1.0,done,94
235,44,0,15.0,1.0,done,18
235,45,0,5.0,1.0,done,110
235,46,0,5.0,1.0,done,31
235,47,0,15.0,1.0,done,69
235,48,0,10.0,1.0,done,135
236,0,0,10.0,1.0,done,25
236,1,10.0,10.0,0.0,pending,
236,2,0,5.0,1.0,done,21
236,3,0,10.0,1.0,done,65
236,4,15.0,15.0,0.0,pending,
236,5,0,10.0,1.0,done,203
236,6,0,10.0,1.0,done,205
236,7,0,10.0,1.0,done,198
236,8,0,10.0,1.0,done,47
236,9,0,10.0,1.0,done,125
236,10,0,15.0,1.0,done,168
236,11,0,5.0,1.0,done,51
236,12,0,15.0,1.0,done,17
236,13,5.0,5.0,0.0,pending,
236,14,10.0,10.0,0.0,pending,
236,15,0,5.0,1.0,done,30
236,16,0,5.0,1.0,done,188
236,17,0,15.0,1.0,done,43
236,18,10.0,10.0,0.0,pending,
236,19,0,15.0,1.0,done,135
236,20,0,15.0,1.0,done,52
236,21,0,15.0,1.0,done,53
236,22,0,5.0,1.0,done,120
236,23,0,10.0,1.0,done,37
236,24,0,5.0,1.0,done,123
236,25,0,15.0,1.0,done,233
236,26,0,5.0,1.0,done,102
236,27,0,15.0,1.0,done,60
236,28,0,10.0,1.0,done,83
236,29,0,10.0,1.0,done,142
236,30,15.0,15.0,0.0,pending,
236,31,0,5.0,1.0,done,156
236,32,0,10.0,1.0,done,180
236,33,0,10.0,1.0,done,144
236,34,0,10.0,1.0,done,46
236,35,0,15.0,1.0,done,223
236,36,0,15.0,1.0,done,123
236,37,0,5.0,1.0,done,66
236,38,0,15.0,1.0,done,191
236,39,0,10.0,1.0,done,28
236,40,0,10.0,1.0,done,89
236,41,0,15.0,1.0,done,229
236,42,10.0,10.0,0.0,pending,
236,43,0,5.0,1.0,done,94
236,44,0,15.0,1.0,done,18
236,45,0,5.0,1.0,done,110
236,46,0,5.0,1.0,done,31
236,47,0,15.0,1.0,done,69
236,48,0,10.0,1.0,done,135
237,0,0,10.0,1.0,done,25
237,1,10.0,10.0,0.0,pending,
237,2,0,5.0,1.0,done,21
237,3,0,10.0,1.0,done,65
237,4,15.0,15.0,0.0,pending,
237,5,0,10.0,1.0,done,203
237,6,0,10.0,1.0,done,205
237,7,0,10.0,1.0,done,198
237,8,0,10.0,1.0,done,47
237,9,0,10.0,1.0,done,125
237,10,0,15.0,1.0,done,168
237,11,0,5.0,1.0,done,51
237,12,0,15.0,1.0,done,17
237,13,5.0,5.0,0.0,pending,
237,14,10.0,10.0,0.0,pending,
237,15,0,5.0,1.0,done,30
237,16,0,5.0,1.0,done,188
237,17,0,15.0,1.0,done,43
237,18,10.0,10.0,0.0,pending,
237,19,0,15.0,1.0,done,135
237,20,0,15.0,1.0,done,52
237,21,0,15.0,1.0,done,53
237,22,0,5.0,1.0,done,120
237,23,0,10.0,1.0,done,37
237,24,0,5.0,1.0,done,123
237,25,0,15.0,1.0,done,233
237,26,0,5.0,1.0,done,102
237,27,0,15.0,1.0,done,60
237,28,0,10.0,1.0,done,83
237,29,0,10.0,1.0,done,142
237,30,15.0,15.0,0.0,pending,
237,31,0,5.0,1.0,done,156
237,32,0,10.0,1.0,done,180
237,33,0,10.0,1.0,done,144
237,34,0,10.0,1.0,done,46
237,35,0,15.0,1.0,done,223
237,36,0,15.0,1.0,done,123
237,37,0,5.0,1.0,done,66
237,38,0,15.0,1.0,done,191
237,39,0,10.0,1.0,done,28
237,40,0,10.0,1.0,done,89
237,41,0,15.0,1.0,done,229
237,42,10.0,10.0,0.0,pending,
237,43,0,5.0,1.0,done,94
237,44,0,15.0,1.0,done,18
237,45,0,5.0,1.0,done,110
237,46,0,5.0,1.0,done,31
237,47,0,15.0,1.0,done,69
237,48,0,10.0,1.0,done,135
238,0,0,10.0,1.0,done,25
238,1,10.0,10.0,0.0,pending,
238,2,0,5.0,1.0,done,21
238,3,0,10.0,1.0,done,65
238,4,15.0,15.0,0.0,pending,
238,5,0,10.0,1.0,done,203
238,6,0,10.0,1.0,done,205
238,7,0,10.0,1.0,done,198
238,8,0,10.0,1.0,done,47
238,9,0,10.0,1.0,done,125
238,10,0,15.0,1.0,done,168
238,11,0,5.0,1.0,done,51
238,12,0,15.0,1.0,done,17
238,13,5.0,5.0,0.0,pending,
238,14,10.0,10.0,0.0,pending,
238,15,0,5.0,1.0,done,30
238,16,0,5.0,1.0,done,188
238,17,0,15.0,1.0,done,43
238,18,10.0,10.0,0.0,pending,
238,19,0,15.0,1.0,done,135
238,20,0,15.0,1.0,done,52
238,21,0,15.0,1.0,done,53
238,22,0,5.0,1.0,done,120
238,23,0,10.0,1.0,done,37
238,24,0,5.0,1.0,done,123
238,25,0,15.0,1.0,done,233
238,26,0,5.0,1.0,done,102
238,27,0,15.0,1.0,done,60
238,28,0,10.0,1.0,done,83
238,29,0,10.0,1.0,done,142
238,30,15.0,15.0,0.0,pending,
238,31,0,5.0,1.0,done,156
238,32,0,10.0,1.0,done,180
238,33,0,10.0,1.0,done,144
238,34,0,10.0,1.0,done,46
238,35,0,15.0,1.0,done,223
238,36,0,15.0,1.0,done,123
238,37,0,5.0,1.0,done,66
238,38,0,15.0,1.0,done,191
238,39,0,10.0,1.0,done,28
238,40,0,10.0,1.0,done,89
238,41,0,15.0,1.0,done,229
238,42,10.0,10.0,0.0,pending,
238,43,0,5.0,1.0,done,94
238,44,0,15.0,1.0,done,18
238,45,0,5.0,1.0,done,110
238,46,0,5.0,1.0,done,31
238,47,0,15.0,1.0,done,69
238,48,0,10.0,1.0,done,135
239,0,0,10.0,1.0,done,25
239,1,10.0,10.0,0.0,pending,
239,2,0,5.0,1.0,done,21
239,3,0,10.0,1.0,done,65
239,4,15.0,15.0,0.0,pending,
239,5,0,10.0,1.0,done,203
239,6,0,10.0,1.0,done,205
239,7,0,10.0,1.0,done,198
239,8,0,10.0,1.0,done,47
239,9,0,10.0,1.0,done,125
239,10,0,15.0,1.0,done,168
239,11,0,5.0,1.0,done,51
239,12,0,15.0,1.0,done,17
239,13,5.0,5.0,0.0,pending,
239,14,10.0,10.0,0.0,pending,
239,15,0,5.0,1.0,done,30
239,16,0,5.0,1.0,done,188
239,17,0,15.0,1.0,done,43
239,18,10.0,10.0,0.0,pending,
239,19,0,15.0,1.0,done,135
239,20,0,15.0,1.0,done,52
239,21,0,15.0,1.0,done,53
239,22,0,5.0,1.0,done,120
239,23,0,10.0,1.0,done,37
239,24,0,5.0,1.0,done,123
239,25,0,15.0,1.0,done,233
239,26,0,5.0,1.0,done,102
239,27,0,15.0,1.0,done,60
239,28,0,10.0,1.0,done,83
239,29,0,10.0,1.0,done,142
239,30,15.0,15.0,0.0,pending,
239,31,0,5.0,1.0,done,156
239,32,0,10.0,1.0,done,180
239,33,0,10.0,1.0,done,144
239,34,0,10.0,1.0,done,46
239,35,0,15.0,1.0,done,223
239,36,0,15.0,1.0,done,123
239,37,0,5.0,1.0,done,66
239,38,0,15.0,1.0,done,191
239,39,0,10.0,1.0,done,28
239,40,0,10.0,1.0,done,89
239,41,0,15.0,1.0,done,229
239,42,10.0,10.0,0.0,pending,
239,43,0,5.0,1.0,done,94
239,44,0,15.0,1.0,done,18
239,45,0,5.0,1.0,done,110
239,46,0,5.0,1.0,done,31
239,47,0,15.0,1.0,done,69
239,48,0,10.0,1.0,done,135
240,0,0,10.0,1.0,done,25
240,1,10.0,10.0,0.0,pending,
240,2,0,5.0,1.0,done,21
240,3,0,10.0,1.0,done,65
240,4,15.0,15.0,0.0,pending,
240,5,0,10.0,1.0,done,203
240,6,0,10.0,1.0,done,205
240,7,0,10.0,1.0,done,198
240,8,0,10.0,1.0,done,47
240,9,0,10.0,1.0,done,125
240,10,0,15.0,1.0,done,168
240,11,0,5.0,1.0,done,51
240,12,0,15.0,1.0,done,17
240,13,5.0,5.0,0.0,pending,
240,14,10.0,10.0,0.0,pending,
240,15,0,5.0,1.0,done,30
240,16,0,5.0,1.0,done,188
240,17,0,15.0,1.0,done,43
240,18,10.0,10.0,0.0,pending,
240,19,0,15.0,1.0,done,135
240,20,0,15.0,1.0,done,52
240,21,0,15.0,1.0,done,53
240,22,0,5.0,1.0,done,120
240,23,0,10.0,1.0,done,37
240,24,0,5.0,1.0,done,123
240,25,0,15.0,1.0,done,233
240,26,0,5.0,1.0,done,102
240,27,0,15.0,1.0,done,60
240,28,0,10.0,1.0,done,83
240,29,0,10.0,1.0,done,142
240,30,15.0,15.0,0.0,pending,
240,31,0,5.0,1.0,done,156
240,32,0,10.0,1.0,done,180
240,33,0,10.0,1.0,done,144
240,34,0,10.0,1.0,done,46
240,35,0,15.0,1.0,done,223
240,36,0,15.0,1.0,done,123
240,37,0,5.0,1.0,done,66
240,38,0,15.0,1.0,done,191
240,39,0,10.0,1.0,done,28
240,40,0,10.0,1.0,done,89
240,41,0,15.0,1.0,done,229
240,42,10.0,10.0,0.0,pending,
240,43,0,5.0,1.0,done,94
240,44,0,15.0,1.0,done,18
240,45,0,5.0,1.0,done,110
240,46,0,5.0,1.0,done,31
240,47,0,15.0,1.0,done,69
240,48,0,10.0,1.0,done,135
241,0,0,10.0,1.0,done,25
241,1,10.0,10.0,0.0,pending,
241,2,0,5.0,1.0,done,21
241,3,0,10.0,1.0,done,65
241,4,15.0,15.0,0.0,pending,
241,5,0,10.0,1.0,done,203
241,6,0,10.0,1.0,done,205
241,7,0,10.0,1.0,done,198
241,8,0,10.0,1.0,done,47
241,9,0,10.0,1.0,done,125
241,10,0,15.0,1.0,done,168
241,11,0,5.0,1.0,done,51
241,12,0,15.0,1.0,done,17
241,13,5.0,5.0,0.0,pending,
241,14,10.0,10.0,0.0,pending,
241,15,0,5.0,1.0,done,30
241,16,0,5.0,1.0,done,188
241,17,0,15.0,1.0,done,43
241,18,10.0,10.0,0.0,pending,
241,19,0,15.0,1.0,done,135
241,20,0,15.0,1.0,done,52
241,21,0,15.0,1.0,done,53
241,22,0,5.0,1.0,done,120
241,23,0,10.0,1.0,done,37
241,24,0,5.0,1.0,done,123
241,25,0,15.0,1.0,done,233
241,26,0,5.0,1.0,done,102
241,27,0,15.0,1.0,done,60
241,28,0,10.0,1.0,done,83
241,29,0,10.0,1.0,done,142
241,30,15.0,15.0,0.0,pending,
241,31,0,5.0,1.0,done,156
241,32,0,10.0,1.0,done,180
241,33,0,10.0,1.0,done,144
241,34,0,10.0,1.0,done,46
241,35,0,15.0,1.0,done,223
241,36,0,15.0,1.0,done,123
241,37,0,5.0,1.0,done,66
241,38,0,15.0,1.0,done,191
241,39,0,10.0,1.0,done,28
241,40,0,10.0,1.0,done,89
241,41,0,15.0,1.0,done,229
241,42,10.0,10.0,0.0,pending,
241,43,0,5.0,1.0,done,94
241,44,0,15.0,1.0,done,18
241,45,0,5.0,1.0,done,110
241,46,0,5.0,1.0,done,31
241,47,0,15.0,1.0,done,69
241,48,0,10.0,1.0,done,135
242,0,0,10.0,1.0,done,25
242,1,10.0,10.0,0.0,pending,
242,2,0,5.0,1.0,done,21
242,3,0,10.0,1.0,done,65
242,4,15.0,15.0,0.0,pending,
242,5,0,10.0,1.0,done,203
242,6,0,10.0,1.0,done,205
242,7,0,10.0,1.0,done,198
242,8,0,10.0,1.0,done,47
242,9,0,10.0,1.0,done,125
242,10,0,15.0,1.0,done,168
242,11,0,5.0,1.0,done,51
242,12,0,15.0,1.0,done,17
242,13,5.0,5.0,0.0,pending,
242,14,10.0,10.0,0.0,pending,
242,15,0,5.0,1.0,done,30
242,16,0,5.0,1.0,done,188
242,17,0,15.0,1.0,done,43
242,18,10.0,10.0,0.0,pending,
242,19,0,15.0,1.0,done,135
242,20,0,15.0,1.0,done,52
242,21,0,15.0,1.0,done,53
242,22,0,5.0,1.0,done,120
242,23,0,10.0,1.0,done,37
242,24,0,5.0,1.0,done,123
242,25,0,15.0,1.0,done,233
242,26,0,5.0,1.0,done,102
242,27,0,15.0,1.0,done,60
242,28,0,10.0,1.0,done,83
242,29,0,10.0,1.0,done,142
242,30,15.0,15.0,0.0,pending,
242,31,0,5.0,1.0,done,156
242,32,0,10.0,1.0,done,180
242,33,0,10.0,1.0,done,144
242,34,0,10.0,1.0,done,46
242,35,0,15.0,1.0,done,223
242,36,0,15.0,1.0,done,123
242,37,0,5.0,1.0,done,66
242,38,0,15.0,1.0,done,191
242,39,0,10.0,1.0,done,28
242,40,0,10.0,1.0,done,89
242,41,0,15.0,1.0,done,229
242,42,10.0,10.0,0.0,pending,
242,43,0,5.0,1.0,done,94
242,44,0,15.0,1.0,done,18
242,45,0,5.0,1.0,done,110
242,46,0,5.0,1.0,done,31
242,47,0,15.0,1.0,done,69
242,48,0,10.0,1.0,done,135
243,0,0,10.0,1.0,done,25
243,1,10.0,10.0,0.0,pending,
243,2,0,5.0,1.0,done,21
243,3,0,10.0,1.0,done,65
243,4,15.0,15.0,0.0,pending,
243,5,0,10.0,1.0,done,203
243,6,0,10.0,1.0,done,205
243,7,0,10.0,1.0,done,198
243,8,0,10.0,1.0,done,47
243,9,0,10.0,1.0,done,125
243,10,0,15.0,1.0,done,168
243,11,0,5.0,1.0,done,51
243,12,0,15.0,1.0,done,17
243,13,5.0,5.0,0.0,pending,
243,14,10.0,10.0,0.0,pending,
243,15,0,5.0,1.0,done,30
243,16,0,5.0,1.0,done,188
243,17,0,15.0,1.0,done,43
243,18,10.0,10.0,0.0,pending,
243,19,0,15.0,1.0,done,135
243,20,0,15.0,1.0,done,52
243,21,0,15.0,1.0,done,53
243,22,0,5.0,1.0,done,120
243,23,0,10.0,1.0,done,37
243,24,0,5.0,1.0,done,123
243,25,0,15.0,1.0,done,233
243,26,0,5.0,1.0,done,102
243,27,0,15.0,1.0,done,60
243,28,0,10.0,1.0,done,83
243,29,0,10.0,1.0,done,142
243,30,15.0,15.0,0.0,pending,
243,31,0,5.0,1.0,done,156
243,32,0,10.0,1.0,done,180
243,33,0,10.0,1.0,done,144
243,34,0,10.0,1.0,done,46
243,35,0,15.0,1.0,done,223
243,36,0,15.0,1.0,done,123
243,37,0,5.0,1.0,done,66
243,38,0,15.0,1.0,done,191
243,39,0,10.0,1.0,done,28
243,40,0,10.0,1.0,done,89
243,41,0,15.0,1.0,done,229
243,42,10.0,10.0,0.0,pending,
243,43,0,5.0,1.0,done,94
243,44,0,15.0,1.0,done,18
243,45,0,5.0,1.0,done,110
243,46,0,5.0,1.0,done,31
243,47,0,15.0,1.0,done,69
243,48,0,10.0,1.0,done,135
244,0,0,10.0,1.0,done,25
244,1,10.0,10.0,0.0,pending,
244,2,0,5.0,1.0,done,21
244,3,0,10.0,1.0,done,65
244,4,15.0,15.0,0.0,pending,
244,5,0,10.0,1.0,done,203
244,6,0,10.0,1.0,done,205
244,7,0,10.0,1.0,done,198
244,8,0,10.0,1.0,done,47
244,9,0,10.0,1.0,done,125
244,10,0,15.0,1.0,done,168
244,11,0,5.0,1.0,done,51
244,12,0,15.0,1.0,done,17
244,13,5.0,5.0,0.0,pending,
244,14,10.0,10.0,0.0,pending,
244,15,0,5.0,1.0,done,30
244,16,0,5.0,1.0,done,188
244,17,0,15.0,1.0,done,43
244,18,10.0,10.0,0.0,pending,
244,19,0,15.0,1.0,done,135
244,20,0,15.0,1.0,done,52
244,21,0,15.0,1.0,done,53
244,22,0,5.0,1.0,done,120
244,23,0,10.0,1.0,done,37
244,24,0,5.0,1.0,done,123
244,25,0,15.0,1.0,done,233
244,26,0,5.0,1.0,done,102
244,27,0,15.0,1.0,done,60
244,28,0,10.0,1.0,done,83
244,29,0,10.0,1.0,done,142
244,30,15.0,15.0,0.0,pending,
244,31,0,5.0,1.0,done,156
244,32,0,10.0,1.0,done,180
244,33,0,10.0,1.0,done,144
244,34,0,10.0,1.0,done,46
244,35,0,15.0,1.0,done,223
244,36,0,15.0,1.0,done,123
244,37,0,5.0,1.0,done,66
244,38,0,15.0,1.0,done,191
244,39,0,10.0,1.0,done,28
244,40,0,10.0,1.0,done,89
244,41,0,15.0,1.0,done,229
244,42,10.0,10.0,0.0,pending,
244,43,0,5.0,1.0,done,94
244,44,0,15.0,1.0,done,18
244,45,0,5.0,1.0,done,110
244,46,0,5.0,1.0,done,31
244,47,0,15.0,1.0,done,69
244,48,0,10.0,1.0,done,135
245,0,0,10.0,1.0,done,25
245,1,10.0,10.0,0.0,pending,
245,2,0,5.0,1.0,done,21
245,3,0,10.0,1.0,done,65
245,4,15.0,15.0,0.0,pending,
245,5,0,10.0,1.0,done,203
245,6,0,10.0,1.0,done,205
245,7,0,10.0,1.0,done,198
245,8,0,10.0,1.0,done,47
245,9,0,10.0,1.0,done,125
245,10,0,15.0,1.0,done,168
245,11,0,5.0,1.0,done,51
245,12,0,15.0,1.0,done,17
245,13,5.0,5.0,0.0,pending,
245,14,10.0,10.0,0.0,pending,
245,15,0,5.0,1.0,done,30
245,16,0,5.0,1.0,done,188
245,17,0,15.0,1.0,done,43
245,18,10.0,10.0,0.0,pending,
245,19,0,15.0,1.0,done,135
245,20,0,15.0,1.0,done,52
245,21,0,15.0,1.0,done,53
245,22,0,5.0,1.0,done,120
245,23,0,10.0,1.0,done,37
245,24,0,5.0,1.0,done,123
245,25,0,15.0,1.0,done,233
245,26,0,5.0,1.0,done,102
245,27,0,15.0,1.0,done,60
245,28,0,10.0,1.0,done,83
245,29,0,10.0,1.0,done,142
245,30,15.0,15.0,0.0,pending,
245,31,0,5.0,1.0,done,156
245,32,0,10.0,1.0,done,180
245,33,0,10.0,1.0,done,144
245,34,0,10.0,1.0,done,46
245,35,0,15.0,1.0,done,223
245,36,0,15.0,1.0,done,123
245,37,0,5.0,1.0,done,66
245,38,0,15.0,1.0,done,191
245,39,0,10.0,1.0,done,28
245,40,0,10.0,1.0,done,89
245,41,0,15.0,1.0,done,229
245,42,10.0,10.0,0.0,pending,
245,43,0,5.0,1.0,done,94
245,44,0,15.0,1.0,done,18
245,45,0,5.0,1.0,done,110
245,46,0,5.0,1.0,done,31
245,47,0,15.0,1.0,done,69
245,48,0,10.0,1.0,done,135
246,0,0,10.0,1.0,done,25
246,1,10.0,10.0,0.0,pending,
246,2,0,5.0,1.0,done,21
246,3,0,10.0,1.0,done,65
246,4,15.0,15.0,0.0,pending,
246,5,0,10.0,1.0,done,203
246,6,0,10.0,1.0,done,205
246,7,0,10.0,1.0,done,198
246,8,0,10.0,1.0,done,47
246,9,0,10.0,1.0,done,125
246,10,0,15.0,1.0,done,168
246,11,0,5.0,1.0,done,51
246,12,0,15.0,1.0,done,17
246,13,5.0,5.0,0.0,pending,
246,14,10.0,10.0,0.0,pending,
246,15,0,5.0,1.0,done,30
246,16,0,5.0,1.0,done,188
246,17,0,15.0,1.0,done,43
246,18,10.0,10.0,0.0,pending,
246,19,0,15.0,1.0,done,135
246,20,0,15.0,1.0,done,52
246,21,0,15.0,1.0,done,53
246,22,0,5.0,1.0,done,120
246,23,0,10.0,1.0,done,37
246,24,0,5.0,1.0,done,123
246,25,0,15.0,1.0,done,233
246,26,0,5.0,1.0,done,102
246,27,0,15.0,1.0,done,60
246,28,0,10.0,1.0,done,83
246,29,0,10.0,1.0,done,142
246,30,15.0,15.0,0.0,pending,
246,31,0,5.0,1.0,done,156
246,32,0,10.0,1.0,done,180
246,33,0,10.0,1.0,done,144
246,34,0,10.0,1.0,done,46
246,35,0,15.0,1.0,done,223
246,36,0,15.0,1.0,done,123
246,37,0,5.0,1.0,done,66
246,38,0,15.0,1.0,done,191
246,39,0,10.0,1.0,done,28
246,40,0,10.0,1.0,done,89
246,41,0,15.0,1.0,done,229
246,42,10.0,10.0,0.0,pending,
246,43,0,5.0,1.0,done,94
246,44,0,15.0,1.0,done,18
246,45,0,5.0,1.0,done,110
246,46,0,5.0,1.0,done,31
246,47,0,15.0,1.0,done,69
246,48,0,10.0,1.0,done,135
247,0,0,10.0,1.0,done,25
247,1,10.0,10.0,0.0,pending,
247,2,0,5.0,1.0,done,21
247,3,0,10.0,1.0,done,65
247,4,15.0,15.0,0.0,pending,
247,5,0,10.0,1.0,done,203
247,6,0,10.0,1.0,done,205
247,7,0,10.0,1.0,done,198
247,8,0,10.0,1.0,done,47
247,9,0,10.0,1.0,done,125
247,10,0,15.0,1.0,done,168
247,11,0,5.0,1.0,done,51
247,12,0,15.0,1.0,done,17
247,13,5.0,5.0,0.0,pending,
247,14,10.0,10.0,0.0,pending,
247,15,0,5.0,1.0,done,30
247,16,0,5.0,1.0,done,188
247,17,0,15.0,1.0,done,43
247,18,10.0,10.0,0.0,pending,
247,19,0,15.0,1.0,done,135
247,20,0,15.0,1.0,done,52
247,21,0,15.0,1.0,done,53
247,22,0,5.0,1.0,done,120
247,23,0,10.0,1.0,done,37
247,24,0,5.0,1.0,done,123
247,25,0,15.0,1.0,done,233
247,26,0,5.0,1.0,done,102
247,27,0,15.0,1.0,done,60
247,28,0,10.0,1.0,done,83
247,29,0,10.0,1.0,done,142
247,30,15.0,15.0,0.0,pending,
247,31,0,5.0,1.0,done,156
247,32,0,10.0,1.0,done,180
247,33,0,10.0,1.0,done,144
247,34,0,10.0,1.0,done,46
247,35,0,15.0,1.0,done,223
247,36,0,15.0,1.0,done,123
247,37,0,5.0,1.0,done,66
247,38,0,15.0,1.0,done,191
247,39,0,10.0,1.0,done,28
247,40,0,10.0,1.0,done,89
247,41,0,15.0,1.0,done,229
247,42,10.0,10.0,0.0,pending,
247,43,0,5.0,1.0,done,94
247,44,0,15.0,1.0,done,18
247,45,0,5.0,1.0,done,110
247,46,0,5.0,1.0,done,31
247,47,0,15.0,1.0,done,69
247,48,0,10.0,1.0,done,135
248,0,0,10.0,1.0,done,25
248,1,10.0,10.0,0.0,pending,
248,2,0,5.0,1.0,done,21
248,3,0,10.0,1.0,done,65
248,4,15.0,15.0,0.0,pending,
248,5,0,10.0,1.0,done,203
248,6,0,10.0,1.0,done,205
248,7,0,10.0,1.0,done,198
248,8,0,10.0,1.0,done,47
248,9,0,10.0,1.0,done,125
248,10,0,15.0,1.0,done,168
248,11,0,5.0,1.0,done,51
248,12,0,15.0,1.0,done,17
248,13,5.0,5.0,0.0,pending,
248,14,10.0,10.0,0.0,pending,
248,15,0,5.0,1.0,done,30
248,16,0,5.0,1.0,done,188
248,17,0,15.0,1.0,done,43
248,18,10.0,10.0,0.0,pending,
248,19,0,15.0,1.0,done,135
248,20,0,15.0,1.0,done,52
248,21,0,15.0,1.0,done,53
248,22,0,5.0,1.0,done,120
248,23,0,10.0,1.0,done,37
248,24,0,5.0,1.0,done,123
248,25,0,15.0,1.0,done,233
248,26,0,5.0,1.0,done,102
248,27,0,15.0,1.0,done,60
248,28,0,10.0,1.0,done,83
248,29,0,10.0,1.0,done,142
248,30,15.0,15.0,0.0,pending,
248,31,0,5.0,1.0,done,156
248,32,0,10.0,1.0,done,180
248,33,0,10.0,1.0,done,144
248,34,0,10.0,1.0,done,46
248,35,0,15.0,1.0,done,223
248,36,0,15.0,1.0,done,123
248,37,0,5.0,1.0,done,66
248,38,0,15.0,1.0,done,191
248,39,0,10.0,1.0,done,28
248,40,0,10.0,1.0,done,89
248,41,0,15.0,1.0,done,229
248,42,10.0,10.0,0.0,pending,
248,43,0,5.0,1.0,done,94
248,44,0,15.0,1.0,done,18
248,45,0,5.0,1.0,done,110
248,46,0,5.0,1.0,done,31
248,47,0,15.0,1.0,done,69
248,48,0,10.0,1.0,done,135
249,0,0,10.0,1.0,done,25
249,1,10.0,10.0,0.0,pending,
249,2,0,5.0,1.0,done,21
249,3,0,10.0,1.0,done,65
249,4,15.0,15.0,0.0,pending,
249,5,0,10.0,1.0,done,203
249,6,0,10.0,1.0,done,205
249,7,0,10.0,1.0,done,198
249,8,0,10.0,1.0,done,47
249,9,0,10.0,1.0,done,125
249,10,0,15.0,1.0,done,168
249,11,0,5.0,1.0,done,51
249,12,0,15.0,1.0,done,17
249,13,5.0,5.0,0.0,pending,
249,14,10.0,10.0,0.0,pending,
249,15,0,5.0,1.0,done,30
249,16,0,5.0,1.0,done,188
249,17,0,15.0,1.0,done,43
249,18,10.0,10.0,0.0,pending,
249,19,0,15.0,1.0,done,135
249,20,0,15.0,1.0,done,52
249,21,0,15.0,1.0,done,53
249,22,0,5.0,1.0,done,120
249,23,0,10.0,1.0,done,37
249,24,0,5.0,1.0,done,123
249,25,0,15.0,1.0,done,233
249,26,0,5.0,1.0,done,102
249,27,0,15.0,1.0,done,60
249,28,0,10.0,1.0,done,83
249,29,0,10.0,1.0,done,142
249,30,15.0,15.0,0.0,pending,
249,31,0,5.0,1.0,done,156
249,32,0,10.0,1.0,done,180
249,33,0,10.0,1.0,done,144
249,34,0,10.0,1.0,done,46
249,35,0,15.0,1.0,done,223
249,36,0,15.0,1.0,done,123
249,37,0,5.0,1.0,done,66
249,38,0,15.0,1.0,done,191
249,39,0,10.0,1.0,done,28
249,40,0,10.0,1.0,done,89
249,41,0,15.0,1.0,done,229
249,42,10.0,10.0,0.0,pending,
249,43,0,5.0,1.0,done,94
249,44,0,15.0,1.0,done,18
249,45,0,5.0,1.0,done,110
249,46,0,5.0,1.0,done,31
249,47,0,15.0,1.0,done,69
249,48,0,10.0,1.0,done,135
250,0,0,10.0,1.0,done,25
250,1,10.0,10.0,0.0,pending,
250,2,0,5.0,1.0,done,21
250,3,0,10.0,1.0,done,65
250,4,15.0,15.0,0.0,pending,
250,5,0,10.0,1.0,done,203
250,6,0,10.0,1.0,done,205
250,7,0,10.0,1.0,done,198
250,8,0,10.0,1.0,done,47
250,9,0,10.0,1.0,done,125
250,10,0,15.0,1.0,done,168
250,11,0,5.0,1.0,done,51
250,12,0,15.0,1.0,done,17
250,13,5.0,5.0,0.0,pending,
250,14,10.0,10.0,0.0,pending,
250,15,0,5.0,1.0,done,30
250,16,0,5.0,1.0,done,188
250,17,0,15.0,1.0,done,43
250,18,10.0,10.0,0.0,pending,
250,19,0,15.0,1.0,done,135
250,20,0,15.0,1.0,done,52
250,21,0,15.0,1.0,done,53
250,22,0,5.0,1.0,done,120
250,23,0,10.0,1.0,done,37
250,24,0,5.0,1.0,done,123
250,25,0,15.0,1.0,done,233
250,26,0,5.0,1.0,done,102
250,27,0,15.0,1.0,done,60
250,28,0,10.0,1.0,done,83
250,29,0,10.0,1.0,done,142
250,30,15.0,15.0,0.0,pending,
250,31,0,5.0,1.0,done,156
250,32,0,10.0,1.0,done,180
250,33,0,10.0,1.0,done,144
250,34,0,10.0,1.0,done,46
250,35,0,15.0,1.0,done,223
250,36,0,15.0,1.0,done,123
250,37,0,5.0,1.0,done,66
250,38,0,15.0,1.0,done,191
250,39,0,10.0,1.0,done,28
250,40,0,10.0,1.0,done,89
250,41,0,15.0,1.0,done,229
250,42,10.0,10.0,0.0,pending,
250,43,0,5.0,1.0,done,94
250,44,0,15.0,1.0,done,18
250,45,0,5.0,1.0,done,110
250,46,0,5.0,1.0,done,31
250,47,0,15.0,1.0,done,69
250,48,0,10.0,1.0,done,135
251,0,0,10.0,1.0,done,25
251,1,10.0,10.0,0.0,pending,
251,2,0,5.0,1.0,done,21
251,3,0,10.0,1.0,done,65
251,4,15.0,15.0,0.0,pending,
251,5,0,10.0,1.0,done,203
251,6,0,10.0,1.0,done,205
251,7,0,10.0,1.0,done,198
251,8,0,10.0,1.0,done,47
251,9,0,10.0,1.0,done,125
251,10,0,15.0,1.0,done,168
251,11,0,5.0,1.0,done,51
251,12,0,15.0,1.0,done,17
251,13,5.0,5.0,0.0,pending,
251,14,10.0,10.0,0.0,pending,
251,15,0,5.0,1.0,done,30
251,16,0,5.0,1.0,done,188
251,17,0,15.0,1.0,done,43
251,18,10.0,10.0,0.0,pending,
251,19,0,15.0,1.0,done,135
251,20,0,15.0,1.0,done,52
251,21,0,15.0,1.0,done,53
251,22,0,5.0,1.0,done,120
251,23,0,10.0,1.0,done,37
251,24,0,5.0,1.0,done,123
251,25,0,15.0,1.0,done,233
251,26,0,5.0,1.0,done,102
251,27,0,15.0,1.0,done,60
251,28,0,10.0,1.0,done,83
251,29,0,10.0,1.0,done,142
251,30,15.0,15.0,0.0,pending,
251,31,0,5.0,1.0,done,156
251,32,0,10.0,1.0,done,180
251,33,0,10.0,1.0,done,144
251,34,0,10.0,1.0,done,46
251,35,0,15.0,1.0,done,223
251,36,0,15.0,1.0,done,123
251,37,0,5.0,1.0,done,66
251,38,0,15.0,1.0,done,191
251,39,0,10.0,1.0,done,28
251,40,0,10.0,1.0,done,89
251,41,0,15.0,1.0,done,229
251,42,10.0,10.0,0.0,pending,
251,43,0,5.0,1.0,done,94
251,44,0,15.0,1.0,done,18
251,45,0,5.0,1.0,done,110
251,46,0,5.0,1.0,done,31
251,47,0,15.0,1.0,done,69
251,48,0,10.0,1.0,done,135
252,0,0,10.0,1.0,done,25
252,1,10.0,10.0,0.0,pending,
252,2,0,5.0,1.0,done,21
252,3,0,10.0,1.0,done,65
252,4,15.0,15.0,0.0,pending,
252,5,0,10.0,1.0,done,203
252,6,0,10.0,1.0,done,205
252,7,0,10.0,1.0,done,198
252,8,0,10.0,1.0,done,47
252,9,0,10.0,1.0,done,125
252,10,0,15.0,1.0,done,168
252,11,0,5.0,1.0,done,51
252,12,0,15.0,1.0,done,17
252,13,5.0,5.0,0.0,pending,
252,14,10.0,10.0,0.0,pending,
252,15,0,5.0,1.0,done,30
252,16,0,5.0,1.0,done,188
252,17,0,15.0,1.0,done,43
252,18,10.0,10.0,0.0,pending,
252,19,0,15.0,1.0,done,135
252,20,0,15.0,1.0,done,52
252,21,0,15.0,1.0,done,53
252,22,0,5.0,1.0,done,120
252,23,0,10.0,1.0,done,37
252,24,0,5.0,1.0,done,123
252,25,0,15.0,1.0,done,233
252,26,0,5.0,1.0,done,102
252,27,0,15.0,1.0,done,60
252,28,0,10.0,1.0,done,83
252,29,0,10.0,1.0,done,142
252,30,15.0,15.0,0.0,pending,
252,31,0,5.0,1.0,done,156
252,32,0,10.0,1.0,done,180
252,33,0,10.0,1.0,done,144
252,34,0,10.0,1.0,done,46
252,35,0,15.0,1.0,done,223
252,36,0,15.0,1.0,done,123
252,37,0,5.0,1.0,done,66
252,38,0,15.0,1.0,done,191
252,39,0,10.0,1.0,done,28
252,40,0,10.0,1.0,done,89
252,41,0,15.0,1.0,done,229
252,42,10.0,10.0,0.0,pending,
252,43,0,5.0,1.0,done,94
252,44,0,15.0,1.0,done,18
252,45,0,5.0,1.0,done,110
252,46,0,5.0,1.0,done,31
252,47,0,15.0,1.0,done,69
252,48,0,10.0,1.0,done,135
253,0,0,10.0,1.0,done,25
253,1,10.0,10.0,0.0,pending,
253,2,0,5.0,1.0,done,21
253,3,0,10.0,1.0,done,65
253,4,15.0,15.0,0.0,pending,
253,5,0,10.0,1.0,done,203
253,6,0,10.0,1.0,done,205
253,7,0,10.0,1.0,done,198
253,8,0,10.0,1.0,done,47
253,9,0,10.0,1.0,done,125
253,10,0,15.0,1.0,done,168
253,11,0,5.0,1.0,done,51
253,12,0,15.0,1.0,done,17
253,13,5.0,5.0,0.0,pending,
253,14,10.0,10.0,0.0,pending,
253,15,0,5.0,1.0,done,30
253,16,0,5.0,1.0,done,188
253,17,0,15.0,1.0,done,43
253,18,10.0,10.0,0.0,pending,
253,19,0,15.0,1.0,done,135
253,20,0,15.0,1.0,done,52
253,21,0,15.0,1.0,done,53
253,22,0,5.0,1.0,done,120
253,23,0,10.0,1.0,done,37
253,24,0,5.0,1.0,done,123
253,25,0,15.0,1.0,done,233
253,26,0,5.0,1.0,done,102
253,27,0,15.0,1.0,done,60
253,28,0,10.0,1.0,done,83
253,29,0,10.0,1.0,done,142
253,30,15.0,15.0,0.0,pending,
253,31,0,5.0,1.0,done,156
253,32,0,10.0,1.0,done,180
253,33,0,10.0,1.0,done,144
253,34,0,10.0,1.0,done,46
253,35,0,15.0,1.0,done,223
253,36,0,15.0,1.0,done,123
253,37,0,5.0,1.0,done,66
253,38,0,15.0,1.0,done,191
253,39,0,10.0,1.0,done,28
253,40,0,10.0,1.0,done,89
253,41,0,15.0,1.0,done,229
253,42,10.0,10.0,0.0,pending,
253,43,0,5.0,1.0,done,94
253,44,0,15.0,1.0,done,18
253,45,0,5.0,1.0,done,110
253,46,0,5.0,1.0,done,31
253,47,0,15.0,1.0,done,69
253,48,0,10.0,1.0,done,135
254,0,0,10.0,1.0,done,25
254,1,10.0,10.0,0.0,pending,
254,2,0,5.0,1.0,done,21
254,3,0,10.0,1.0,done,65
254,4,15.0,15.0,0.0,pending,
254,5,0,10.0,1.0,done,203
254,6,0,10.0,1.0,done,205
254,7,0,10.0,1.0,done,198
254,8,0,10.0,1.0,done,47
254,9,0,10.0,1.0,done,125
254,10,0,15.0,1.0,done,168
254,11,0,5.0,1.0,done,51
254,12,0,15.0,1.0,done,17
254,13,5.0,5.0,0.0,pending,
254,14,10.0,10.0,0.0,pending,
254,15,0,5.0,1.0,done,30
254,16,0,5.0,1.0,done,188
254,17,0,15.0,1.0,done,43
254,18,10.0,10.0,0.0,pending,
254,19,0,15.0,1.0,done,135
254,20,0,15.0,1.0,done,52
254,21,0,15.0,1.0,done,53
254,22,0,5.0,1.0,done,120
254,23,0,10.0,1.0,done,37
254,24,0,5.0,1.0,done,123
254,25,0,15.0,1.0,done,233
254,26,0,5.0,1.0,done,102
254,27,0,15.0,1.0,done,60
254,28,0,10.0,1.0,done,83
254,29,0,10.0,1.0,done,142
254,30,15.0,15.0,0.0,pending,
254,31,0,5.0,1.0,done,156
254,32,0,10.0,1.0,done,180
254,33,0,10.0,1.0,done,144
254,34,0,10.0,1.0,done,46
254,35,0,15.0,1.0,done,223
254,36,0,15.0,1.0,done,123
254,37,0,5.0,1.0,done,66
254,38,0,15.0,1.0,done,191
254,39,0,10.0,1.0,done,28
254,40,0,10.0,1.0,done,89
254,41,0,15.0,1.0,done,229
254,42,8.604242196102625,10.0,0.1395757803897375,in_progress,
254,43,0,5.0,1.0,done,94
254,44,0,15.0,1.0,done,18
254,45,0,5.0,1.0,done,110
254,46,0,5.0,1.0,done,31
254,47,0,15.0,1.0,done,69
254,48,0,10.0,1.0,done,135
255,0,0,10.0,1.0,done,25
255,1,10.0,10.0,0.0,pending,
255,2,0,5.0,1.0,done,21
255,3,0,10.0,1.0,done,65
255,4,15.0,15.0,0.0,pending,
255,5,0,10.0,1.0,done,203
255,6,0,10.0,1.0,done,205
255,7,0,10.0,1.0,done,198
255,8,0,10.0,1.0,done,47
255,9,0,10.0,1.0,done,125
255,10,0,15.0,1.0,done,168
255,11,0,5.0,1.0,done,51
255,12,0,15.0,1.0,done,17
255,13,5.0,5.0,0.0,pending,
255,14,10.0,10.0,0.0,pending,
255,15,0,5.0,1.0,done,30
255,16,0,5.0,1.0,done,188
255,17,0,15.0,1.0,done,43
255,18,10.0,10.0,0.0,pending,
255,19,0,15.0,1.0,done,135
255,20,0,15.0,1.0,done,52
255,21,0,15.0,1.0,done,53
255,22,0,5.0,1.0,done,120
255,23,0,10.0,1.0,done,37
255,24,0,5.0,1.0,done,123
255,25,0,15.0,1.0,done,233
255,26,0,5.0,1.0,done,102
255,27,0,15.0,1.0,done,60
255,28,0,10.0,1.0,done,83
255,29,0,10.0,1.0,done,142
255,30,15.0,15.0,0.0,pending,
255,31,0,5.0,1.0,done,156
255,32,0,10.0,1.0,done,180
255,33,0,10.0,1.0,done,144
255,34,0,10.0,1.0,done,46
255,35,0,15.0,1.0,done,223
255,36,0,15.0,1.0,done,123
255,37,0,5.0,1.0,done,66
255,38,0,15.0,1.0,done,191
255,39,0,10.0,1.0,done,28
255,40,0,10.0,1.0,done,89
255,41,0,15.0,1.0,done,229
255,42,5.604242196102625,10.0,0.4395757803897375,in_progress,
255,43,0,5.0,1.0,done,94
255,44,0,15.0,1.0,done,18
255,45,0,5.0,1.0,done,110
255,46,0,5.0,1.0,done,31
255,47,0,15.0,1.0,done,69
255,48,0,10.0,1.0,done,135
256,0,0,10.0,1.0,done,25
256,1,10.0,10.0,0.0,pending,
256,2,0,5.0,1.0,done,21
256,3,0,10.0,1.0,done,65
256,4,15.0,15.0,0.0,pending,
256,5,0,10.0,1.0,done,203
256,6,0,10.0,1.0,done,205
256,7,0,10.0,1.0,done,198
256,8,0,10.0,1.0,done,47
256,9,0,10.0,1.0,done,125
256,10,0,15.0,1.0,done,168
256,11,0,5.0,1.0,done,51
256,12,0,15.0,1.0,done,17
256,13,5.0,5.0,0.0,pending,
256,14,10.0,10.0,0.0,pending,
256,15,0,5.0,1.0,done,30
256,16,0,5.0,1.0,done,188
256,17,0,15.0,1.0,done,43
256,18,10.0,10.0,0.0,pending,
256,19,0,15.0,1.0,done,135
256,20,0,15.0,1.0,done,52
256,21,0,15.0,1.0,done,53
256,22,0,5.0,1.0,done,120
256,23,0,10.0,1.0,done,37
256,24,0,5.0,1.0,done,123
256,25,0,15.0,1.0,done,233
256,26,0,5.0,1.0,done,102
256,27,0,15.0,1.0,done,60
256,28,0,10.0,1.0,done,83
256,29,0,10.0,1.0,done,142
256,30,15.0,15.0,0.0,pending,
256,31,0,5.0,1.0,done,156
256,32,0,10.0,1.0,done,180
256,33,0,10.0,1.0,done,144
256,34,0,10.0,1.0,done,46
256,35,0,15.0,1.0,done,223
256,36,0,15.0,1.0,done,123
256,37,0,5.0,1.0,done,66
256,38,0,15.0,1.0,done,191
256,39,0,10.0,1.0,done,28
256,40,0,10.0,1.0,done,89
256,41,0,15.0,1.0,done,229
256,42,2.604242196102625,10.0,0.7395757803897375,in_progress,
256,43,0,5.0,1.0,done,94
256,44,0,15.0,1.0,done,18
256,45,0,5.0,1.0,done,110
256,46,0,5.0,1.0,done,31
256,47,0,15.0,1.0,done,69
256,48,0,10.0,1.0,done,135
257,0,0,10.0,1.0,done,25
257,1,10.0,10.0,0.0,pending,
257,2,0,5.0,1.0,done,21
257,3,0,10.0,1.0,done,65
257,4,15.0,15.0,0.0,pending,
257,5,0,10.0,1.0,done,203
257,6,0,10.0,1.0,done,205
257,7,0,10.0,1.0,done,198
257,8,0,10.0,1.0,done,47
257,9,0,10.0,1.0,done,125
257,10,0,15.0,1.0,done,168
257,11,0,5.0,1.0,done,51
257,12,0,15.0,1.0,done,17
257,13,5.0,5.0,0.0,pending,
257,14,10.0,10.0,0.0,pending,
257,15,0,5.0,1.0,done,30
257,16,0,5.0,1.0,done,188
257,17,0,15.0,1.0,done,43
257,18,10.0,10.0,0.0,pending,
257,19,0,15.0,1.0,done,135
257,20,0,15.0,1.0,done,52
257,21,0,15.0,1.0,done,53
257,22,0,5.0,1.0,done,120
257,23,0,10.0,1.0,done,37
257,24,0,5.0,1.0,done,123
257,25,0,15.0,1.0,done,233
257,26,0,5.0,1.0,done,102
257,27,0,15.0,1.0,done,60
257,28,0,10.0,1.0,done,83
257,29,0,10.0,1.0,done,142
257,30,15.0,15.0,0.0,pending,
257,31,0,5.0,1.0,done,156
257,32,0,10.0,1.0,done,180
257,33,0,10.0,1.0,done,144
257,34,0,10.0,1.0,done,46
257,35,0,15.0,1.0,done,223
257,36,0,15.0,1.0,done,123
257,37,0,5.0,1.0,done,66
257,38,0,15.0,1.0,done,191
257,39,0,10.0,1.0,done,28
257,40,0,10.0,1.0,done,89
257,41,0,15.0,1.0,done,229
257,42,0,10.0,1.0,done,257
257,43,0,5.0,1.0,done,94
257,44,0,15.0,1.0,done,18
257,45,0,5.0,1.0,done,110
257,46,0,5.0,1.0,done,31
257,47,0,15.0,1.0,done,69
257,48,0,10.0,1.0,done,135
258,0,0,10.0,1.0,done,25
258,1,10.0,10.0,0.0,pending,
258,2,0,5.0,1.0,done,21
258,3,0,10.0,1.0,done,65
258,4,15.0,15.0,0.0,pending,
258,5,0,10.0,1.0,done,203
258,6,0,10.0,1.0,done,205
258,7,0,10.0,1.0,done,198
258,8,0,10.0,1.0,done,47
258,9,0,10.0,1.0,done,125
258,10,0,15.0,1.0,done,168
258,11,0,5.0,1.0,done,51
258,12,0,15.0,1.0,done,17
258,13,5.0,5.0,0.0,pending,
258,14,10.0,10.0,0.0,pending,
258,15,0,5.0,1.0,done,30
258,16,0,5.0,1.0,done,188
258,17,0,15.0,1.0,done,43
258,18,10.0,10.0,0.0,pending,
258,19,0,15.0,1.0,done,135
258,20,0,15.0,1.0,done,52
258,21,0,15.0,1.0,done,53
258,22,0,5.0,1.0,done,120
258,23,0,10.0,1.0,done,37
258,24,0,5.0,1.0,done,123
258,25,0,15.0,1.0,done,233
258,26,0,5.0,1.0,done,102
258,27,0,15.0,1.0,done,60
258,28,0,10.0,1.0,done,83
258,29,0,10.0,1.0,done,142
258,30,15.0,15.0,0.0,pending,
258,31,0,5.0,1.0,done,156
258,32,0,10.0,1.0,done,180
258,33,0,10.0,1.0,done,144
258,34,0,10.0,1.0,done,46
258,35,0,15.0,1.0,done,223
258,36,0,15.0,1.0,done,123
258,37,0,5.0,1.0,done,66
258,38,0,15.0,1.0,done,191
258,39,0,10.0,1.0,done,28
258,40,0,10.0,1.0,done,89
258,41,0,15.0,1.0,done,229
258,42,0,10.0,1.0,done,257
258,43,0,5.0,1.0,done,94
258,44,0,15.0,1.0,done,18
258,45,0,5.0,1.0,done,110
258,46,0,5.0,1.0,done,31
258,47,0,15.0,1.0,done,69
258,48,0,10.0,1.0,done,135
259,0,0,10.0,1.0,done,25
259,1,10.0,10.0,0.0,pending,
259,2,0,5.0,1.0,done,21
259,3,0,10.0,1.0,done,65
259,4,15.0,15.0,0.0,pending,
259,5,0,10.0,1.0,done,203
259,6,0,10.0,1.0,done,205
259,7,0,10.0,1.0,done,198
259,8,0,10.0,1.0,done,47
259,9,0,10.0,1.0,done,125
259,10,0,15.0,1.0,done,168
259,11,0,5.0,1.0,done,51
259,12,0,15.0,1.0,done,17
259,13,5.0,5.0,0.0,pending,
259,14,10.0,10.0,0.0,pending,
259,15,0,5.0,1.0,done,30
259,16,0,5.0,1.0,done,188
259,17,0,15.0,1.0,done,43
259,18,10.0,10.0,0.0,pending,
259,19,0,15.0,1.0,done,135
259,20,0,15.0,1.0,done,52
259,21,0,15.0,1.0,done,53
259,22,0,5.0,1.0,done,120
259,23,0,10.0,1.0,done,37
259,24,0,5.0,1.0,done,123
259,25,0,15.0,1.0,done,233
259,26,0,5.0,1.0,done,102
259,27,0,15.0,1.0,done,60
259,28,0,10.0,1.0,done,83
259,29,0,10.0,1.0,done,142
259,30,15.0,15.0,0.0,pending,
259,31,0,5.0,1.0,done,156
259,32,0,10.0,1.0,done,180
259,33,0,10.0,1.0,done,144
259,34,0,10.0,1.0,done,46
259,35,0,15.0,1.0,done,223
259,36,0,15.0,1.0,done,123
259,37,0,5.0,1.0,done,66
259,38,0,15.0,1.0,done,191
259,39,0,10.0,1.0,done,28
259,40,0,10.0,1.0,done,89
259,41,0,15.0,1.0,done,229
259,42,0,10.0,1.0,done,257
259,43,0,5.0,1.0,done,94
259,44,0,15.0,1.0,done,18
259,45,0,5.0,1.0,done,110
259,46,0,5.0,1.0,done,31
259,47,0,15.0,1.0,done,69
259,48,0,10.0,1.0,done,135
260,0,0,10.0,1.0,done,25
260,1,10.0,10.0,0.0,pending,
260,2,0,5.0,1.0,done,21
260,3,0,10.0,1.0,done,65
260,4,15.0,15.0,0.0,pending,
260,5,0,10.0,1.0,done,203
260,6,0,10.0,1.0,done,205
260,7,0,10.0,1.0,done,198
260,8,0,10.0,1.0,done,47
260,9,0,10.0,1.0,done,125
260,10,0,15.0,1.0,done,168
260,11,0,5.0,1.0,done,51
260,12,0,15.0,1.0,done,17
260,13,5.0,5.0,0.0,pending,
260,14,10.0,10.0,0.0,pending,
260,15,0,5.0,1.0,done,30
260,16,0,5.0,1.0,done,188
260,17,0,15.0,1.0,done,43
260,18,10.0,10.0,0.0,pending,
260,19,0,15.0,1.0,done,135
260,20,0,15.0,1.0,done,52
260,21,0,15.0,1.0,done,53
260,22,0,5.0,1.0,done,120
260,23,0,10.0,1.0,done,37
260,24,0,5.0,1.0,done,123
260,25,0,15.0,1.0,done,233
260,26,0,5.0,1.0,done,102
260,27,0,15.0,1.0,done,60
260,28,0,10.0,1.0,done,83
260,29,0,10.0,1.0,done,142
260,30,15.0,15.0,0.0,pending,
260,31,0,5.0,1.0,done,156
260,32,0,10.0,1.0,done,180
260,33,0,10.0,1.0,done,144
260,34,0,10.0,1.0,done,46
260,35,0,15.0,1.0,done,223
260,36,0,15.0,1.0,done,123
260,37,0,5.0,1.0,done,66
260,38,0,15.0,1.0,done,191
260,39,0,10.0,1.0,done,28
260,40,0,10.0,1.0,done,89
260,41,0,15.0,1.0,done,229
260,42,0,10.0,1.0,done,257
260,43,0,5.0,1.0,done,94
260,44,0,15.0,1.0,done,18
260,45,0,5.0,1.0,done,110
260,46,0,5.0,1.0,done,31
260,47,0,15.0,1.0,done,69
260,48,0,10.0,1.0,done,135
261,0,0,10.0,1.0,done,25
261,1,10.0,10.0,0.0,pending,
261,2,0,5.0,1.0,done,21
261,3,0,10.0,1.0,done,65
261,4,15.0,15.0,0.0,pending,
261,5,0,10.0,1.0,done,203
261,6,0,10.0,1.0,done,205
261,7,0,10.0,1.0,done,198
261,8,0,10.0,1.0,done,47
261,9,0,10.0,1.0,done,125
261,10,0,15.0,1.0,done,168
261,11,0,5.0,1.0,done,51
261,12,0,15.0,1.0,done,17
261,13,5.0,5.0,0.0,pending,
261,14,10.0,10.0,0.0,pending,
261,15,0,5.0,1.0,done,30
261,16,0,5.0,1.0,done,188
261,17,0,15.0,1.0,done,43
261,18,10.0,10.0,0.0,pending,
261,19,0,15.0,1.0,done,135
261,20,0,15.0,1.0,done,52
261,21,0,15.0,1.0,done,53
261,22,0,5.0,1.0,done,120
261,23,0,10.0,1.0,done,37
261,24,0,5.0,1.0,done,123
261,25,0,15.0,1.0,done,233
261,26,0,5.0,1.0,done,102
261,27,0,15.0,1.0,done,60
261,28,0,10.0,1.0,done,83
261,29,0,10.0,1.0,done,142
261,30,15.0,15.0,0.0,pending,
261,31,0,5.0,1.0,done,156
261,32,0,10.0,1.0,done,180
261,33,0,10.0,1.0,done,144
261,34,0,10.0,1.0,done,46
261,35,0,15.0,1.0,done,223
261,36,0,15.0,1.0,done,123
261,37,0,5.0,1.0,done,66
261,38,0,15.0,1.0,done,191
261,39,0,10.0,1.0,done,28
261,40,0,10.0,1.0,done,89
261,41,0,15.0,1.0,done,229
261,42,0,10.0,1.0,done,257
261,43,0,5.0,1.0,done,94
261,44,0,15.0,1.0,done,18
261,45,0,5.0,1.0,done,110
261,46,0,5.0,1.0,done,31
261,47,0,15.0,1.0,done,69
261,48,0,10.0,1.0,done,135
262,0,0,10.0,1.0,done,25
262,1,10.0,10.0,0.0,pending,
262,2,0,5.0,1.0,done,21
262,3,0,10.0,1.0,done,65
262,4,15.0,15.0,0.0,pending,
262,5,0,10.0,1.0,done,203
262,6,0,10.0,1.0,done,205
262,7,0,10.0,1.0,done,198
262,8,0,10.0,1.0,done,47
262,9,0,10.0,1.0,done,125
262,10,0,15.0,1.0,done,168
262,11,0,5.0,1.0,done,51
262,12,0,15.0,1.0,done,17
262,13,5.0,5.0,0.0,pending,
262,14,10.0,10.0,0.0,pending,
262,15,0,5.0,1.0,done,30
262,16,0,5.0,1.0,done,188
262,17,0,15.0,1.0,done,43
262,18,10.0,10.0,0.0,pending,
262,19,0,15.0,1.0,done,135
262,20,0,15.0,1.0,done,52
262,21,0,15.0,1.0,done,53
262,22,0,5.0,1.0,done,120
262,23,0,10.0,1.0,done,37
262,24,0,5.0,1.0,done,123
262,25,0,15.0,1.0,done,233
262,26,0,5.0,1.0,done,102
262,27,0,15.0,1.0,done,60
262,28,0,10.0,1.0,done,83
262,29,0,10.0,1.0,done,142
262,30,15.0,15.0,0.0,pending,
262,31,0,5.0,1.0,done,156
262,32,0,10.0,1.0,done,180
262,33,0,10.0,1.0,done,144
262,34,0,10.0,1.0,done,46
262,35,0,15.0,1.0,done,223
262,36,0,15.0,1.0,done,123
262,37,0,5.0,1.0,done,66
262,38,0,15.0,1.0,done,191
262,39,0,10.0,1.0,done,28
262,40,0,10.0,1.0,done,89
262,41,0,15.0,1.0,done,229
262,42,0,10.0,1.0,done,257
262,43,0,5.0,1.0,done,94
262,44,0,15.0,1.0,done,18
262,45,0,5.0,1.0,done,110
262,46,0,5.0,1.0,done,31
262,47,0,15.0,1.0,done,69
262,48,0,10.0,1.0,done,135
263,0,0,10.0,1.0,done,25
263,1,10.0,10.0,0.0,pending,
263,2,0,5.0,1.0,done,21
263,3,0,10.0,1.0,done,65
263,4,15.0,15.0,0.0,pending,
263,5,0,10.0,1.0,done,203
263,6,0,10.0,1.0,done,205
263,7,0,10.0,1.0,done,198
263,8,0,10.0,1.0,done,47
263,9,0,10.0,1.0,done,125
263,10,0,15.0,1.0,done,168
263,11,0,5.0,1.0,done,51
263,12,0,15.0,1.0,done,17
263,13,5.0,5.0,0.0,pending,
263,14,10.0,10.0,0.0,pending,
263,15,0,5.0,1.0,done,30
263,16,0,5.0,1.0,done,188
263,17,0,15.0,1.0,done,43
263,18,10.0,10.0,0.0,pending,
263,19,0,15.0,1.0,done,135
263,20,0,15.0,1.0,done,52
263,21,0,15.0,1.0,done,53
263,22,0,5.0,1.0,done,120
263,23,0,10.0,1.0,done,37
263,24,0,5.0,1.0,done,123
263,25,0,15.0,1.0,done,233
263,26,0,5.0,1.0,done,102
263,27,0,15.0,1.0,done,60
263,28,0,10.0,1.0,done,83
263,29,0,10.0,1.0,done,142
263,30,15.0,15.0,0.0,pending,
263,31,0,5.0,1.0,done,156
263,32,0,10.0,1.0,done,180
263,33,0,10.0,1.0,done,144
263,34,0,10.0,1.0,done,46
263,35,0,15.0,1.0,done,223
263,36,0,15.0,1.0,done,123
263,37,0,5.0,1.0,done,66
263,38,0,15.0,1.0,done,191
263,39,0,10.0,1.0,done,28
263,40,0,10.0,1.0,done,89
263,41,0,15.0,1.0,done,229
263,42,0,10.0,1.0,done,257
263,43,0,5.0,1.0,done,94
263,44,0,15.0,1.0,done,18
263,45,0,5.0,1.0,done,110
263,46,0,5.0,1.0,done,31
263,47,0,15.0,1.0,done,69
263,48,0,10.0,1.0,done,135
264,0,0,10.0,1.0,done,25
264,1,10.0,10.0,0.0,pending,
264,2,0,5.0,1.0,done,21
264,3,0,10.0,1.0,done,65
264,4,15.0,15.0,0.0,pending,
264,5,0,10.0,1.0,done,203
264,6,0,10.0,1.0,done,205
264,7,0,10.0,1.0,done,198
264,8,0,10.0,1.0,done,47
264,9,0,10.0,1.0,done,125
264,10,0,15.0,1.0,done,168
264,11,0,5.0,1.0,done,51
264,12,0,15.0,1.0,done,17
264,13,5.0,5.0,0.0,pending,
264,14,10.0,10.0,0.0,pending,
264,15,0,5.0,1.0,done,30
264,16,0,5.0,1.0,done,188
264,17,0,15.0,1.0,done,43
264,18,10.0,10.0,0.0,pending,
264,19,0,15.0,1.0,done,135
264,20,0,15.0,1.0,done,52
264,21,0,15.0,1.0,done,53
264,22,0,5.0,1.0,done,120
264,23,0,10.0,1.0,done,37
264,24,0,5.0,1.0,done,123
264,25,0,15.0,1.0,done,233
264,26,0,5.0,1.0,done,102
264,27,0,15.0,1.0,done,60
264,28,0,10.0,1.0,done,83
264,29,0,10.0,1.0,done,142
264,30,15.0,15.0,0.0,pending,
264,31,0,5.0,1.0,done,156
264,32,0,10.0,1.0,done,180
264,33,0,10.0,1.0,done,144
264,34,0,10.0,1.0,done,46
264,35,0,15.0,1.0,done,223
264,36,0,15.0,1.0,done,123
264,37,0,5.0,1.0,done,66
264,38,0,15.0,1.0,done,191
264,39,0,10.0,1.0,done,28
264,40,0,10.0,1.0,done,89
264,41,0,15.0,1.0,done,229
264,42,0,10.0,1.0,done,257
264,43,0,5.0,1.0,done,94
264,44,0,15.0,1.0,done,18
264,45,0,5.0,1.0,done,110
264,46,0,5.0,1.0,done,31
264,47,0,15.0,1.0,done,69
264,48,0,10.0,1.0,done,135
265,0,0,10.0,1.0,done,25
265,1,10.0,10.0,0.0,pending,
265,2,0,5.0,1.0,done,21
265,3,0,10.0,1.0,done,65
265,4,15.0,15.0,0.0,pending,
265,5,0,10.0,1.0,done,203
265,6,0,10.0,1.0,done,205
265,7,0,10.0,1.0,done,198
265,8,0,10.0,1.0,done,47
265,9,0,10.0,1.0,done,125
265,10,0,15.0,1.0,done,168
265,11,0,5.0,1.0,done,51
265,12,0,15.0,1.0,done,17
265,13,5.0,5.0,0.0,pending,
265,14,10.0,10.0,0.0,pending,
265,15,0,5.0,1.0,done,30
265,16,0,5.0,1.0,done,188
265,17,0,15.0,1.0,done,43
265,18,10.0,10.0,0.0,pending,
265,19,0,15.0,1.0,done,135
265,20,0,15.0,1.0,done,52
265,21,0,15.0,1.0,done,53
265,22,0,5.0,1.0,done,120
265,23,0,10.0,1.0,done,37
265,24,0,5.0,1.0,done,123
265,25,0,15.0,1.0,done,233
265,26,0,5.0,1.0,done,102
265,27,0,15.0,1.0,done,60
265,28,0,10.0,1.0,done,83
265,29,0,10.0,1.0,done,142
265,30,15.0,15.0,0.0,pending,
265,31,0,5.0,1.0,done,156
265,32,0,10.0,1.0,done,180
265,33,0,10.0,1.0,done,144
265,34,0,10.0,1.0,done,46
265,35,0,15.0,1.0,done,223
265,36,0,15.0,1.0,done,123
265,37,0,5.0,1.0,done,66
265,38,0,15.0,1.0,done,191
265,39,0,10.0,1.0,done,28
265,40,0,10.0,1.0,done,89
265,41,0,15.0,1.0,done,229
265,42,0,10.0,1.0,done,257
265,43,0,5.0,1.0,done,94
265,44,0,15.0,1.0,done,18
265,45,0,5.0,1.0,done,110
265,46,0,5.0,1.0,done,31
265,47,0,15.0,1.0,done,69
265,48,0,10.0,1.0,done,135
266,0,0,10.0,1.0,done,25
266,1,10.0,10.0,0.0,pending,
266,2,0,5.0,1.0,done,21
266,3,0,10.0,1.0,done,65
266,4,15.0,15.0,0.0,pending,
266,5,0,10.0,1.0,done,203
266,6,0,10.0,1.0,done,205
266,7,0,10.0,1.0,done,198
266,8,0,10.0,1.0,done,47
266,9,0,10.0,1.0,done,125
266,10,0,15.0,1.0,done,168
266,11,0,5.0,1.0,done,51
266,12,0,15.0,1.0,done,17
266,13,5.0,5.0,0.0,pending,
266,14,10.0,10.0,0.0,pending,
266,15,0,5.0,1.0,done,30
266,16,0,5.0,1.0,done,188
266,17,0,15.0,1.0,done,43
266,18,10.0,10.0,0.0,pending,
266,19,0,15.0,1.0,done,135
266,20,0,15.0,1.0,done,52
266,21,0,15.0,1.0,done,53
266,22,0,5.0,1.0,done,120
266,23,0,10.0,1.0,done,37
266,24,0,5.0,1.0,done,123
266,25,0,15.0,1.0,done,233
266,26,0,5.0,1.0,done,102
266,27,0,15.0,1.0,done,60
266,28,0,10.0,1.0,done,83
266,29,0,10.0,1.0,done,142
266,30,15.0,15.0,0.0,pending,
266,31,0,5.0,1.0,done,156
266,32,0,10.0,1.0,done,180
266,33,0,10.0,1.0,done,144
266,34,0,10.0,1.0,done,46
266,35,0,15.0,1.0,done,223
266,36,0,15.0,1.0,done,123
266,37,0,5.0,1.0,done,66
266,38,0,15.0,1.0,done,191
266,39,0,10.0,1.0,done,28
266,40,0,10.0,1.0,done,89
266,41,0,15.0,1.0,done,229
266,42,0,10.0,1.0,done,257
266,43,0,5.0,1.0,done,94
266,44,0,15.0,1.0,done,18
266,45,0,5.0,1.0,done,110
266,46,0,5.0,1.0,done,31
266,47,0,15.0,1.0,done,69
266,48,0,10.0,1.0,done,135
267,0,0,10.0,1.0,done,25
267,1,10.0,10.0,0.0,pending,
267,2,0,5.0,1.0,done,21
267,3,0,10.0,1.0,done,65
267,4,15.0,15.0,0.0,pending,
267,5,0,10.0,1.0,done,203
267,6,0,10.0,1.0,done,205
267,7,0,10.0,1.0,done,198
267,8,0,10.0,1.0,done,47
267,9,0,10.0,1.0,done,125
267,10,0,15.0,1.0,done,168
267,11,0,5.0,1.0,done,51
267,12,0,15.0,1.0,done,17
267,13,5.0,5.0,0.0,pending,
267,14,10.0,10.0,0.0,pending,
267,15,0,5.0,1.0,done,30
267,16,0,5.0,1.0,done,188
267,17,0,15.0,1.0,done,43
267,18,10.0,10.0,0.0,pending,
267,19,0,15.0,1.0,done,135
267,20,0,15.0,1.0,done,52
267,21,0,15.0,1.0,done,53
267,22,0,5.0,1.0,done,120
267,23,0,10.0,1.0,done,37
267,24,0,5.0,1.0,done,123
267,25,0,15.0,1.0,done,233
267,26,0,5.0,1.0,done,102
267,27,0,15.0,1.0,done,60
267,28,0,10.0,1.0,done,83
267,29,0,10.0,1.0,done,142
267,30,15.0,15.0,0.0,pending,
267,31,0,5.0,1.0,done,156
267,32,0,10.0,1.0,done,180
267,33,0,10.0,1.0,done,144
267,34,0,10.0,1.0,done,46
267,35,0,15.0,1.0,done,223
267,36,0,15.0,1.0,done,123
267,37,0,5.0,1.0,done,66
267,38,0,15.0,1.0,done,191
267,39,0,10.0,1.0,done,28
267,40,0,10.0,1.0,done,89
267,41,0,15.0,1.0,done,229
267,42,0,10.0,1.0,done,257
267,43,0,5.0,1.0,done,94
267,44,0,15.0,1.0,done,18
267,45,0,5.0,1.0,done,110
267,46,0,5.0,1.0,done,31
267,47,0,15.0,1.0,done,69
267,48,0,10.0,1.0,done,135
268,0,0,10.0,1.0,done,25
268,1,10.0,10.0,0.0,pending,
268,2,0,5.0,1.0,done,21
268,3,0,10.0,1.0,done,65
268,4,15.0,15.0,0.0,pending,
268,5,0,10.0,1.0,done,203
268,6,0,10.0,1.0,done,205
268,7,0,10.0,1.0,done,198
268,8,0,10.0,1.0,done,47
268,9,0,10.0,1.0,done,125
268,10,0,15.0,1.0,done,168
268,11,0,5.0,1.0,done,51
268,12,0,15.0,1.0,done,17
268,13,5.0,5.0,0.0,pending,
268,14,10.0,10.0,0.0,pending,
268,15,0,5.0,1.0,done,30
268,16,0,5.0,1.0,done,188
268,17,0,15.0,1.0,done,43
268,18,10.0,10.0,0.0,pending,
268,19,0,15.0,1.0,done,135
268,20,0,15.0,1.0,done,52
268,21,0,15.0,1.0,done,53
268,22,0,5.0,1.0,done,120
268,23,0,10.0,1.0,done,37
268,24,0,5.0,1.0,done,123
268,25,0,15.0,1.0,done,233
268,26,0,5.0,1.0,done,102
268,27,0,15.0,1.0,done,60
268,28,0,10.0,1.0,done,83
268,29,0,10.0,1.0,done,142
268,30,15.0,15.0,0.0,pending,
268,31,0,5.0,1.0,done,156
268,32,0,10.0,1.0,done,180
268,33,0,10.0,1.0,done,144
268,34,0,10.0,1.0,done,46
268,35,0,15.0,1.0,done,223
268,36,0,15.0,1.0,done,123
268,37,0,5.0,1.0,done,66
268,38,0,15.0,1.0,done,191
268,39,0,10.0,1.0,done,28
268,40,0,10.0,1.0,done,89
268,41,0,15.0,1.0,done,229
268,42,0,10.0,1.0,done,257
268,43,0,5.0,1.0,done,94
268,44,0,15.0,1.0,done,18
268,45,0,5.0,1.0,done,110
268,46,0,5.0,1.0,done,31
268,47,0,15.0,1.0,done,69
268,48,0,10.0,1.0,done,135
269,0,0,10.0,1.0,done,25
269,1,10.0,10.0,0.0,pending,
269,2,0,5.0,1.0,done,21
269,3,0,10.0,1.0,done,65
269,4,15.0,15.0,0.0,pending,
269,5,0,10.0,1.0,done,203
269,6,0,10.0,1.0,done,205
269,7,0,10.0,1.0,done,198
269,8,0,10.0,1.0,done,47
269,9,0,10.0,1.0,done,125
269,10,0,15.0,1.0,done,168
269,11,0,5.0,1.0,done,51
269,12,0,15.0,1.0,done,17
269,13,5.0,5.0,0.0,pending,
269,14,10.0,10.0,0.0,pending,
269,15,0,5.0,1.0,done,30
269,16,0,5.0,1.0,done,188
269,17,0,15.0,1.0,done,43
269,18,10.0,10.0,0.0,pending,
269,19,0,15.0,1.0,done,135
269,20,0,15.0,1.0,done,52
269,21,0,15.0,1.0,done,53
269,22,0,5.0,1.0,done,120
269,23,0,10.0,1.0,done,37
269,24,0,5.0,1.0,done,123
269,25,0,15.0,1.0,done,233
269,26,0,5.0,1.0,done,102
269,27,0,15.0,1.0,done,60
269,28,0,10.0,1.0,done,83
269,29,0,10.0,1.0,done,142
269,30,15.0,15.0,0.0,pending,
269,31,0,5.0,1.0,done,156
269,32,0,10.0,1.0,done,180
269,33,0,10.0,1.0,done,144
269,34,0,10.0,1.0,done,46
269,35,0,15.0,1.0,done,223
269,36,0,15.0,1.0,done,123
269,37,0,5.0,1.0,done,66
269,38,0,15.0,1.0,done,191
269,39,0,10.0,1.0,done,28
269,40,0,10.0,1.0,done,89
269,41,0,15.0,1.0,done,229
269,42,0,10.0,1.0,done,257
269,43,0,5.0,1.0,done,94
269,44,0,15.0,1.0,done,18
269,45,0,5.0,1.0,done,110
269,46,0,5.0,1.0,done,31
269,47,0,15.0,1.0,done,69
269,48,0,10.0,1.0,done,135
270,0,0,10.0,1.0,done,25
270,1,10.0,10.0,0.0,pending,
270,2,0,5.0,1.0,done,21
270,3,0,10.0,1.0,done,65
270,4,15.0,15.0,0.0,pending,
270,5,0,10.0,1.0,done,203
270,6,0,10.0,1.0,done,205
270,7,0,10.0,1.0,done,198
270,8,0,10.0,1.0,done,47
270,9,0,10.0,1.0,done,125
270,10,0,15.0,1.0,done,168
270,11,0,5.0,1.0,done,51
270,12,0,15.0,1.0,done,17
270,13,5.0,5.0,0.0,pending,
270,14,10.0,10.0,0.0,pending,
270,15,0,5.0,1.0,done,30
270,16,0,5.0,1.0,done,188
270,17,0,15.0,1.0,done,43
270,18,10.0,10.0,0.0,pending,
270,19,0,15.0,1.0,done,135
270,20,0,15.0,1.0,done,52
270,21,0,15.0,1.0,done,53
270,22,0,5.0,1.0,done,120
270,23,0,10.0,1.0,done,37
270,24,0,5.0,1.0,done,123
270,25,0,15.0,1.0,done,233
270,26,0,5.0,1.0,done,102
270,27,0,15.0,1.0,done,60
270,28,0,10.0,1.0,done,83
270,29,0,10.0,1.0,done,142
270,30,15.0,15.0,0.0,pending,
270,31,0,5.0,1.0,done,156
270,32,0,10.0,1.0,done,180
270,33,0,10.0,1.0,done,144
270,34,0,10.0,1.0,done,46
270,35,0,15.0,1.0,done,223
270,36,0,15.0,1.0,done,123
270,37,0,5.0,1.0,done,66
270,38,0,15.0,1.0,done,191
270,39,0,10.0,1.0,done,28
270,40,0,10.0,1.0,done,89
270,41,0,15.0,1.0,done,229
270,42,0,10.0,1.0,done,257
270,43,0,5.0,1.0,done,94
270,44,0,15.0,1.0,done,18
270,45,0,5.0,1.0,done,110
270,46,0,5.0,1.0,done,31
270,47,0,15.0,1.0,done,69
270,48,0,10.0,1.0,done,135
271,0,0,10.0,1.0,done,25
271,1,10.0,10.0,0.0,pending,
271,2,0,5.0,1.0,done,21
271,3,0,10.0,1.0,done,65
271,4,15.0,15.0,0.0,pending,
271,5,0,10.0,1.0,done,203
271,6,0,10.0,1.0,done,205
271,7,0,10.0,1.0,done,198
271,8,0,10.0,1.0,done,47
271,9,0,10.0,1.0,done,125
271,10,0,15.0,1.0,done,168
271,11,0,5.0,1.0,done,51
271,12,0,15.0,1.0,done,17
271,13,5.0,5.0,0.0,pending,
271,14,10.0,10.0,0.0,pending,
271,15,0,5.0,1.0,done,30
271,16,0,5.0,1.0,done,188
271,17,0,15.0,1.0,done,43
271,18,10.0,10.0,0.0,pending,
271,19,0,15.0,1.0,done,135
271,20,0,15.0,1.0,done,52
271,21,0,15.0,1.0,done,53
271,22,0,5.0,1.0,done,120
271,23,0,10.0,1.0,done,37
271,24,0,5.0,1.0,done,123
271,25,0,15.0,1.0,done,233
271,26,0,5.0,1.0,done,102
271,27,0,15.0,1.0,done,60
271,28,0,10.0,1.0,done,83
271,29,0,10.0,1.0,done,142
271,30,15.0,15.0,0.0,pending,
271,31,0,5.0,1.0,done,156
271,32,0,10.0,1.0,done,180
271,33,0,10.0,1.0,done,144
271,34,0,10.0,1.0,done,46
271,35,0,15.0,1.0,done,223
271,36,0,15.0,1.0,done,123
271,37,0,5.0,1.0,done,66
271,38,0,15.0,1.0,done,191
271,39,0,10.0,1.0,done,28
271,40,0,10.0,1.0,done,89
271,41,0,15.0,1.0,done,229
271,42,0,10.0,1.0,done,257
271,43,0,5.0,1.0,done,94
271,44,0,15.0,1.0,done,18
271,45,0,5.0,1.0,done,110
271,46,0,5.0,1.0,done,31
271,47,0,15.0,1.0,done,69
271,48,0,10.0,1.0,done,135
272,0,0,10.0,1.0,done,25
272,1,10.0,10.0,0.0,pending,
272,2,0,5.0,1.0,done,21
272,3,0,10.0,1.0,done,65
272,4,15.0,15.0,0.0,pending,
272,5,0,10.0,1.0,done,203
272,6,0,10.0,1.0,done,205
272,7,0,10.0,1.0,done,198
272,8,0,10.0,1.0,done,47
272,9,0,10.0,1.0,done,125
272,10,0,15.0,1.0,done,168
272,11,0,5.0,1.0,done,51
272,12,0,15.0,1.0,done,17
272,13,5.0,5.0,0.0,pending,
272,14,10.0,10.0,0.0,pending,
272,15,0,5.0,1.0,done,30
272,16,0,5.0,1.0,done,188
272,17,0,15.0,1.0,done,43
272,18,10.0,10.0,0.0,pending,
272,19,0,15.0,1.0,done,135
272,20,0,15.0,1.0,done,52
272,21,0,15.0,1.0,done,53
272,22,0,5.0,1.0,done,120
272,23,0,10.0,1.0,done,37
272,24,0,5.0,1.0,done,123
272,25,0,15.0,1.0,done,233
272,26,0,5.0,1.0,done,102
272,27,0,15.0,1.0,done,60
272,28,0,10.0,1.0,done,83
272,29,0,10.0,1.0,done,142
272,30,15.0,15.0,0.0,pending,
272,31,0,5.0,1.0,done,156
272,32,0,10.0,1.0,done,180
272,33,0,10.0,1.0,done,144
272,34,0,10.0,1.0,done,46
272,35,0,15.0,1.0,done,223
272,36,0,15.0,1.0,done,123
272,37,0,5.0,1.0,done,66
272,38,0,15.0,1.0,done,191
272,39,0,10.0,1.0,done,28
272,40,0,10.0,1.0,done,89
272,41,0,15.0,1.0,done,229
272,42,0,10.0,1.0,done,257
272,43,0,5.0,1.0,done,94
272,44,0,15.0,1.0,done,18
272,45,0,5.0,1.0,done,110
272,46,0,5.0,1.0,done,31
272,47,0,15.0,1.0,done,69
272,48,0,10.0,1.0,done,135
273,0,0,10.0,1.0,done,25
273,1,10.0,10.0,0.0,pending,
273,2,0,5.0,1.0,done,21
273,3,0,10.0,1.0,done,65
273,4,15.0,15.0,0.0,pending,
273,5,0,10.0,1.0,done,203
273,6,0,10.0,1.0,done,205
273,7,0,10.0,1.0,done,198
273,8,0,10.0,1.0,done,47
273,9,0,10.0,1.0,done,125
273,10,0,15.0,1.0,done,168
273,11,0,5.0,1.0,done,51
273,12,0,15.0,1.0,done,17
273,13,5.0,5.0,0.0,pending,
273,14,10.0,10.0,0.0,pending,
273,15,0,5.0,1.0,done,30
273,16,0,5.0,1.0,done,188
273,17,0,15.0,1.0,done,43
273,18,10.0,10.0,0.0,pending,
273,19,0,15.0,1.0,done,135
273,20,0,15.0,1.0,done,52
273,21,0,15.0,1.0,done,53
273,22,0,5.0,1.0,done,120
273,23,0,10.0,1.0,done,37
273,24,0,5.0,1.0,done,123
273,25,0,15.0,1.0,done,233
273,26,0,5.0,1.0,done,102
273,27,0,15.0,1.0,done,60
273,28,0,10.0,1.0,done,83
273,29,0,10.0,1.0,done,142
273,30,15.0,15.0,0.0,pending,
273,31,0,5.0,1.0,done,156
273,32,0,10.0,1.0,done,180
273,33,0,10.0,1.0,done,144
273,34,0,10.0,1.0,done,46
273,35,0,15.0,1.0,done,223
273,36,0,15.0,1.0,done,123
273,37,0,5.0,1.0,done,66
273,38,0,15.0,1.0,done,191
273,39,0,10.0,1.0,done,28
273,40,0,10.0,1.0,done,89
273,41,0,15.0,1.0,done,229
273,42,0,10.0,1.0,done,257
273,43,0,5.0,1.0,done,94
273,44,0,15.0,1.0,done,18
273,45,0,5.0,1.0,done,110
273,46,0,5.0,1.0,done,31
273,47,0,15.0,1.0,done,69
273,48,0,10.0,1.0,done,135
274,0,0,10.0,1.0,done,25
274,1,10.0,10.0,0.0,pending,
274,2,0,5.0,1.0,done,21
274,3,0,10.0,1.0,done,65
274,4,15.0,15.0,0.0,pending,
274,5,0,10.0,1.0,done,203
274,6,0,10.0,1.0,done,205
274,7,0,10.0,1.0,done,198
274,8,0,10.0,1.0,done,47
274,9,0,10.0,1.0,done,125
274,10,0,15.0,1.0,done,168
274,11,0,5.0,1.0,done,51
274,12,0,15.0,1.0,done,17
274,13,5.0,5.0,0.0,pending,
274,14,10.0,10.0,0.0,pending,
274,15,0,5.0,1.0,done,30
274,16,0,5.0,1.0,done,188
274,17,0,15.0,1.0,done,43
274,18,10.0,10.0,0.0,pending,
274,19,0,15.0,1.0,done,135
274,20,0,15.0,1.0,done,52
274,21,0,15.0,1.0,done,53
274,22,0,5.0,1.0,done,120
274,23,0,10.0,1.0,done,37
274,24,0,5.0,1.0,done,123
274,25,0,15.0,1.0,done,233
274,26,0,5.0,1.0,done,102
274,27,0,15.0,1.0,done,60
274,28,0,10.0,1.0,done,83
274,29,0,10.0,1.0,done,142
274,30,15.0,15.0,0.0,pending,
274,31,0,5.0,1.0,done,156
274,32,0,10.0,1.0,done,180
274,33,0,10.0,1.0,done,144
274,34,0,10.0,1.0,done,46
274,35,0,15.0,1.0,done,223
274,36,0,15.0,1.0,done,123
274,37,0,5.0,1.0,done,66
274,38,0,15.0,1.0,done,191
274,39,0,10.0,1.0,done,28
274,40,0,10.0,1.0,done,89
274,41,0,15.0,1.0,done,229
274,42,0,10.0,1.0,done,257
274,43,0,5.0,1.0,done,94
274,44,0,15.0,1.0,done,18
274,45,0,5.0,1.0,done,110
274,46,0,5.0,1.0,done,31
274,47,0,15.0,1.0,done,69
274,48,0,10.0,1.0,done,135
275,0,0,10.0,1.0,done,25
275,1,10.0,10.0,0.0,pending,
275,2,0,5.0,1.0,done,21
275,3,0,10.0,1.0,done,65
275,4,15.0,15.0,0.0,pending,
275,5,0,10.0,1.0,done,203
275,6,0,10.0,1.0,done,205
275,7,0,10.0,1.0,done,198
275,8,0,10.0,1.0,done,47
275,9,0,10.0,1.0,done,125
275,10,0,15.0,1.0,done,168
275,11,0,5.0,1.0,done,51
275,12,0,15.0,1.0,done,17
275,13,5.0,5.0,0.0,pending,
275,14,10.0,10.0,0.0,pending,
275,15,0,5.0,1.0,done,30
275,16,0,5.0,1.0,done,188
275,17,0,15.0,1.0,done,43
275,18,10.0,10.0,0.0,pending,
275,19,0,15.0,1.0,done,135
275,20,0,15.0,1.0,done,52
275,21,0,15.0,1.0,done,53
275,22,0,5.0,1.0,done,120
275,23,0,10.0,1.0,done,37
275,24,0,5.0,1.0,done,123
275,25,0,15.0,1.0,done,233
275,26,0,5.0,1.0,done,102
275,27,0,15.0,1.0,done,60
275,28,0,10.0,1.0,done,83
275,29,0,10.0,1.0,done,142
275,30,15.0,15.0,0.0,pending,
275,31,0,5.0,1.0,done,156
275,32,0,10.0,1.0,done,180
275,33,0,10.0,1.0,done,144
275,34,0,10.0,1.0,done,46
275,35,0,15.0,1.0,done,223
275,36,0,15.0,1.0,done,123
275,37,0,5.0,1.0,done,66
275,38,0,15.0,1.0,done,191
275,39,0,10.0,1.0,done,28
275,40,0,10.0,1.0,done,89
275,41,0,15.0,1.0,done,229
275,42,0,10.0,1.0,done,257
275,43,0,5.0,1.0,done,94
275,44,0,15.0,1.0,done,18
275,45,0,5.0,1.0,done,110
275,46,0,5.0,1.0,done,31
275,47,0,15.0,1.0,done,69
275,48,0,10.0,1.0,done,135
276,0,0,10.0,1.0,done,25
276,1,10.0,10.0,0.0,pending,
276,2,0,5.0,1.0,done,21
276,3,0,10.0,1.0,done,65
276,4,15.0,15.0,0.0,pending,
276,5,0,10.0,1.0,done,203
276,6,0,10.0,1.0,done,205
276,7,0,10.0,1.0,done,198
276,8,0,10.0,1.0,done,47
276,9,0,10.0,1.0,done,125
276,10,0,15.0,1.0,done,168
276,11,0,5.0,1.0,done,51
276,12,0,15.0,1.0,done,17
276,13,5.0,5.0,0.0,pending,
276,14,10.0,10.0,0.0,pending,
276,15,0,5.0,1.0,done,30
276,16,0,5.0,1.0,done,188
276,17,0,15.0,1.0,done,43
276,18,10.0,10.0,0.0,pending,
276,19,0,15.0,1.0,done,135
276,20,0,15.0,1.0,done,52
276,21,0,15.0,1.0,done,53
276,22,0,5.0,1.0,done,120
276,23,0,10.0,1.0,done,37
276,24,0,5.0,1.0,done,123
276,25,0,15.0,1.0,done,233
276,26,0,5.0,1.0,done,102
276,27,0,15.0,1.0,done,60
276,28,0,10.0,1.0,done,83
276,29,0,10.0,1.0,done,142
276,30,15.0,15.0,0.0,pending,
276,31,0,5.0,1.0,done,156
276,32,0,10.0,1.0,done,180
276,33,0,10.0,1.0,done,144
276,34,0,10.0,1.0,done,46
276,35,0,15.0,1.0,done,223
276,36,0,15.0,1.0,done,123
276,37,0,5.0,1.0,done,66
276,38,0,15.0,1.0,done,191
276,39,0,10.0,1.0,done,28
276,40,0,10.0,1.0,done,89
276,41,0,15.0,1.0,done,229
276,42,0,10.0,1.0,done,257
276,43,0,5.0,1.0,done,94
276,44,0,15.0,1.0,done,18
276,45,0,5.0,1.0,done,110
276,46,0,5.0,1.0,done,31
276,47,0,15.0,1.0,done,69
276,48,0,10.0,1.0,done,135
277,0,0,10.0,1.0,done,25
277,1,10.0,10.0,0.0,pending,
277,2,0,5.0,1.0,done,21
277,3,0,10.0,1.0,done,65
277,4,15.0,15.0,0.0,pending,
277,5,0,10.0,1.0,done,203
277,6,0,10.0,1.0,done,205
277,7,0,10.0,1.0,done,198
277,8,0,10.0,1.0,done,47
277,9,0,10.0,1.0,done,125
277,10,0,15.0,1.0,done,168
277,11,0,5.0,1.0,done,51
277,12,0,15.0,1.0,done,17
277,13,5.0,5.0,0.0,pending,
277,14,10.0,10.0,0.0,pending,
277,15,0,5.0,1.0,done,30
277,16,0,5.0,1.0,done,188
277,17,0,15.0,1.0,done,43
277,18,10.0,10.0,0.0,pending,
277,19,0,15.0,1.0,done,135
277,20,0,15.0,1.0,done,52
277,21,0,15.0,1.0,done,53
277,22,0,5.0,1.0,done,120
277,23,0,10.0,1.0,done,37
277,24,0,5.0,1.0,done,123
277,25,0,15.0,1.0,done,233
277,26,0,5.0,1.0,done,102
277,27,0,15.0,1.0,done,60
277,28,0,10.0,1.0,done,83
277,29,0,10.0,1.0,done,142
277,30,15.0,15.0,0.0,pending,
277,31,0,5.0,1.0,done,156
277,32,0,10.0,1.0,done,180
277,33,0,10.0,1.0,done,144
277,34,0,10.0,1.0,done,46
277,35,0,15.0,1.0,done,223
277,36,0,15.0,1.0,done,123
277,37,0,5.0,1.0,done,66
277,38,0,15.0,1.0,done,191
277,39,0,10.0,1.0,done,28
277,40,0,10.0,1.0,done,89
277,41,0,15.0,1.0,done,229
277,42,0,10.0,1.0,done,257
277,43,0,5.0,1.0,done,94
277,44,0,15.0,1.0,done,18
277,45,0,5.0,1.0,done,110
277,46,0,5.0,1.0,done,31
277,47,0,15.0,1.0,done,69
277,48,0,10.0,1.0,done,135
278,0,0,10.0,1.0,done,25
278,1,10.0,10.0,0.0,pending,
278,2,0,5.0,1.0,done,21
278,3,0,10.0,1.0,done,65
278,4,15.0,15.0,0.0,pending,
278,5,0,10.0,1.0,done,203
278,6,0,10.0,1.0,done,205
278,7,0,10.0,1.0,done,198
278,8,0,10.0,1.0,done,47
278,9,0,10.0,1.0,done,125
278,10,0,15.0,1.0,done,168
278,11,0,5.0,1.0,done,51
278,12,0,15.0,1.0,done,17
278,13,5.0,5.0,0.0,pending,
278,14,10.0,10.0,0.0,pending,
278,15,0,5.0,1.0,done,30
278,16,0,5.0,1.0,done,188
278,17,0,15.0,1.0,done,43
278,18,10.0,10.0,0.0,pending,
278,19,0,15.0,1.0,done,135
278,20,0,15.0,1.0,done,52
278,21,0,15.0,1.0,done,53
278,22,0,5.0,1.0,done,120
278,23,0,10.0,1.0,done,37
278,24,0,5.0,1.0,done,123
278,25,0,15.0,1.0,done,233
278,26,0,5.0,1.0,done,102
278,27,0,15.0,1.0,done,60
278,28,0,10.0,1.0,done,83
278,29,0,10.0,1.0,done,142
278,30,15.0,15.0,0.0,pending,
278,31,0,5.0,1.0,done,156
278,32,0,10.0,1.0,done,180
278,33,0,10.0,1.0,done,144
278,34,0,10.0,1.0,done,46
278,35,0,15.0,1.0,done,223
278,36,0,15.0,1.0,done,123
278,37,0,5.0,1.0,done,66
278,38,0,15.0,1.0,done,191
278,39,0,10.0,1.0,done,28
278,40,0,10.0,1.0,done,89
278,41,0,15.0,1.0,done,229
278,42,0,10.0,1.0,done,257
278,43,0,5.0,1.0,done,94
278,44,0,15.0,1.0,done,18
278,45,0,5.0,1.0,done,110
278,46,0,5.0,1.0,done,31
278,47,0,15.0,1.0,done,69
278,48,0,10.0,1.0,done,135
279,0,0,10.0,1.0,done,25
279,1,10.0,10.0,0.0,pending,
279,2,0,5.0,1.0,done,21
279,3,0,10.0,1.0,done,65
279,4,15.0,15.0,0.0,pending,
279,5,0,10.0,1.0,done,203
279,6,0,10.0,1.0,done,205
279,7,0,10.0,1.0,done,198
279,8,0,10.0,1.0,done,47
279,9,0,10.0,1.0,done,125
279,10,0,15.0,1.0,done,168
279,11,0,5.0,1.0,done,51
279,12,0,15.0,1.0,done,17
279,13,5.0,5.0,0.0,pending,
279,14,10.0,10.0,0.0,pending,
279,15,0,5.0,1.0,done,30
279,16,0,5.0,1.0,done,188
279,17,0,15.0,1.0,done,43
279,18,10.0,10.0,0.0,pending,
279,19,0,15.0,1.0,done,135
279,20,0,15.0,1.0,done,52
279,21,0,15.0,1.0,done,53
279,22,0,5.0,1.0,done,120
279,23,0,10.0,1.0,done,37
279,24,0,5.0,1.0,done,123
279,25,0,15.0,1.0,done,233
279,26,0,5.0,1.0,done,102
279,27,0,15.0,1.0,done,60
279,28,0,10.0,1.0,done,83
279,29,0,10.0,1.0,done,142
279,30,15.0,15.0,0.0,pending,
279,31,0,5.0,1.0,done,156
279,32,0,10.0,1.0,done,180
279,33,0,10.0,1.0,done,144
279,34,0,10.0,1.0,done,46
279,35,0,15.0,1.0,done,223
279,36,0,15.0,1.0,done,123
279,37,0,5.0,1.0,done,66
279,38,0,15.0,1.0,done,191
279,39,0,10.0,1.0,done,28
279,40,0,10.0,1.0,done,89
279,41,0,15.0,1.0,done,229
279,42,0,10.0,1.0,done,257
279,43,0,5.0,1.0,done,94
279,44,0,15.0,1.0,done,18
279,45,0,5.0,1.0,done,110
279,46,0,5.0,1.0,done,31
279,47,0,15.0,1.0,done,69
279,48,0,10.0,1.0,done,135
280,0,0,10.0,1.0,done,25
280,1,10.0,10.0,0.0,pending,
280,2,0,5.0,1.0,done,21
280,3,0,10.0,1.0,done,65
280,4,15.0,15.0,0.0,pending,
280,5,0,10.0,1.0,done,203
280,6,0,10.0,1.0,done,205
280,7,0,10.0,1.0,done,198
280,8,0,10.0,1.0,done,47
280,9,0,10.0,1.0,done,125
280,10,0,15.0,1.0,done,168
280,11,0,5.0,1.0,done,51
280,12,0,15.0,1.0,done,17
280,13,5.0,5.0,0.0,pending,
280,14,10.0,10.0,0.0,pending,
280,15,0,5.0,1.0,done,30
280,16,0,5.0,1.0,done,188
280,17,0,15.0,1.0,done,43
280,18,10.0,10.0,0.0,pending,
280,19,0,15.0,1.0,done,135
280,20,0,15.0,1.0,done,52
280,21,0,15.0,1.0,done,53
280,22,0,5.0,1.0,done,120
280,23,0,10.0,1.0,done,37
280,24,0,5.0,1.0,done,123
280,25,0,15.0,1.0,done,233
280,26,0,5.0,1.0,done,102
280,27,0,15.0,1.0,done,60
280,28,0,10.0,1.0,done,83
280,29,0,10.0,1.0,done,142
280,30,15.0,15.0,0.0,pending,
280,31,0,5.0,1.0,done,156
280,32,0,10.0,1.0,done,180
280,33,0,10.0,1.0,done,144
280,34,0,10.0,1.0,done,46
280,35,0,15.0,1.0,done,223
280,36,0,15.0,1.0,done,123
280,37,0,5.0,1.0,done,66
280,38,0,15.0,1.0,done,191
280,39,0,10.0,1.0,done,28
280,40,0,10.0,1.0,done,89
280,41,0,15.0,1.0,done,229
280,42,0,10.0,1.0,done,257
280,43,0,5.0,1.0,done,94
280,44,0,15.0,1.0,done,18
280,45,0,5.0,1.0,done,110
280,46,0,5.0,1.0,done,31
280,47,0,15.0,1.0,done,69
280,48,0,10.0,1.0,done,135
281,0,0,10.0,1.0,done,25
281,1,10.0,10.0,0.0,pending,
281,2,0,5.0,1.0,done,21
281,3,0,10.0,1.0,done,65
281,4,15.0,15.0,0.0,pending,
281,5,0,10.0,1.0,done,203
281,6,0,10.0,1.0,done,205
281,7,0,10.0,1.0,done,198
281,8,0,10.0,1.0,done,47
281,9,0,10.0,1.0,done,125
281,10,0,15.0,1.0,done,168
281,11,0,5.0,1.0,done,51
281,12,0,15.0,1.0,done,17
281,13,5.0,5.0,0.0,pending,
281,14,10.0,10.0,0.0,pending,
281,15,0,5.0,1.0,done,30
281,16,0,5.0,1.0,done,188
281,17,0,15.0,1.0,done,43
281,18,10.0,10.0,0.0,pending,
281,19,0,15.0,1.0,done,135
281,20,0,15.0,1.0,done,52
281,21,0,15.0,1.0,done,53
281,22,0,5.0,1.0,done,120
281,23,0,10.0,1.0,done,37
281,24,0,5.0,1.0,done,123
281,25,0,15.0,1.0,done,233
281,26,0,5.0,1.0,done,102
281,27,0,15.0,1.0,done,60
281,28,0,10.0,1.0,done,83
281,29,0,10.0,1.0,done,142
281,30,15.0,15.0,0.0,pending,
281,31,0,5.0,1.0,done,156
281,32,0,10.0,1.0,done,180
281,33,0,10.0,1.0,done,144
281,34,0,10.0,1.0,done,46
281,35,0,15.0,1.0,done,223
281,36,0,15.0,1.0,done,123
281,37,0,5.0,1.0,done,66
281,38,0,15.0,1.0,done,191
281,39,0,10.0,1.0,done,28
281,40,0,10.0,1.0,done,89
281,41,0,15.0,1.0,done,229
281,42,0,10.0,1.0,done,257
281,43,0,5.0,1.0,done,94
281,44,0,15.0,1.0,done,18
281,45,0,5.0,1.0,done,110
281,46,0,5.0,1.0,done,31
281,47,0,15.0,1.0,done,69
281,48,0,10.0,1.0,done,135
282,0,0,10.0,1.0,done,25
282,1,10.0,10.0,0.0,pending,
282,2,0,5.0,1.0,done,21
282,3,0,10.0,1.0,done,65
282,4,15.0,15.0,0.0,pending,
282,5,0,10.0,1.0,done,203
282,6,0,10.0,1.0,done,205
282,7,0,10.0,1.0,done,198
282,8,0,10.0,1.0,done,47
282,9,0,10.0,1.0,done,125
282,10,0,15.0,1.0,done,168
282,11,0,5.0,1.0,done,51
282,12,0,15.0,1.0,done,17
282,13,5.0,5.0,0.0,pending,
282,14,10.0,10.0,0.0,pending,
282,15,0,5.0,1.0,done,30
282,16,0,5.0,1.0,done,188
282,17,0,15.0,1.0,done,43
282,18,10.0,10.0,0.0,pending,
282,19,0,15.0,1.0,done,135
282,20,0,15.0,1.0,done,52
282,21,0,15.0,1.0,done,53
282,22,0,5.0,1.0,done,120
282,23,0,10.0,1.0,done,37
282,24,0,5.0,1.0,done,123
282,25,0,15.0,1.0,done,233
282,26,0,5.0,1.0,done,102
282,27,0,15.0,1.0,done,60
282,28,0,10.0,1.0,done,83
282,29,0,10.0,1.0,done,142
282,30,15.0,15.0,0.0,pending,
282,31,0,5.0,1.0,done,156
282,32,0,10.0,1.0,done,180
282,33,0,10.0,1.0,done,144
282,34,0,10.0,1.0,done,46
282,35,0,15.0,1.0,done,223
282,36,0,15.0,1.0,done,123
282,37,0,5.0,1.0,done,66
282,38,0,15.0,1.0,done,191
282,39,0,10.0,1.0,done,28
282,40,0,10.0,1.0,done,89
282,41,0,15.0,1.0,done,229
282,42,0,10.0,1.0,done,257
282,43,0,5.0,1.0,done,94
282,44,0,15.0,1.0,done,18
282,45,0,5.0,1.0,done,110
282,46,0,5.0,1.0,done,31
282,47,0,15.0,1.0,done,69
282,48,0,10.0,1.0,done,135
283,0,0,10.0,1.0,done,25
283,1,10.0,10.0,0.0,pending,
283,2,0,5.0,1.0,done,21
283,3,0,10.0,1.0,done,65
283,4,15.0,15.0,0.0,pending,
283,5,0,10.0,1.0,done,203
283,6,0,10.0,1.0,done,205
283,7,0,10.0,1.0,done,198
283,8,0,10.0,1.0,done,47
283,9,0,10.0,1.0,done,125
283,10,0,15.0,1.0,done,168
283,11,0,5.0,1.0,done,51
283,12,0,15.0,1.0,done,17
283,13,5.0,5.0,0.0,pending,
283,14,10.0,10.0,0.0,pending,
283,15,0,5.0,1.0,done,30
283,16,0,5.0,1.0,done,188
283,17,0,15.0,1.0,done,43
283,18,10.0,10.0,0.0,pending,
283,19,0,15.0,1.0,done,135
283,20,0,15.0,1.0,done,52
283,21,0,15.0,1.0,done,53
283,22,0,5.0,1.0,done,120
283,23,0,10.0,1.0,done,37
283,24,0,5.0,1.0,done,123
283,25,0,15.0,1.0,done,233
283,26,0,5.0,1.0,done,102
283,27,0,15.0,1.0,done,60
283,28,0,10.0,1.0,done,83
283,29,0,10.0,1.0,done,142
283,30,15.0,15.0,0.0,pending,
283,31,0,5.0,1.0,done,156
283,32,0,10.0,1.0,done,180
283,33,0,10.0,1.0,done,144
283,34,0,10.0,1.0,done,46
283,35,0,15.0,1.0,done,223
283,36,0,15.0,1.0,done,123
283,37,0,5.0,1.0,done,66
283,38,0,15.0,1.0,done,191
283,39,0,10.0,1.0,done,28
283,40,0,10.0,1.0,done,89
283,41,0,15.0,1.0,done,229
283,42,0,10.0,1.0,done,257
283,43,0,5.0,1.0,done,94
283,44,0,15.0,1.0,done,18
283,45,0,5.0,1.0,done,110
283,46,0,5.0,1.0,done,31
283,47,0,15.0,1.0,done,69
283,48,0,10.0,1.0,done,135
284,0,0,10.0,1.0,done,25
284,1,10.0,10.0,0.0,pending,
284,2,0,5.0,1.0,done,21
284,3,0,10.0,1.0,done,65
284,4,15.0,15.0,0.0,pending,
284,5,0,10.0,1.0,done,203
284,6,0,10.0,1.0,done,205
284,7,0,10.0,1.0,done,198
284,8,0,10.0,1.0,done,47
284,9,0,10.0,1.0,done,125
284,10,0,15.0,1.0,done,168
284,11,0,5.0,1.0,done,51
284,12,0,15.0,1.0,done,17
284,13,5.0,5.0,0.0,pending,
284,14,10.0,10.0,0.0,pending,
284,15,0,5.0,1.0,done,30
284,16,0,5.0,1.0,done,188
284,17,0,15.0,1.0,done,43
284,18,10.0,10.0,0.0,pending,
284,19,0,15.0,1.0,done,135
284,20,0,15.0,1.0,done,52
284,21,0,15.0,1.0,done,53
284,22,0,5.0,1.0,done,120
284,23,0,10.0,1.0,done,37
284,24,0,5.0,1.0,done,123
284,25,0,15.0,1.0,done,233
284,26,0,5.0,1.0,done,102
284,27,0,15.0,1.0,done,60
284,28,0,10.0,1.0,done,83
284,29,0,10.0,1.0,done,142
284,30,15.0,15.0,0.0,pending,
284,31,0,5.0,1.0,done,156
284,32,0,10.0,1.0,done,180
284,33,0,10.0,1.0,done,144
284,34,0,10.0,1.0,done,46
284,35,0,15.0,1.0,done,223
284,36,0,15.0,1.0,done,123
284,37,0,5.0,1.0,done,66
284,38,0,15.0,1.0,done,191
284,39,0,10.0,1.0,done,28
284,40,0,10.0,1.0,done,89
284,41,0,15.0,1.0,done,229
284,42,0,10.0,1.0,done,257
284,43,0,5.0,1.0,done,94
284,44,0,15.0,1.0,done,18
284,45,0,5.0,1.0,done,110
284,46,0,5.0,1.0,done,31
284,47,0,15.0,1.0,done,69
284,48,0,10.0,1.0,done,135
285,0,0,10.0,1.0,done,25
285,1,10.0,10.0,0.0,pending,
285,2,0,5.0,1.0,done,21
285,3,0,10.0,1.0,done,65
285,4,15.0,15.0,0.0,pending,
285,5,0,10.0,1.0,done,203
285,6,0,10.0,1.0,done,205
285,7,0,10.0,1.0,done,198
285,8,0,10.0,1.0,done,47
285,9,0,10.0,1.0,done,125
285,10,0,15.0,1.0,done,168
285,11,0,5.0,1.0,done,51
285,12,0,15.0,1.0,done,17
285,13,5.0,5.0,0.0,pending,
285,14,10.0,10.0,0.0,pending,
285,15,0,5.0,1.0,done,30
285,16,0,5.0,1.0,done,188
285,17,0,15.0,1.0,done,43
285,18,10.0,10.0,0.0,pending,
285,19,0,15.0,1.0,done,135
285,20,0,15.0,1.0,done,52
285,21,0,15.0,1.0,done,53
285,22,0,5.0,1.0,done,120
285,23,0,10.0,1.0,done,37
285,24,0,5.0,1.0,done,123
285,25,0,15.0,1.0,done,233
285,26,0,5.0,1.0,done,102
285,27,0,15.0,1.0,done,60
285,28,0,10.0,1.0,done,83
285,29,0,10.0,1.0,done,142
285,30,15.0,15.0,0.0,pending,
285,31,0,5.0,1.0,done,156
285,32,0,10.0,1.0,done,180
285,33,0,10.0,1.0,done,144
285,34,0,10.0,1.0,done,46
285,35,0,15.0,1.0,done,223
285,36,0,15.0,1.0,done,123
285,37,0,5.0,1.0,done,66
285,38,0,15.0,1.0,done,191
285,39,0,10.0,1.0,done,28
285,40,0,10.0,1.0,done,89
285,41,0,15.0,1.0,done,229
285,42,0,10.0,1.0,done,257
285,43,0,5.0,1.0,done,94
285,44,0,15.0,1.0,done,18
285,45,0,5.0,1.0,done,110
285,46,0,5.0,1.0,done,31
285,47,0,15.0,1.0,done,69
285,48,0,10.0,1.0,done,135
286,0,0,10.0,1.0,done,25
286,1,10.0,10.0,0.0,pending,
286,2,0,5.0,1.0,done,21
286,3,0,10.0,1.0,done,65
286,4,15.0,15.0,0.0,pending,
286,5,0,10.0,1.0,done,203
286,6,0,10.0,1.0,done,205
286,7,0,10.0,1.0,done,198
286,8,0,10.0,1.0,done,47
286,9,0,10.0,1.0,done,125
286,10,0,15.0,1.0,done,168
286,11,0,5.0,1.0,done,51
286,12,0,15.0,1.0,done,17
286,13,5.0,5.0,0.0,pending,
286,14,10.0,10.0,0.0,pending,
286,15,0,5.0,1.0,done,30
286,16,0,5.0,1.0,done,188
286,17,0,15.0,1.0,done,43
286,18,10.0,10.0,0.0,pending,
286,19,0,15.0,1.0,done,135
286,20,0,15.0,1.0,done,52
286,21,0,15.0,1.0,done,53
286,22,0,5.0,1.0,done,120
286,23,0,10.0,1.0,done,37
286,24,0,5.0,1.0,done,123
286,25,0,15.0,1.0,done,233
286,26,0,5.0,1.0,done,102
286,27,0,15.0,1.0,done,60
286,28,0,10.0,1.0,done,83
286,29,0,10.0,1.0,done,142
286,30,15.0,15.0,0.0,pending,
286,31,0,5.0,1.0,done,156
286,32,0,10.0,1.0,done,180
286,33,0,10.0,1.0,done,144
286,34,0,10.0,1.0,done,46
286,35,0,15.0,1.0,done,223
286,36,0,15.0,1.0,done,123
286,37,0,5.0,1.0,done,66
286,38,0,15.0,1.0,done,191
286,39,0,10.0,1.0,done,28
286,40,0,10.0,1.0,done,89
286,41,0,15.0,1.0,done,229
286,42,0,10.0,1.0,done,257
286,43,0,5.0,1.0,done,94
286,44,0,15.0,1.0,done,18
286,45,0,5.0,1.0,done,110
286,46,0,5.0,1.0,done,31
286,47,0,15.0,1.0,done,69
286,48,0,10.0,1.0,done,135
287,0,0,10.0,1.0,done,25
287,1,10.0,10.0,0.0,pending,
287,2,0,5.0,1.0,done,21
287,3,0,10.0,1.0,done,65
287,4,15.0,15.0,0.0,pending,
287,5,0,10.0,1.0,done,203
287,6,0,10.0,1.0,done,205
287,7,0,10.0,1.0,done,198
287,8,0,10.0,1.0,done,47
287,9,0,10.0,1.0,done,125
287,10,0,15.0,1.0,done,168
287,11,0,5.0,1.0,done,51
287,12,0,15.0,1.0,done,17
287,13,5.0,5.0,0.0,pending,
287,14,10.0,10.0,0.0,pending,
287,15,0,5.0,1.0,done,30
287,16,0,5.0,1.0,done,188
287,17,0,15.0,1.0,done,43
287,18,10.0,10.0,0.0,pending,
287,19,0,15.0,1.0,done,135
287,20,0,15.0,1.0,done,52
287,21,0,15.0,1.0,done,53
287,22,0,5.0,1.0,done,120
287,23,0,10.0,1.0,done,37
287,24,0,5.0,1.0,done,123
287,25,0,15.0,1.0,done,233
287,26,0,5.0,1.0,done,102
287,27,0,15.0,1.0,done,60
287,28,0,10.0,1.0,done,83
287,29,0,10.0,1.0,done,142
287,30,15.0,15.0,0.0,pending,
287,31,0,5.0,1.0,done,156
287,32,0,10.0,1.0,done,180
287,33,0,10.0,1.0,done,144
287,34,0,10.0,1.0,done,46
287,35,0,15.0,1.0,done,223
287,36,0,15.0,1.0,done,123
287,37,0,5.0,1.0,done,66
287,38,0,15.0,1.0,done,191
287,39,0,10.0,1.0,done,28
287,40,0,10.0,1.0,done,89
287,41,0,15.0,1.0,done,229
287,42,0,10.0,1.0,done,257
287,43,0,5.0,1.0,done,94
287,44,0,15.0,1.0,done,18
287,45,0,5.0,1.0,done,110
287,46,0,5.0,1.0,done,31
287,47,0,15.0,1.0,done,69
287,48,0,10.0,1.0,done,135
288,0,0,10.0,1.0,done,25
288,1,10.0,10.0,0.0,pending,
288,2,0,5.0,1.0,done,21
288,3,0,10.0,1.0,done,65
288,4,15.0,15.0,0.0,pending,
288,5,0,10.0,1.0,done,203
288,6,0,10.0,1.0,done,205
288,7,0,10.0,1.0,done,198
288,8,0,10.0,1.0,done,47
288,9,0,10.0,1.0,done,125
288,10,0,15.0,1.0,done,168
288,11,0,5.0,1.0,done,51
288,12,0,15.0,1.0,done,17
288,13,5.0,5.0,0.0,pending,
288,14,10.0,10.0,0.0,pending,
288,15,0,5.0,1.0,done,30
288,16,0,5.0,1.0,done,188
288,17,0,15.0,1.0,done,43
288,18,10.0,10.0,0.0,pending,
288,19,0,15.0,1.0,done,135
288,20,0,15.0,1.0,done,52
288,21,0,15.0,1.0,done,53
288,22,0,5.0,1.0,done,120
288,23,0,10.0,1.0,done,37
288,24,0,5.0,1.0,done,123
288,25,0,15.0,1.0,done,233
288,26,0,5.0,1.0,done,102
288,27,0,15.0,1.0,done,60
288,28,0,10.0,1.0,done,83
288,29,0,10.0,1.0,done,142
288,30,15.0,15.0,0.0,pending,
288,31,0,5.0,1.0,done,156
288,32,0,10.0,1.0,done,180
288,33,0,10.0,1.0,done,144
288,34,0,10.0,1.0,done,46
288,35,0,15.0,1.0,done,223
288,36,0,15.0,1.0,done,123
288,37,0,5.0,1.0,done,66
288,38,0,15.0,1.0,done,191
288,39,0,10.0,1.0,done,28
288,40,0,10.0,1.0,done,89
288,41,0,15.0,1.0,done,229
288,42,0,10.0,1.0,done,257
288,43,0,5.0,1.0,done,94
288,44,0,15.0,1.0,done,18
288,45,0,5.0,1.0,done,110
288,46,0,5.0,1.0,done,31
288,47,0,15.0,1.0,done,69
288,48,0,10.0,1.0,done,135
289,0,0,10.0,1.0,done,25
289,1,10.0,10.0,0.0,pending,
289,2,0,5.0,1.0,done,21
289,3,0,10.0,1.0,done,65
289,4,15.0,15.0,0.0,pending,
289,5,0,10.0,1.0,done,203
289,6,0,10.0,1.0,done,205
289,7,0,10.0,1.0,done,198
289,8,0,10.0,1.0,done,47
289,9,0,10.0,1.0,done,125
289,10,0,15.0,1.0,done,168
289,11,0,5.0,1.0,done,51
289,12,0,15.0,1.0,done,17
289,13,5.0,5.0,0.0,pending,
289,14,10.0,10.0,0.0,pending,
289,15,0,5.0,1.0,done,30
289,16,0,5.0,1.0,done,188
289,17,0,15.0,1.0,done,43
289,18,10.0,10.0,0.0,pending,
289,19,0,15.0,1.0,done,135
289,20,0,15.0,1.0,done,52
289,21,0,15.0,1.0,done,53
289,22,0,5.0,1.0,done,120
289,23,0,10.0,1.0,done,37
289,24,0,5.0,1.0,done,123
289,25,0,15.0,1.0,done,233
289,26,0,5.0,1.0,done,102
289,27,0,15.0,1.0,done,60
289,28,0,10.0,1.0,done,83
289,29,0,10.0,1.0,done,142
289,30,15.0,15.0,0.0,pending,
289,31,0,5.0,1.0,done,156
289,32,0,10.0,1.0,done,180
289,33,0,10.0,1.0,done,144
289,34,0,10.0,1.0,done,46
289,35,0,15.0,1.0,done,223
289,36,0,15.0,1.0,done,123
289,37,0,5.0,1.0,done,66
289,38,0,15.0,1.0,done,191
289,39,0,10.0,1.0,done,28
289,40,0,10.0,1.0,done,89
289,41,0,15.0,1.0,done,229
289,42,0,10.0,1.0,done,257
289,43,0,5.0,1.0,done,94
289,44,0,15.0,1.0,done,18
289,45,0,5.0,1.0,done,110
289,46,0,5.0,1.0,done,31
289,47,0,15.0,1.0,done,69
289,48,0,10.0,1.0,done,135
290,0,0,10.0,1.0,done,25
290,1,10.0,10.0,0.0,pending,
290,2,0,5.0,1.0,done,21
290,3,0,10.0,1.0,done,65
290,4,15.0,15.0,0.0,pending,
290,5,0,10.0,1.0,done,203
290,6,0,10.0,1.0,done,205
290,7,0,10.0,1.0,done,198
290,8,0,10.0,1.0,done,47
290,9,0,10.0,1.0,done,125
290,10,0,15.0,1.0,done,168
290,11,0,5.0,1.0,done,51
290,12,0,15.0,1.0,done,17
290,13,5.0,5.0,0.0,pending,
290,14,10.0,10.0,0.0,pending,
290,15,0,5.0,1.0,done,30
290,16,0,5.0,1.0,done,188
290,17,0,15.0,1.0,done,43
290,18,10.0,10.0,0.0,pending,
290,19,0,15.0,1.0,done,135
290,20,0,15.0,1.0,done,52
290,21,0,15.0,1.0,done,53
290,22,0,5.0,1.0,done,120
290,23,0,10.0,1.0,done,37
290,24,0,5.0,1.0,done,123
290,25,0,15.0,1.0,done,233
290,26,0,5.0,1.0,done,102
290,27,0,15.0,1.0,done,60
290,28,0,10.0,1.0,done,83
290,29,0,10.0,1.0,done,142
290,30,15.0,15.0,0.0,pending,
290,31,0,5.0,1.0,done,156
290,32,0,10.0,1.0,done,180
290,33,0,10.0,1.0,done,144
290,34,0,10.0,1.0,done,46
290,35,0,15.0,1.0,done,223
290,36,0,15.0,1.0,done,123
290,37,0,5.0,1.0,done,66
290,38,0,15.0,1.0,done,191
290,39,0,10.0,1.0,done,28
290,40,0,10.0,1.0,done,89
290,41,0,15.0,1.0,done,229
290,42,0,10.0,1.0,done,257
290,43,0,5.0,1.0,done,94
290,44,0,15.0,1.0,done,18
290,45,0,5.0,1.0,done,110
290,46,0,5.0,1.0,done,31
290,47,0,15.0,1.0,done,69
290,48,0,10.0,1.0,done,135
291,0,0,10.0,1.0,done,25
291,1,10.0,10.0,0.0,pending,
291,2,0,5.0,1.0,done,21
291,3,0,10.0,1.0,done,65
291,4,15.0,15.0,0.0,pending,
291,5,0,10.0,1.0,done,203
291,6,0,10.0,1.0,done,205
291,7,0,10.0,1.0,done,198
291,8,0,10.0,1.0,done,47
291,9,0,10.0,1.0,done,125
291,10,0,15.0,1.0,done,168
291,11,0,5.0,1.0,done,51
291,12,0,15.0,1.0,done,17
291,13,5.0,5.0,0.0,pending,
291,14,10.0,10.0,0.0,pending,
291,15,0,5.0,1.0,done,30
291,16,0,5.0,1.0,done,188
291,17,0,15.0,1.0,done,43
291,18,10.0,10.0,0.0,pending,
291,19,0,15.0,1.0,done,135
291,20,0,15.0,1.0,done,52
291,21,0,15.0,1.0,done,53
291,22,0,5.0,1.0,done,120
291,23,0,10.0,1.0,done,37
291,24,0,5.0,1.0,done,123
291,25,0,15.0,1.0,done,233
291,26,0,5.0,1.0,done,102
291,27,0,15.0,1.0,done,60
291,28,0,10.0,1.0,done,83
291,29,0,10.0,1.0,done,142
291,30,15.0,15.0,0.0,pending,
291,31,0,5.0,1.0,done,156
291,32,0,10.0,1.0,done,180
291,33,0,10.0,1.0,done,144
291,34,0,10.0,1.0,done,46
291,35,0,15.0,1.0,done,223
291,36,0,15.0,1.0,done,123
291,37,0,5.0,1.0,done,66
291,38,0,15.0,1.0,done,191
291,39,0,10.0,1.0,done,28
291,40,0,10.0,1.0,done,89
291,41,0,15.0,1.0,done,229
291,42,0,10.0,1.0,done,257
291,43,0,5.0,1.0,done,94
291,44,0,15.0,1.0,done,18
291,45,0,5.0,1.0,done,110
291,46,0,5.0,1.0,done,31
291,47,0,15.0,1.0,done,69
291,48,0,10.0,1.0,done,135
292,0,0,10.0,1.0,done,25
292,1,10.0,10.0,0.0,pending,
292,2,0,5.0,1.0,done,21
292,3,0,10.0,1.0,done,65
292,4,15.0,15.0,0.0,pending,
292,5,0,10.0,1.0,done,203
292,6,0,10.0,1.0,done,205
292,7,0,10.0,1.0,done,198
292,8,0,10.0,1.0,done,47
292,9,0,10.0,1.0,done,125
292,10,0,15.0,1.0,done,168
292,11,0,5.0,1.0,done,51
292,12,0,15.0,1.0,done,17
292,13,5.0,5.0,0.0,pending,
292,14,10.0,10.0,0.0,pending,
292,15,0,5.0,1.0,done,30
292,16,0,5.0,1.0,done,188
292,17,0,15.0,1.0,done,43
292,18,10.0,10.0,0.0,pending,
292,19,0,15.0,1.0,done,135
292,20,0,15.0,1.0,done,52
292,21,0,15.0,1.0,done,53
292,22,0,5.0,1.0,done,120
292,23,0,10.0,1.0,done,37
292,24,0,5.0,1.0,done,123
292,25,0,15.0,1.0,done,233
292,26,0,5.0,1.0,done,102
292,27,0,15.0,1.0,done,60
292,28,0,10.0,1.0,done,83
292,29,0,10.0,1.0,done,142
292,30,15.0,15.0,0.0,pending,
292,31,0,5.0,1.0,done,156
292,32,0,10.0,1.0,done,180
292,33,0,10.0,1.0,done,144
292,34,0,10.0,1.0,done,46
292,35,0,15.0,1.0,done,223
292,36,0,15.0,1.0,done,123
292,37,0,5.0,1.0,done,66
292,38,0,15.0,1.0,done,191
292,39,0,10.0,1.0,done,28
292,40,0,10.0,1.0,done,89
292,41,0,15.0,1.0,done,229
292,42,0,10.0,1.0,done,257
292,43,0,5.0,1.0,done,94
292,44,0,15.0,1.0,done,18
292,45,0,5.0,1.0,done,110
292,46,0,5.0,1.0,done,31
292,47,0,15.0,1.0,done,69
292,48,0,10.0,1.0,done,135
293,0,0,10.0,1.0,done,25
293,1,10.0,10.0,0.0,pending,
293,2,0,5.0,1.0,done,21
293,3,0,10.0,1.0,done,65
293,4,15.0,15.0,0.0,pending,
293,5,0,10.0,1.0,done,203
293,6,0,10.0,1.0,done,205
293,7,0,10.0,1.0,done,198
293,8,0,10.0,1.0,done,47
293,9,0,10.0,1.0,done,125
293,10,0,15.0,1.0,done,168
293,11,0,5.0,1.0,done,51
293,12,0,15.0,1.0,done,17
293,13,5.0,5.0,0.0,pending,
293,14,10.0,10.0,0.0,pending,
293,15,0,5.0,1.0,done,30
293,16,0,5.0,1.0,done,188
293,17,0,15.0,1.0,done,43
293,18,10.0,10.0,0.0,pending,
293,19,0,15.0,1.0,done,135
293,20,0,15.0,1.0,done,52
293,21,0,15.0,1.0,done,53
293,22,0,5.0,1.0,done,120
293,23,0,10.0,1.0,done,37
293,24,0,5.0,1.0,done,123
293,25,0,15.0,1.0,done,233
293,26,0,5.0,1.0,done,102
293,27,0,15.0,1.0,done,60
293,28,0,10.0,1.0,done,83
293,29,0,10.0,1.0,done,142
293,30,15.0,15.0,0.0,pending,
293,31,0,5.0,1.0,done,156
293,32,0,10.0,1.0,done,180
293,33,0,10.0,1.0,done,144
293,34,0,10.0,1.0,done,46
293,35,0,15.0,1.0,done,223
293,36,0,15.0,1.0,done,123
293,37,0,5.0,1.0,done,66
293,38,0,15.0,1.0,done,191
293,39,0,10.0,1.0,done,28
293,40,0,10.0,1.0,done,89
293,41,0,15.0,1.0,done,229
293,42,0,10.0,1.0,done,257
293,43,0,5.0,1.0,done,94
293,44,0,15.0,1.0,done,18
293,45,0,5.0,1.0,done,110
293,46,0,5.0,1.0,done,31
293,47,0,15.0,1.0,done,69
293,48,0,10.0,1.0,done,135
294,0,0,10.0,1.0,done,25
294,1,10.0,10.0,0.0,pending,
294,2,0,5.0,1.0,done,21
294,3,0,10.0,1.0,done,65
294,4,15.0,15.0,0.0,pending,
294,5,0,10.0,1.0,done,203
294,6,0,10.0,1.0,done,205
294,7,0,10.0,1.0,done,198
294,8,0,10.0,1.0,done,47
294,9,0,10.0,1.0,done,125
294,10,0,15.0,1.0,done,168
294,11,0,5.0,1.0,done,51
294,12,0,15.0,1.0,done,17
294,13,5.0,5.0,0.0,pending,
294,14,10.0,10.0,0.0,pending,
294,15,0,5.0,1.0,done,30
294,16,0,5.0,1.0,done,188
294,17,0,15.0,1.0,done,43
294,18,10.0,10.0,0.0,pending,
294,19,0,15.0,1.0,done,135
294,20,0,15.0,1.0,done,52
294,21,0,15.0,1.0,done,53
294,22,0,5.0,1.0,done,120
294,23,0,10.0,1.0,done,37
294,24,0,5.0,1.0,done,123
294,25,0,15.0,1.0,done,233
294,26,0,5.0,1.0,done,102
294,27,0,15.0,1.0,done,60
294,28,0,10.0,1.0,done,83
294,29,0,10.0,1.0,done,142
294,30,15.0,15.0,0.0,pending,
294,31,0,5.0,1.0,done,156
294,32,0,10.0,1.0,done,180
294,33,0,10.0,1.0,done,144
294,34,0,10.0,1.0,done,46
294,35,0,15.0,1.0,done,223
294,36,0,15.0,1.0,done,123
294,37,0,5.0,1.0,done,66
294,38,0,15.0,1.0,done,191
294,39,0,10.0,1.0,done,28
294,40,0,10.0,1.0,done,89
294,41,0,15.0,1.0,done,229
294,42,0,10.0,1.0,done,257
294,43,0,5.0,1.0,done,94
294,44,0,15.0,1.0,done,18
294,45,0,5.0,1.0,done,110
294,46,0,5.0,1.0,done,31
294,47,0,15.0,1.0,done,69
294,48,0,10.0,1.0,done,135
295,0,0,10.0,1.0,done,25
295,1,10.0,10.0,0.0,pending,
295,2,0,5.0,1.0,done,21
295,3,0,10.0,1.0,done,65
295,4,15.0,15.0,0.0,pending,
295,5,0,10.0,1.0,done,203
295,6,0,10.0,1.0,done,205
295,7,0,10.0,1.0,done,198
295,8,0,10.0,1.0,done,47
295,9,0,10.0,1.0,done,125
295,10,0,15.0,1.0,done,168
295,11,0,5.0,1.0,done,51
295,12,0,15.0,1.0,done,17
295,13,5.0,5.0,0.0,pending,
295,14,10.0,10.0,0.0,pending,
295,15,0,5.0,1.0,done,30
295,16,0,5.0,1.0,done,188
295,17,0,15.0,1.0,done,43
295,18,10.0,10.0,0.0,pending,
295,19,0,15.0,1.0,done,135
295,20,0,15.0,1.0,done,52
295,21,0,15.0,1.0,done,53
295,22,0,5.0,1.0,done,120
295,23,0,10.0,1.0,done,37
295,24,0,5.0,1.0,done,123
295,25,0,15.0,1.0,done,233
295,26,0,5.0,1.0,done,102
295,27,0,15.0,1.0,done,60
295,28,0,10.0,1.0,done,83
295,29,0,10.0,1.0,done,142
295,30,15.0,15.0,0.0,pending,
295,31,0,5.0,1.0,done,156
295,32,0,10.0,1.0,done,180
295,33,0,10.0,1.0,done,144
295,34,0,10.0,1.0,done,46
295,35,0,15.0,1.0,done,223
295,36,0,15.0,1.0,done,123
295,37,0,5.0,1.0,done,66
295,38,0,15.0,1.0,done,191
295,39,0,10.0,1.0,done,28
295,40,0,10.0,1.0,done,89
295,41,0,15.0,1.0,done,229
295,42,0,10.0,1.0,done,257
295,43,0,5.0,1.0,done,94
295,44,0,15.0,1.0,done,18
295,45,0,5.0,1.0,done,110
295,46,0,5.0,1.0,done,31
295,47,0,15.0,1.0,done,69
295,48,0,10.0,1.0,done,135
296,0,0,10.0,1.0,done,25
296,1,10.0,10.0,0.0,pending,
296,2,0,5.0,1.0,done,21
296,3,0,10.0,1.0,done,65
296,4,15.0,15.0,0.0,pending,
296,5,0,10.0,1.0,done,203
296,6,0,10.0,1.0,done,205
296,7,0,10.0,1.0,done,198
296,8,0,10.0,1.0,done,47
296,9,0,10.0,1.0,done,125
296,10,0,15.0,1.0,done,168
296,11,0,5.0,1.0,done,51
296,12,0,15.0,1.0,done,17
296,13,5.0,5.0,0.0,pending,
296,14,10.0,10.0,0.0,pending,
296,15,0,5.0,1.0,done,30
296,16,0,5.0,1.0,done,188
296,17,0,15.0,1.0,done,43
296,18,10.0,10.0,0.0,pending,
296,19,0,15.0,1.0,done,135
296,20,0,15.0,1.0,done,52
296,21,0,15.0,1.0,done,53
296,22,0,5.0,1.0,done,120
296,23,0,10.0,1.0,done,37
296,24,0,5.0,1.0,done,123
296,25,0,15.0,1.0,done,233
296,26,0,5.0,1.0,done,102
296,27,0,15.0,1.0,done,60
296,28,0,10.0,1.0,done,83
296,29,0,10.0,1.0,done,142
296,30,15.0,15.0,0.0,pending,
296,31,0,5.0,1.0,done,156
296,32,0,10.0,1.0,done,180
296,33,0,10.0,1.0,done,144
296,34,0,10.0,1.0,done,46
296,35,0,15.0,1.0,done,223
296,36,0,15.0,1.0,done,123
296,37,0,5.0,1.0,done,66
296,38,0,15.0,1.0,done,191
296,39,0,10.0,1.0,done,28
296,40,0,10.0,1.0,done,89
296,41,0,15.0,1.0,done,229
296,42,0,10.0,1.0,done,257
296,43,0,5.0,1.0,done,94
296,44,0,15.0,1.0,done,18
296,45,0,5.0,1.0,done,110
296,46,0,5.0,1.0,done,31
296,47,0,15.0,1.0,done,69
296,48,0,10.0,1.0,done,135
297,0,0,10.0,1.0,done,25
297,1,10.0,10.0,0.0,pending,
297,2,0,5.0,1.0,done,21
297,3,0,10.0,1.0,done,65
297,4,15.0,15.0,0.0,pending,
297,5,0,10.0,1.0,done,203
297,6,0,10.0,1.0,done,205
297,7,0,10.0,1.0,done,198
297,8,0,10.0,1.0,done,47
297,9,0,10.0,1.0,done,125
297,10,0,15.0,1.0,done,168
297,11,0,5.0,1.0,done,51
297,12,0,15.0,1.0,done,17
297,13,5.0,5.0,0.0,pending,
297,14,10.0,10.0,0.0,pending,
297,15,0,5.0,1.0,done,30
297,16,0,5.0,1.0,done,188
297,17,0,15.0,1.0,done,43
297,18,10.0,10.0,0.0,pending,
297,19,0,15.0,1.0,done,135
297,20,0,15.0,1.0,done,52
297,21,0,15.0,1.0,done,53
297,22,0,5.0,1.0,done,120
297,23,0,10.0,1.0,done,37
297,24,0,5.0,1.0,done,123
297,25,0,15.0,1.0,done,233
297,26,0,5.0,1.0,done,102
297,27,0,15.0,1.0,done,60
297,28,0,10.0,1.0,done,83
297,29,0,10.0,1.0,done,142
297,30,15.0,15.0,0.0,pending,
297,31,0,5.0,1.0,done,156
297,32,0,10.0,1.0,done,180
297,33,0,10.0,1.0,done,144
297,34,0,10.0,1.0,done,46
297,35,0,15.0,1.0,done,223
297,36,0,15.0,1.0,done,123
297,37,0,5.0,1.0,done,66
297,38,0,15.0,1.0,done,191
297,39,0,10.0,1.0,done,28
297,40,0,10.0,1.0,done,89
297,41,0,15.0,1.0,done,229
297,42,0,10.0,1.0,done,257
297,43,0,5.0,1.0,done,94
297,44,0,15.0,1.0,done,18
297,45,0,5.0,1.0,done,110
297,46,0,5.0,1.0,done,31
297,47,0,15.0,1.0,done,69
297,48,0,10.0,1.0,done,135
298,0,0,10.0,1.0,done,25
298,1,10.0,10.0,0.0,pending,
298,2,0,5.0,1.0,done,21
298,3,0,10.0,1.0,done,65
298,4,15.0,15.0,0.0,pending,
298,5,0,10.0,1.0,done,203
298,6,0,10.0,1.0,done,205
298,7,0,10.0,1.0,done,198
298,8,0,10.0,1.0,done,47
298,9,0,10.0,1.0,done,125
298,10,0,15.0,1.0,done,168
298,11,0,5.0,1.0,done,51
298,12,0,15.0,1.0,done,17
298,13,5.0,5.0,0.0,pending,
298,14,10.0,10.0,0.0,pending,
298,15,0,5.0,1.0,done,30
298,16,0,5.0,1.0,done,188
298,17,0,15.0,1.0,done,43
298,18,10.0,10.0,0.0,pending,
298,19,0,15.0,1.0,done,135
298,20,0,15.0,1.0,done,52
298,21,0,15.0,1.0,done,53
298,22,0,5.0,1.0,done,120
298,23,0,10.0,1.0,done,37
298,24,0,5.0,1.0,done,123
298,25,0,15.0,1.0,done,233
298,26,0,5.0,1.0,done,102
298,27,0,15.0,1.0,done,60
298,28,0,10.0,1.0,done,83
298,29,0,10.0,1.0,done,142
298,30,15.0,15.0,0.0,pending,
298,31,0,5.0,1.0,done,156
298,32,0,10.0,1.0,done,180
298,33,0,10.0,1.0,done,144
298,34,0,10.0,1.0,done,46
298,35,0,15.0,1.0,done,223
298,36,0,15.0,1.0,done,123
298,37,0,5.0,1.0,done,66
298,38,0,15.0,1.0,done,191
298,39,0,10.0,1.0,done,28
298,40,0,10.0,1.0,done,89
298,41,0,15.0,1.0,done,229
298,42,0,10.0,1.0,done,257
298,43,0,5.0,1.0,done,94
298,44,0,15.0,1.0,done,18
298,45,0,5.0,1.0,done,110
298,46,0,5.0,1.0,done,31
298,47,0,15.0,1.0,done,69
298,48,0,10.0,1.0,done,135
299,0,0,10.0,1.0,done,25
299,1,10.0,10.0,0.0,pending,
299,2,0,5.0,1.0,done,21
299,3,0,10.0,1.0,done,65
299,4,15.0,15.0,0.0,pending,
299,5,0,10.0,1.0,done,203
299,6,0,10.0,1.0,done,205
299,7,0,10.0,1.0,done,198
299,8,0,10.0,1.0,done,47
299,9,0,10.0,1.0,done,125
299,10,0,15.0,1.0,done,168
299,11,0,5.0,1.0,done,51
299,12,0,15.0,1.0,done,17
299,13,5.0,5.0,0.0,pending,
299,14,10.0,10.0,0.0,pending,
299,15,0,5.0,1.0,done,30
299,16,0,5.0,1.0,done,188
299,17,0,15.0,1.0,done,43
299,18,10.0,10.0,0.0,pending,
299,19,0,15.0,1.0,done,135
299,20,0,15.0,1.0,done,52
299,21,0,15.0,1.0,done,53
299,22,0,5.0,1.0,done,120
299,23,0,10.0,1.0,done,37
299,24,0,5.0,1.0,done,123
299,25,0,15.0,1.0,done,233
299,26,0,5.0,1.0,done,102
299,27,0,15.0,1.0,done,60
299,28,0,10.0,1.0,done,83
299,29,0,10.0,1.0,done,142
299,30,15.0,15.0,0.0,pending,
299,31,0,5.0,1.0,done,156
299,32,0,10.0,1.0,done,180
299,33,0,10.0,1.0,done,144
299,34,0,10.0,1.0,done,46
299,35,0,15.0,1.0,done,223
299,36,0,15.0,1.0,done,123
299,37,0,5.0,1.0,done,66
299,38,0,15.0,1.0,done,191
299,39,0,10.0,1.0,done,28
299,40,0,10.0,1.0,done,89
299,41,0,15.0,1.0,done,229
299,42,0,10.0,1.0,done,257
299,43,0,5.0,1.0,done,94
299,44,0,15.0,1.0,done,18
299,45,0,5.0,1.0,done,110
299,46,0,5.0,1.0,done,31
299,47,0,15.0,1.0,done,69
299,48,0,10.0,1.0,done,135
300,0,0,10.0,1.0,done,25
300,1,10.0,10.0,0.0,pending,
300,2,0,5.0,1.0,done,21
300,3,0,10.0,1.0,done,65
300,4,15.0,15.0,0.0,pending,
300,5,0,10.0,1.0,done,203
300,6,0,10.0,1.0,done,205
300,7,0,10.0,1.0,done,198
300,8,0,10.0,1.0,done,47
300,9,0,10.0,1.0,done,125
300,10,0,15.0,1.0,done,168
300,11,0,5.0,1.0,done,51
300,12,0,15.0,1.0,done,17
300,13,5.0,5.0,0.0,pending,
300,14,10.0,10.0,0.0,pending,
300,15,0,5.0,1.0,done,30
300,16,0,5.0,1.0,done,188
300,17,0,15.0,1.0,done,43
300,18,10.0,10.0,0.0,pending,
300,19,0,15.0,1.0,done,135
300,20,0,15.0,1.0,done,52
300,21,0,15.0,1.0,done,53
300,22,0,5.0,1.0,done,120
300,23,0,10.0,1.0,done,37
300,24,0,5.0,1.0,done,123
300,25,0,15.0,1.0,done,233
300,26,0,5.0,1.0,done,102
300,27,0,15.0,1.0,done,60
300,28,0,10.0,1.0,done,83
300,29,0,10.0,1.0,done,142
300,30,15.0,15.0,0.0,pending,
300,31,0,5.0,1.0,done,156
300,32,0,10.0,1.0,done,180
300,33,0,10.0,1.0,done,144
300,34,0,10.0,1.0,done,46
300,35,0,15.0,1.0,done,223
300,36,0,15.0,1.0,done,123
300,37,0,5.0,1.0,done,66
300,38,0,15.0,1.0,done,191
300,39,0,10.0,1.0,done,28
300,40,0,10.0,1.0,done,89
300,41,0,15.0,1.0,done,229
300,42,0,10.0,1.0,done,257
300,43,0,5.0,1.0,done,94
300,44,0,15.0,1.0,done,18
300,45,0,5.0,1.0,done,110
300,46,0,5.0,1.0,done,31
300,47,0,15.0,1.0,done,69
300,48,0,10.0,1.0,done,135
301,0,0,10.0,1.0,done,25
301,1,10.0,10.0,0.0,pending,
301,2,0,5.0,1.0,done,21
301,3,0,10.0,1.0,done,65
301,4,15.0,15.0,0.0,pending,
301,5,0,10.0,1.0,done,203
301,6,0,10.0,1.0,done,205
301,7,0,10.0,1.0,done,198
301,8,0,10.0,1.0,done,47
301,9,0,10.0,1.0,done,125
301,10,0,15.0,1.0,done,168
301,11,0,5.0,1.0,done,51
301,12,0,15.0,1.0,done,17
301,13,5.0,5.0,0.0,pending,
301,14,10.0,10.0,0.0,pending,
301,15,0,5.0,1.0,done,30
301,16,0,5.0,1.0,done,188
301,17,0,15.0,1.0,done,43
301,18,10.0,10.0,0.0,pending,
301,19,0,15.0,1.0,done,135
301,20,0,15.0,1.0,done,52
301,21,0,15.0,1.0,done,53
301,22,0,5.0,1.0,done,120
301,23,0,10.0,1.0,done,37
301,24,0,5.0,1.0,done,123
301,25,0,15.0,1.0,done,233
301,26,0,5.0,1.0,done,102
301,27,0,15.0,1.0,done,60
301,28,0,10.0,1.0,done,83
301,29,0,10.0,1.0,done,142
301,30,15.0,15.0,0.0,pending,
301,31,0,5.0,1.0,done,156
301,32,0,10.0,1.0,done,180
301,33,0,10.0,1.0,done,144
301,34,0,10.0,1.0,done,46
301,35,0,15.0,1.0,done,223
301,36,0,15.0,1.0,done,123
301,37,0,5.0,1.0,done,66
301,38,0,15.0,1.0,done,191
301,39,0,10.0,1.0,done,28
301,40,0,10.0,1.0,done,89
301,41,0,15.0,1.0,done,229
301,42,0,10.0,1.0,done,257
301,43,0,5.0,1.0,done,94
301,44,0,15.0,1.0,done,18
301,45,0,5.0,1.0,done,110
301,46,0,5.0,1.0,done,31
301,47,0,15.0,1.0,done,69
301,48,0,10.0,1.0,done,135
302,0,0,10.0,1.0,done,25
302,1,10.0,10.0,0.0,pending,
302,2,0,5.0,1.0,done,21
302,3,0,10.0,1.0,done,65
302,4,15.0,15.0,0.0,pending,
302,5,0,10.0,1.0,done,203
302,6,0,10.0,1.0,done,205
302,7,0,10.0,1.0,done,198
302,8,0,10.0,1.0,done,47
302,9,0,10.0,1.0,done,125
302,10,0,15.0,1.0,done,168
302,11,0,5.0,1.0,done,51
302,12,0,15.0,1.0,done,17
302,13,5.0,5.0,0.0,pending,
302,14,10.0,10.0,0.0,pending,
302,15,0,5.0,1.0,done,30
302,16,0,5.0,1.0,done,188
302,17,0,15.0,1.0,done,43
302,18,10.0,10.0,0.0,pending,
302,19,0,15.0,1.0,done,135
302,20,0,15.0,1.0,done,52
302,21,0,15.0,1.0,done,53
302,22,0,5.0,1.0,done,120
302,23,0,10.0,1.0,done,37
302,24,0,5.0,1.0,done,123
302,25,0,15.0,1.0,done,233
302,26,0,5.0,1.0,done,102
302,27,0,15.0,1.0,done,60
302,28,0,10.0,1.0,done,83
302,29,0,10.0,1.0,done,142
302,30,15.0,15.0,0.0,pending,
302,31,0,5.0,1.0,done,156
302,32,0,10.0,1.0,done,180
302,33,0,10.0,1.0,done,144
302,34,0,10.0,1.0,done,46
302,35,0,15.0,1.0,done,223
302,36,0,15.0,1.0,done,123
302,37,0,5.0,1.0,done,66
302,38,0,15.0,1.0,done,191
302,39,0,10.0,1.0,done,28
302,40,0,10.0,1.0,done,89
302,41,0,15.0,1.0,done,229
302,42,0,10.0,1.0,done,257
302,43,0,5.0,1.0,done,94
302,44,0,15.0,1.0,done,18
302,45,0,5.0,1.0,done,110
302,46,0,5.0,1.0,done,31
302,47,0,15.0,1.0,done,69
302,48,0,10.0,1.0,done,135
303,0,0,10.0,1.0,done,25
303,1,10.0,10.0,0.0,pending,
303,2,0,5.0,1.0,done,21
303,3,0,10.0,1.0,done,65
303,4,15.0,15.0,0.0,pending,
303,5,0,10.0,1.0,done,203
303,6,0,10.0,1.0,done,205
303,7,0,10.0,1.0,done,198
303,8,0,10.0,1.0,done,47
303,9,0,10.0,1.0,done,125
303,10,0,15.0,1.0,done,168
303,11,0,5.0,1.0,done,51
303,12,0,15.0,1.0,done,17
303,13,5.0,5.0,0.0,pending,
303,14,10.0,10.0,0.0,pending,
303,15,0,5.0,1.0,done,30
303,16,0,5.0,1.0,done,188
303,17,0,15.0,1.0,done,43
303,18,10.0,10.0,0.0,pending,
303,19,0,15.0,1.0,done,135
303,20,0,15.0,1.0,done,52
303,21,0,15.0,1.0,done,53
303,22,0,5.0,1.0,done,120
303,23,0,10.0,1.0,done,37
303,24,0,5.0,1.0,done,123
303,25,0,15.0,1.0,done,233
303,26,0,5.0,1.0,done,102
303,27,0,15.0,1.0,done,60
303,28,0,10.0,1.0,done,83
303,29,0,10.0,1.0,done,142
303,30,15.0,15.0,0.0,pending,
303,31,0,5.0,1.0,done,156
303,32,0,10.0,1.0,done,180
303,33,0,10.0,1.0,done,144
303,34,0,10.0,1.0,done,46
303,35,0,15.0,1.0,done,223
303,36,0,15.0,1.0,done,123
303,37,0,5.0,1.0,done,66
303,38,0,15.0,1.0,done,191
303,39,0,10.0,1.0,done,28
303,40,0,10.0,1.0,done,89
303,41,0,15.0,1.0,done,229
303,42,0,10.0,1.0,done,257
303,43,0,5.0,1.0,done,94
303,44,0,15.0,1.0,done,18
303,45,0,5.0,1.0,done,110
303,46,0,5.0,1.0,done,31
303,47,0,15.0,1.0,done,69
303,48,0,10.0,1.0,done,135
304,0,0,10.0,1.0,done,25
304,1,10.0,10.0,0.0,pending,
304,2,0,5.0,1.0,done,21
304,3,0,10.0,1.0,done,65
304,4,15.0,15.0,0.0,pending,
304,5,0,10.0,1.0,done,203
304,6,0,10.0,1.0,done,205
304,7,0,10.0,1.0,done,198
304,8,0,10.0,1.0,done,47
304,9,0,10.0,1.0,done,125
304,10,0,15.0,1.0,done,168
304,11,0,5.0,1.0,done,51
304,12,0,15.0,1.0,done,17
304,13,5.0,5.0,0.0,pending,
304,14,10.0,10.0,0.0,pending,
304,15,0,5.0,1.0,done,30
304,16,0,5.0,1.0,done,188
304,17,0,15.0,1.0,done,43
304,18,10.0,10.0,0.0,pending,
304,19,0,15.0,1.0,done,135
304,20,0,15.0,1.0,done,52
304,21,0,15.0,1.0,done,53
304,22,0,5.0,1.0,done,120
304,23,0,10.0,1.0,done,37
304,24,0,5.0,1.0,done,123
304,25,0,15.0,1.0,done,233
304,26,0,5.0,1.0,done,102
304,27,0,15.0,1.0,done,60
304,28,0,10.0,1.0,done,83
304,29,0,10.0,1.0,done,142
304,30,15.0,15.0,0.0,pending,
304,31,0,5.0,1.0,done,156
304,32,0,10.0,1.0,done,180
304,33,0,10.0,1.0,done,144
304,34,0,10.0,1.0,done,46
304,35,0,15.0,1.0,done,223
304,36,0,15.0,1.0,done,123
304,37,0,5.0,1.0,done,66
304,38,0,15.0,1.0,done,191
304,39,0,10.0,1.0,done,28
304,40,0,10.0,1.0,done,89
304,41,0,15.0,1.0,done,229
304,42,0,10.0,1.0,done,257
304,43,0,5.0,1.0,done,94
304,44,0,15.0,1.0,done,18
304,45,0,5.0,1.0,done,110
304,46,0,5.0,1.0,done,31
304,47,0,15.0,1.0,done,69
304,48,0,10.0,1.0,done,135
305,0,0,10.0,1.0,done,25
305,1,10.0,10.0,0.0,pending,
305,2,0,5.0,1.0,done,21
305,3,0,10.0,1.0,done,65
305,4,15.0,15.0,0.0,pending,
305,5,0,10.0,1.0,done,203
305,6,0,10.0,1.0,done,205
305,7,0,10.0,1.0,done,198
305,8,0,10.0,1.0,done,47
305,9,0,10.0,1.0,done,125
305,10,0,15.0,1.0,done,168
305,11,0,5.0,1.0,done,51
305,12,0,15.0,1.0,done,17
305,13,5.0,5.0,0.0,pending,
305,14,10.0,10.0,0.0,pending,
305,15,0,5.0,1.0,done,30
305,16,0,5.0,1.0,done,188
305,17,0,15.0,1.0,done,43
305,18,10.0,10.0,0.0,pending,
305,19,0,15.0,1.0,done,135
305,20,0,15.0,1.0,done,52
305,21,0,15.0,1.0,done,53
305,22,0,5.0,1.0,done,120
305,23,0,10.0,1.0,done,37
305,24,0,5.0,1.0,done,123
305,25,0,15.0,1.0,done,233
305,26,0,5.0,1.0,done,102
305,27,0,15.0,1.0,done,60
305,28,0,10.0,1.0,done,83
305,29,0,10.0,1.0,done,142
305,30,15.0,15.0,0.0,pending,
305,31,0,5.0,1.0,done,156
305,32,0,10.0,1.0,done,180
305,33,0,10.0,1.0,done,144
305,34,0,10.0,1.0,done,46
305,35,0,15.0,1.0,done,223
305,36,0,15.0,1.0,done,123
305,37,0,5.0,1.0,done,66
305,38,0,15.0,1.0,done,191
305,39,0,10.0,1.0,done,28
305,40,0,10.0,1.0,done,89
305,41,0,15.0,1.0,done,229
305,42,0,10.0,1.0,done,257
305,43,0,5.0,1.0,done,94
305,44,0,15.0,1.0,done,18
305,45,0,5.0,1.0,done,110
305,46,0,5.0,1.0,done,31
305,47,0,15.0,1.0,done,69
305,48,0,10.0,1.0,done,135
306,0,0,10.0,1.0,done,25
306,1,10.0,10.0,0.0,pending,
306,2,0,5.0,1.0,done,21
306,3,0,10.0,1.0,done,65
306,4,15.0,15.0,0.0,pending,
306,5,0,10.0,1.0,done,203
306,6,0,10.0,1.0,done,205
306,7,0,10.0,1.0,done,198
306,8,0,10.0,1.0,done,47
306,9,0,10.0,1.0,done,125
306,10,0,15.0,1.0,done,168
306,11,0,5.0,1.0,done,51
306,12,0,15.0,1.0,done,17
306,13,5.0,5.0,0.0,pending,
306,14,10.0,10.0,0.0,pending,
306,15,0,5.0,1.0,done,30
306,16,0,5.0,1.0,done,188
306,17,0,15.0,1.0,done,43
306,18,10.0,10.0,0.0,pending,
306,19,0,15.0,1.0,done,135
306,20,0,15.0,1.0,done,52
306,21,0,15.0,1.0,done,53
306,22,0,5.0,1.0,done,120
306,23,0,10.0,1.0,done,37
306,24,0,5.0,1.0,done,123
306,25,0,15.0,1.0,done,233
306,26,0,5.0,1.0,done,102
306,27,0,15.0,1.0,done,60
306,28,0,10.0,1.0,done,83
306,29,0,10.0,1.0,done,142
306,30,15.0,15.0,0.0,pending,
306,31,0,5.0,1.0,done,156
306,32,0,10.0,1.0,done,180
306,33,0,10.0,1.0,done,144
306,34,0,10.0,1.0,done,46
306,35,0,15.0,1.0,done,223
306,36,0,15.0,1.0,done,123
306,37,0,5.0,1.0,done,66
306,38,0,15.0,1.0,done,191
306,39,0,10.0,1.0,done,28
306,40,0,10.0,1.0,done,89
306,41,0,15.0,1.0,done,229
306,42,0,10.0,1.0,done,257
306,43,0,5.0,1.0,done,94
306,44,0,15.0,1.0,done,18
306,45,0,5.0,1.0,done,110
306,46,0,5.0,1.0,done,31
306,47,0,15.0,1.0,done,69
306,48,0,10.0,1.0,done,135
307,0,0,10.0,1.0,done,25
307,1,10.0,10.0,0.0,pending,
307,2,0,5.0,1.0,done,21
307,3,0,10.0,1.0,done,65
307,4,15.0,15.0,0.0,pending,
307,5,0,10.0,1.0,done,203
307,6,0,10.0,1.0,done,205
307,7,0,10.0,1.0,done,198
307,8,0,10.0,1.0,done,47
307,9,0,10.0,1.0,done,125
307,10,0,15.0,1.0,done,168
307,11,0,5.0,1.0,done,51
307,12,0,15.0,1.0,done,17
307,13,5.0,5.0,0.0,pending,
307,14,10.0,10.0,0.0,pending,
307,15,0,5.0,1.0,done,30
307,16,0,5.0,1.0,done,188
307,17,0,15.0,1.0,done,43
307,18,10.0,10.0,0.0,pending,
307,19,0,15.0,1.0,done,135
307,20,0,15.0,1.0,done,52
307,21,0,15.0,1.0,done,53
307,22,0,5.0,1.0,done,120
307,23,0,10.0,1.0,done,37
307,24,0,5.0,1.0,done,123
307,25,0,15.0,1.0,done,233
307,26,0,5.0,1.0,done,102
307,27,0,15.0,1.0,done,60
307,28,0,10.0,1.0,done,83
307,29,0,10.0,1.0,done,142
307,30,15.0,15.0,0.0,pending,
307,31,0,5.0,1.0,done,156
307,32,0,10.0,1.0,done,180
307,33,0,10.0,1.0,done,144
307,34,0,10.0,1.0,done,46
307,35,0,15.0,1.0,done,223
307,36,0,15.0,1.0,done,123
307,37,0,5.0,1.0,done,66
307,38,0,15.0,1.0,done,191
307,39,0,10.0,1.0,done,28
307,40,0,10.0,1.0,done,89
307,41,0,15.0,1.0,done,229
307,42,0,10.0,1.0,done,257
307,43,0,5.0,1.0,done,94
307,44,0,15.0,1.0,done,18
307,45,0,5.0,1.0,done,110
307,46,0,5.0,1.0,done,31
307,47,0,15.0,1.0,done,69
307,48,0,10.0,1.0,done,135
308,0,0,10.0,1.0,done,25
308,1,10.0,10.0,0.0,pending,
308,2,0,5.0,1.0,done,21
308,3,0,10.0,1.0,done,65
308,4,15.0,15.0,0.0,pending,
308,5,0,10.0,1.0,done,203
308,6,0,10.0,1.0,done,205
308,7,0,10.0,1.0,done,198
308,8,0,10.0,1.0,done,47
308,9,0,10.0,1.0,done,125
308,10,0,15.0,1.0,done,168
308,11,0,5.0,1.0,done,51
308,12,0,15.0,1.0,done,17
308,13,5.0,5.0,0.0,pending,
308,14,10.0,10.0,0.0,pending,
308,15,0,5.0,1.0,done,30
308,16,0,5.0,1.0,done,188
308,17,0,15.0,1.0,done,43
308,18,8.90219742540105,10.0,0.10978025745989495,in_progress,
308,19,0,15.0,1.0,done,135
308,20,0,15.0,1.0,done,52
308,21,0,15.0,1.0,done,53
308,22,0,5.0,1.0,done,120
308,23,0,10.0,1.0,done,37
308,24,0,5.0,1.0,done,123
308,25,0,15.0,1.0,done,233
308,26,0,5.0,1.0,done,102
308,27,0,15.0,1.0,done,60
308,28,0,10.0,1.0,done,83
308,29,0,10.0,1.0,done,142
308,30,15.0,15.0,0.0,pending,
308,31,0,5.0,1.0,done,156
308,32,0,10.0,1.0,done,180
308,33,0,10.0,1.0,done,144
308,34,0,10.0,1.0,done,46
308,35,0,15.0,1.0,done,223
308,36,0,15.0,1.0,done,123
308,37,0,5.0,1.0,done,66
308,38,0,15.0,1.0,done,191
308,39,0,10.0,1.0,done,28
308,40,0,10.0,1.0,done,89
308,41,0,15.0,1.0,done,229
308,42,0,10.0,1.0,done,257
308,43,0,5.0,1.0,done,94
308,44,0,15.0,1.0,done,18
308,45,0,5.0,1.0,done,110
308,46,0,5.0,1.0,done,31
308,47,0,15.0,1.0,done,69
308,48,0,10.0,1.0,done,135
309,0,0,10.0,1.0,done,25
309,1,10.0,10.0,0.0,pending,
309,2,0,5.0,1.0,done,21
309,3,0,10.0,1.0,done,65
309,4,15.0,15.0,0.0,pending,
309,5,0,10.0,1.0,done,203
309,6,0,10.0,1.0,done,205
309,7,0,10.0,1.0,done,198
309,8,0,10.0,1.0,done,47
309,9,0,10.0,1.0,done,125
309,10,0,15.0,1.0,done,168
309,11,0,5.0,1.0,done,51
309,12,0,15.0,1.0,done,17
309,13,5.0,5.0,0.0,pending,
309,14,10.0,10.0,0.0,pending,
309,15,0,5.0,1.0,done,30
309,16,0,5.0,1.0,done,188
309,17,0,15.0,1.0,done,43
309,18,6.9021974254010505,10.0,0.30978025745989496,in_progress,
309,19,0,15.0,1.0,done,135
309,20,0,15.0,1.0,done,52
309,21,0,15.0,1.0,done,53
309,22,0,5.0,1.0,done,120
309,23,0,10.0,1.0,done,37
309,24,0,5.0,1.0,done,123
309,25,0,15.0,1.0,done,233
309,26,0,5.0,1.0,done,102
309,27,0,15.0,1.0,done,60
309,28,0,10.0,1.0,done,83
309,29,0,10.0,1.0,done,142
309,30,15.0,15.0,0.0,pending,
309,31,0,5.0,1.0,done,156
309,32,0,10.0,1.0,done,180
309,33,0,10.0,1.0,done,144
309,34,0,10.0,1.0,done,46
309,35,0,15.0,1.0,done,223
309,36,0,15.0,1.0,done,123
309,37,0,5.0,1.0,done,66
309,38,0,15.0,1.0,done,191
309,39,0,10.0,1.0,done,28
309,40,0,10.0,1.0,done,89
309,41,0,15.0,1.0,done,229
309,42,0,10.0,1.0,done,257
309,43,0,5.0,1.0,done,94
309,44,0,15.0,1.0,done,18
309,45,0,5.0,1.0,done,110
309,46,0,5.0,1.0,done,31
309,47,0,15.0,1.0,done,69
309,48,0,10.0,1.0,done,135
310,0,0,10.0,1.0,done,25
310,1,10.0,10.0,0.0,pending,
310,2,0,5.0,1.0,done,21
310,3,0,10.0,1.0,done,65
310,4,15.0,15.0,0.0,pending,
310,5,0,10.0,1.0,done,203
310,6,0,10.0,1.0,done,205
310,7,0,10.0,1.0,done,198
310,8,0,10.0,1.0,done,47
310,9,0,10.0,1.0,done,125
310,10,0,15.0,1.0,done,168
310,11,0,5.0,1.0,done,51
310,12,0,15.0,1.0,done,17
310,13,5.0,5.0,0.0,pending,
310,14,10.0,10.0,0.0,pending,
310,15,0,5.0,1.0,done,30
310,16,0,5.0,1.0,done,188
310,17,0,15.0,1.0,done,43
310,18,4.9021974254010505,10.0,0.509780257459895,in_progress,
310,19,0,15.0,1.0,done,135
310,20,0,15.0,1.0,done,52
310,21,0,15.0,1.0,done,53
310,22,0,5.0,1.0,done,120
310,23,0,10.0,1.0,done,37
310,24,0,5.0,1.0,done,123
310,25,0,15.0,1.0,done,233
310,26,0,5.0,1.0,done,102
310,27,0,15.0,1.0,done,60
310,28,0,10.0,1.0,done,83
310,29,0,10.0,1.0,done,142
310,30,15.0,15.0,0.0,pending,
310,31,0,5.0,1.0,done,156
310,32,0,10.0,1.0,done,180
310,33,0,10.0,1.0,done,144
310,34,0,10.0,1.0,done,46
310,35,0,15.0,1.0,done,223
310,36,0,15.0,1.0,done,123
310,37,0,5.0,1.0,done,66
310,38,0,15.0,1.0,done,191
310,39,0,10.0,1.0,done,28
310,40,0,10.0,1.0,done,89
310,41,0,15.0,1.0,done,229
310,42,0,10.0,1.0,done,257
310,43,0,5.0,1.0,done,94
310,44,0,15.0,1.0,done,18
310,45,0,5.0,1.0,done,110
310,46,0,5.0,1.0,done,31
310,47,0,15.0,1.0,done,69
310,48,0,10.0,1.0,done,135
311,0,0,10.0,1.0,done,25
311,1,10.0,10.0,0.0,pending,
311,2,0,5.0,1.0,done,21
311,3,0,10.0,1.0,done,65
311,4,15.0,15.0,0.0,pending,
311,5,0,10.0,1.0,done,203
311,6,0,10.0,1.0,done,205
311,7,0,10.0,1.0,done,198
311,8,0,10.0,1.0,done,47
311,9,0,10.0,1.0,done,125
311,10,0,15.0,1.0,done,168
311,11,0,5.0,1.0,done,51
311,12,0,15.0,1.0,done,17
311,13,5.0,5.0,0.0,pending,
311,14,10.0,10.0,0.0,pending,
311,15,0,5.0,1.0,done,30
311,16,0,5.0,1.0,done,188
311,17,0,15.0,1.0,done,43
311,18,2.9021974254010505,10.0,0.7097802574598949,in_progress,
311,19,0,15.0,1.0,done,135
311,20,0,15.0,1.0,done,52
311,21,0,15.0,1.0,done,53
311,22,0,5.0,1.0,done,120
311,23,0,10.0,1.0,done,37
311,24,0,5.0,1.0,done,123
311,25,0,15.0,1.0,done,233
311,26,0,5.0,1.0,done,102
311,27,0,15.0,1.0,done,60
311,28,0,10.0,1.0,done,83
311,29,0,10.0,1.0,done,142
311,30,15.0,15.0,0.0,pending,
311,31,0,5.0,1.0,done,156
311,32,0,10.0,1.0,done,180
311,33,0,10.0,1.0,done,144
311,34,0,10.0,1.0,done,46
311,35,0,15.0,1.0,done,223
311,36,0,15.0,1.0,done,123
311,37,0,5.0,1.0,done,66
311,38,0,15.0,1.0,done,191
311,39,0,10.0,1.0,done,28
311,40,0,10.0,1.0,done,89
311,41,0,15.0,1.0,done,229
311,42,0,10.0,1.0,done,257
311,43,0,5.0,1.0,done,94
311,44,0,15.0,1.0,done,18
311,45,0,5.0,1.0,done,110
311,46,0,5.0,1.0,done,31
311,47,0,15.0,1.0,done,69
311,48,0,10.0,1.0,done,135
312,0,0,10.0,1.0,done,25
312,1,10.0,10.0,0.0,pending,
312,2,0,5.0,1.0,done,21
312,3,0,10.0,1.0,done,65
312,4,15.0,15.0,0.0,pending,
312,5,0,10.0,1.0,done,203
312,6,0,10.0,1.0,done,205
312,7,0,10.0,1.0,done,198
312,8,0,10.0,1.0,done,47
312,9,0,10.0,1.0,done,125
312,10,0,15.0,1.0,done,168
312,11,0,5.0,1.0,done,51
312,12,0,15.0,1.0,done,17
312,13,5.0,5.0,0.0,pending,
312,14,10.0,10.0,0.0,pending,
312,15,0,5.0,1.0,done,30
312,16,0,5.0,1.0,done,188
312,17,0,15.0,1.0,done,43
312,18,0.9021974254010505,10.0,0.909780257459895,in_progress,
312,19,0,15.0,1.0,done,135
312,20,0,15.0,1.0,done,52
312,21,0,15.0,1.0,done,53
312,22,0,5.0,1.0,done,120
312,23,0,10.0,1.0,done,37
312,24,0,5.0,1.0,done,123
312,25,0,15.0,1.0,done,233
312,26,0,5.0,1.0,done,102
312,27,0,15.0,1.0,done,60
312,28,0,10.0,1.0,done,83
312,29,0,10.0,1.0,done,142
312,30,15.0,15.0,0.0,pending,
312,31,0,5.0,1.0,done,156
312,32,0,10.0,1.0,done,180
312,33,0,10.0,1.0,done,144
312,34,0,10.0,1.0,done,46
312,35,0,15.0,1.0,done,223
312,36,0,15.0,1.0,done,123
312,37,0,5.0,1.0,done,66
312,38,0,15.0,1.0,done,191
312,39,0,10.0,1.0,done,28
312,40,0,10.0,1.0,done,89
312,41,0,15.0,1.0,done,229
312,42,0,10.0,1.0,done,257
312,43,0,5.0,1.0,done,94
312,44,0,15.0,1.0,done,18
312,45,0,5.0,1.0,done,110
312,46,0,5.0,1.0,done,31
312,47,0,15.0,1.0,done,69
312,48,0,10.0,1.0,done,135
313,0,0,10.0,1.0,done,25
313,1,10.0,10.0,0.0,pending,
313,2,0,5.0,1.0,done,21
313,3,0,10.0,1.0,done,65
313,4,15.0,15.0,0.0,pending,
313,5,0,10.0,1.0,done,203
313,6,0,10.0,1.0,done,205
313,7,0,10.0,1.0,done,198
313,8,0,10.0,1.0,done,47
313,9,0,10.0,1.0,done,125
313,10,0,15.0,1.0,done,168
313,11,0,5.0,1.0,done,51
313,12,0,15.0,1.0,done,17
313,13,5.0,5.0,0.0,pending,
313,14,10.0,10.0,0.0,pending,
313,15,0,5.0,1.0,done,30
313,16,0,5.0,1.0,done,188
313,17,0,15.0,1.0,done,43
313,18,0,10.0,1.0,done,313
313,19,0,15.0,1.0,done,135
313,20,0,15.0,1.0,done,52
313,21,0,15.0,1.0,done,53
313,22,0,5.0,1.0,done,120
313,23,0,10.0,1.0,done,37
313,24,0,5.0,1.0,done,123
313,25,0,15.0,1.0,done,233
313,26,0,5.0,1.0,done,102
313,27,0,15.0,1.0,done,60
313,28,0,10.0,1.0,done,83
313,29,0,10.0,1.0,done,142
313,30,15.0,15.0,0.0,pending,
313,31,0,5.0,1.0,done,156
313,32,0,10.0,1.0,done,180
313,33,0,10.0,1.0,done,144
313,34,0,10.0,1.0,done,46
313,35,0,15.0,1.0,done,223
313,36,0,15.0,1.0,done,123
313,37,0,5.0,1.0,done,66
313,38,0,15.0,1.0,done,191
313,39,0,10.0,1.0,done,28
313,40,0,10.0,1.0,done,89
313,41,0,15.0,1.0,done,229
313,42,0,10.0,1.0,done,257
313,43,0,5.0,1.0,done,94
313,44,0,15.0,1.0,done,18
313,45,0,5.0,1.0,done,110
313,46,0,5.0,1.0,done,31
313,47,0,15.0,1.0,done,69
313,48,0,10.0,1.0,done,135
314,0,0,10.0,1.0,done,25
314,1,10.0,10.0,0.0,pending,
314,2,0,5.0,1.0,done,21
314,3,0,10.0,1.0,done,65
314,4,15.0,15.0,0.0,pending,
314,5,0,10.0,1.0,done,203
314,6,0,10.0,1.0,done,205
314,7,0,10.0,1.0,done,198
314,8,0,10.0,1.0,done,47
314,9,0,10.0,1.0,done,125
314,10,0,15.0,1.0,done,168
314,11,0,5.0,1.0,done,51
314,12,0,15.0,1.0,done,17
314,13,5.0,5.0,0.0,pending,
314,14,10.0,10.0,0.0,pending,
314,15,0,5.0,1.0,done,30
314,16,0,5.0,1.0,done,188
314,17,0,15.0,1.0,done,43
314,18,0,10.0,1.0,done,313
314,19,0,15.0,1.0,done,135
314,20,0,15.0,1.0,done,52
314,21,0,15.0,1.0,done,53
314,22,0,5.0,1.0,done,120
314,23,0,10.0,1.0,done,37
314,24,0,5.0,1.0,done,123
314,25,0,15.0,1.0,done,233
314,26,0,5.0,1.0,done,102
314,27,0,15.0,1.0,done,60
314,28,0,10.0,1.0,done,83
314,29,0,10.0,1.0,done,142
314,30,15.0,15.0,0.0,pending,
314,31,0,5.0,1.0,done,156
314,32,0,10.0,1.0,done,180
314,33,0,10.0,1.0,done,144
314,34,0,10.0,1.0,done,46
314,35,0,15.0,1.0,done,223
314,36,0,15.0,1.0,done,123
314,37,0,5.0,1.0,done,66
314,38,0,15.0,1.0,done,191
314,39,0,10.0,1.0,done,28
314,40,0,10.0,1.0,done,89
314,41,0,15.0,1.0,done,229
314,42,0,10.0,1.0,done,257
314,43,0,5.0,1.0,done,94
314,44,0,15.0,1.0,done,18
314,45,0,5.0,1.0,done,110
314,46,0,5.0,1.0,done,31
314,47,0,15.0,1.0,done,69
314,48,0,10.0,1.0,done,135
315,0,0,10.0,1.0,done,25
315,1,10.0,10.0,0.0,pending,
315,2,0,5.0,1.0,done,21
315,3,0,10.0,1.0,done,65
315,4,15.0,15.0,0.0,pending,
315,5,0,10.0,1.0,done,203
315,6,0,10.0,1.0,done,205
315,7,0,10.0,1.0,done,198
315,8,0,10.0,1.0,done,47
315,9,0,10.0,1.0,done,125
315,10,0,15.0,1.0,done,168
315,11,0,5.0,1.0,done,51
315,12,0,15.0,1.0,done,17
315,13,5.0,5.0,0.0,pending,
315,14,10.0,10.0,0.0,pending,
315,15,0,5.0,1.0,done,30
315,16,0,5.0,1.0,done,188
315,17,0,15.0,1.0,done,43
315,18,0,10.0,1.0,done,313
315,19,0,15.0,1.0,done,135
315,20,0,15.0,1.0,done,52
315,21,0,15.0,1.0,done,53
315,22,0,5.0,1.0,done,120
315,23,0,10.0,1.0,done,37
315,24,0,5.0,1.0,done,123
315,25,0,15.0,1.0,done,233
315,26,0,5.0,1.0,done,102
315,27,0,15.0,1.0,done,60
315,28,0,10.0,1.0,done,83
315,29,0,10.0,1.0,done,142
315,30,15.0,15.0,0.0,pending,
315,31,0,5.0,1.0,done,156
315,32,0,10.0,1.0,done,180
315,33,0,10.0,1.0,done,144
315,34,0,10.0,1.0,done,46
315,35,0,15.0,1.0,done,223
315,36,0,15.0,1.0,done,123
315,37,0,5.0,1.0,done,66
315,38,0,15.0,1.0,done,191
315,39,0,10.0,1.0,done,28
315,40,0,10.0,1.0,done,89
315,41,0,15.0,1.0,done,229
315,42,0,10.0,1.0,done,257
315,43,0,5.0,1.0,done,94
315,44,0,15.0,1.0,done,18
315,45,0,5.0,1.0,done,110
315,46,0,5.0,1.0,done,31
315,47,0,15.0,1.0,done,69
315,48,0,10.0,1.0,done,135
316,0,0,10.0,1.0,done,25
316,1,10.0,10.0,0.0,pending,
316,2,0,5.0,1.0,done,21
316,3,0,10.0,1.0,done,65
316,4,15.0,15.0,0.0,pending,
316,5,0,10.0,1.0,done,203
316,6,0,10.0,1.0,done,205
316,7,0,10.0,1.0,done,198
316,8,0,10.0,1.0,done,47
316,9,0,10.0,1.0,done,125
316,10,0,15.0,1.0,done,168
316,11,0,5.0,1.0,done,51
316,12,0,15.0,1.0,done,17
316,13,5.0,5.0,0.0,pending,
316,14,10.0,10.0,0.0,pending,
316,15,0,5.0,1.0,done,30
316,16,0,5.0,1.0,done,188
316,17,0,15.0,1.0,done,43
316,18,0,10.0,1.0,done,313
316,19,0,15.0,1.0,done,135
316,20,0,15.0,1.0,done,52
316,21,0,15.0,1.0,done,53
316,22,0,5.0,1.0,done,120
316,23,0,10.0,1.0,done,37
316,24,0,5.0,1.0,done,123
316,25,0,15.0,1.0,done,233
316,26,0,5.0,1.0,done,102
316,27,0,15.0,1.0,done,60
316,28,0,10.0,1.0,done,83
316,29,0,10.0,1.0,done,142
316,30,15.0,15.0,0.0,pending,
316,31,0,5.0,1.0,done,156
316,32,0,10.0,1.0,done,180
316,33,0,10.0,1.0,done,144
316,34,0,10.0,1.0,done,46
316,35,0,15.0,1.0,done,223
316,36,0,15.0,1.0,done,123
316,37,0,5.0,1.0,done,66
316,38,0,15.0,1.0,done,191
316,39,0,10.0,1.0,done,28
316,40,0,10.0,1.0,done,89
316,41,0,15.0,1.0,done,229
316,42,0,10.0,1.0,done,257
316,43,0,5.0,1.0,done,94
316,44,0,15.0,1.0,done,18
316,45,0,5.0,1.0,done,110
316,46,0,5.0,1.0,done,31
316,47,0,15.0,1.0,done,69
316,48,0,10.0,1.0,done,135
317,0,0,10.0,1.0,done,25
317,1,10.0,10.0,0.0,pending,
317,2,0,5.0,1.0,done,21
317,3,0,10.0,1.0,done,65
317,4,15.0,15.0,0.0,pending,
317,5,0,10.0,1.0,done,203
317,6,0,10.0,1.0,done,205
317,7,0,10.0,1.0,done,198
317,8,0,10.0,1.0,done,47
317,9,0,10.0,1.0,done,125
317,10,0,15.0,1.0,done,168
317,11,0,5.0,1.0,done,51
317,12,0,15.0,1.0,done,17
317,13,5.0,5.0,0.0,pending,
317,14,10.0,10.0,0.0,pending,
317,15,0,5.0,1.0,done,30
317,16,0,5.0,1.0,done,188
317,17,0,15.0,1.0,done,43
317,18,0,10.0,1.0,done,313
317,19,0,15.0,1.0,done,135
317,20,0,15.0,1.0,done,52
317,21,0,15.0,1.0,done,53
317,22,0,5.0,1.0,done,120
317,23,0,10.0,1.0,done,37
317,24,0,5.0,1.0,done,123
317,25,0,15.0,1.0,done,233
317,26,0,5.0,1.0,done,102
317,27,0,15.0,1.0,done,60
317,28,0,10.0,1.0,done,83
317,29,0,10.0,1.0,done,142
317,30,15.0,15.0,0.0,pending,
317,31,0,5.0,1.0,done,156
317,32,0,10.0,1.0,done,180
317,33,0,10.0,1.0,done,144
317,34,0,10.0,1.0,done,46
317,35,0,15.0,1.0,done,223
317,36,0,15.0,1.0,done,123
317,37,0,5.0,1.0,done,66
317,38,0,15.0,1.0,done,191
317,39,0,10.0,1.0,done,28
317,40,0,10.0,1.0,done,89
317,41,0,15.0,1.0,done,229
317,42,0,10.0,1.0,done,257
317,43,0,5.0,1.0,done,94
317,44,0,15.0,1.0,done,18
317,45,0,5.0,1.0,done,110
317,46,0,5.0,1.0,done,31
317,47,0,15.0,1.0,done,69
317,48,0,10.0,1.0,done,135
318,0,0,10.0,1.0,done,25
318,1,10.0,10.0,0.0,pending,
318,2,0,5.0,1.0,done,21
318,3,0,10.0,1.0,done,65
318,4,15.0,15.0,0.0,pending,
318,5,0,10.0,1.0,done,203
318,6,0,10.0,1.0,done,205
318,7,0,10.0,1.0,done,198
318,8,0,10.0,1.0,done,47
318,9,0,10.0,1.0,done,125
318,10,0,15.0,1.0,done,168
318,11,0,5.0,1.0,done,51
318,12,0,15.0,1.0,done,17
318,13,5.0,5.0,0.0,pending,
318,14,10.0,10.0,0.0,pending,
318,15,0,5.0,1.0,done,30
318,16,0,5.0,1.0,done,188
318,17,0,15.0,1.0,done,43
318,18,0,10.0,1.0,done,313
318,19,0,15.0,1.0,done,135
318,20,0,15.0,1.0,done,52
318,21,0,15.0,1.0,done,53
318,22,0,5.0,1.0,done,120
318,23,0,10.0,1.0,done,37
318,24,0,5.0,1.0,done,123
318,25,0,15.0,1.0,done,233
318,26,0,5.0,1.0,done,102
318,27,0,15.0,1.0,done,60
318,28,0,10.0,1.0,done,83
318,29,0,10.0,1.0,done,142
318,30,15.0,15.0,0.0,pending,
318,31,0,5.0,1.0,done,156
318,32,0,10.0,1.0,done,180
318,33,0,10.0,1.0,done,144
318,34,0,10.0,1.0,done,46
318,35,0,15.0,1.0,done,223
318,36,0,15.0,1.0,done,123
318,37,0,5.0,1.0,done,66
318,38,0,15.0,1.0,done,191
318,39,0,10.0,1.0,done,28
318,40,0,10.0,1.0,done,89
318,41,0,15.0,1.0,done,229
318,42,0,10.0,1.0,done,257
318,43,0,5.0,1.0,done,94
318,44,0,15.0,1.0,done,18
318,45,0,5.0,1.0,done,110
318,46,0,5.0,1.0,done,31
318,47,0,15.0,1.0,done,69
318,48,0,10.0,1.0,done,135
319,0,0,10.0,1.0,done,25
319,1,10.0,10.0,0.0,pending,
319,2,0,5.0,1.0,done,21
319,3,0,10.0,1.0,done,65
319,4,15.0,15.0,0.0,pending,
319,5,0,10.0,1.0,done,203
319,6,0,10.0,1.0,done,205
319,7,0,10.0,1.0,done,198
319,8,0,10.0,1.0,done,47
319,9,0,10.0,1.0,done,125
319,10,0,15.0,1.0,done,168
319,11,0,5.0,1.0,done,51
319,12,0,15.0,1.0,done,17
319,13,5.0,5.0,0.0,pending,
319,14,10.0,10.0,0.0,pending,
319,15,0,5.0,1.0,done,30
319,16,0,5.0,1.0,done,188
319,17,0,15.0,1.0,done,43
319,18,0,10.0,1.0,done,313
319,19,0,15.0,1.0,done,135
319,20,0,15.0,1.0,done,52
319,21,0,15.0,1.0,done,53
319,22,0,5.0,1.0,done,120
319,23,0,10.0,1.0,done,37
319,24,0,5.0,1.0,done,123
319,25,0,15.0,1.0,done,233
319,26,0,5.0,1.0,done,102
319,27,0,15.0,1.0,done,60
319,28,0,10.0,1.0,done,83
319,29,0,10.0,1.0,done,142
319,30,15.0,15.0,0.0,pending,
319,31,0,5.0,1.0,done,156
319,32,0,10.0,1.0,done,180
319,33,0,10.0,1.0,done,144
319,34,0,10.0,1.0,done,46
319,35,0,15.0,1.0,done,223
319,36,0,15.0,1.0,done,123
319,37,0,5.0,1.0,done,66
319,38,0,15.0,1.0,done,191
319,39,0,10.0,1.0,done,28
319,40,0,10.0,1.0,done,89
319,41,0,15.0,1.0,done,229
319,42,0,10.0,1.0,done,257
319,43,0,5.0,1.0,done,94
319,44,0,15.0,1.0,done,18
319,45,0,5.0,1.0,done,110
319,46,0,5.0,1.0,done,31
319,47,0,15.0,1.0,done,69
319,48,0,10.0,1.0,done,135
320,0,0,10.0,1.0,done,25
320,1,10.0,10.0,0.0,pending,
320,2,0,5.0,1.0,done,21
320,3,0,10.0,1.0,done,65
320,4,15.0,15.0,0.0,pending,
320,5,0,10.0,1.0,done,203
320,6,0,10.0,1.0,done,205
320,7,0,10.0,1.0,done,198
320,8,0,10.0,1.0,done,47
320,9,0,10.0,1.0,done,125
320,10,0,15.0,1.0,done,168
320,11,0,5.0,1.0,done,51
320,12,0,15.0,1.0,done,17
320,13,5.0,5.0,0.0,pending,
320,14,10.0,10.0,0.0,pending,
320,15,0,5.0,1.0,done,30
320,16,0,5.0,1.0,done,188
320,17,0,15.0,1.0,done,43
320,18,0,10.0,1.0,done,313
320,19,0,15.0,1.0,done,135
320,20,0,15.0,1.0,done,52
320,21,0,15.0,1.0,done,53
320,22,0,5.0,1.0,done,120
320,23,0,10.0,1.0,done,37
320,24,0,5.0,1.0,done,123
320,25,0,15.0,1.0,done,233
320,26,0,5.0,1.0,done,102
320,27,0,15.0,1.0,done,60
320,28,0,10.0,1.0,done,83
320,29,0,10.0,1.0,done,142
320,30,15.0,15.0,0.0,pending,
320,31,0,5.0,1.0,done,156
320,32,0,10.0,1.0,done,180
320,33,0,10.0,1.0,done,144
320,34,0,10.0,1.0,done,46
320,35,0,15.0,1.0,done,223
320,36,0,15.0,1.0,done,123
320,37,0,5.0,1.0,done,66
320,38,0,15.0,1.0,done,191
320,39,0,10.0,1.0,done,28
320,40,0,10.0,1.0,done,89
320,41,0,15.0,1.0,done,229
320,42,0,10.0,1.0,done,257
320,43,0,5.0,1.0,done,94
320,44,0,15.0,1.0,done,18
320,45,0,5.0,1.0,done,110
320,46,0,5.0,1.0,done,31
320,47,0,15.0,1.0,done,69
320,48,0,10.0,1.0,done,135
321,0,0,10.0,1.0,done,25
321,1,10.0,10.0,0.0,pending,
321,2,0,5.0,1.0,done,21
321,3,0,10.0,1.0,done,65
321,4,15.0,15.0,0.0,pending,
321,5,0,10.0,1.0,done,203
321,6,0,10.0,1.0,done,205
321,7,0,10.0,1.0,done,198
321,8,0,10.0,1.0,done,47
321,9,0,10.0,1.0,done,125
321,10,0,15.0,1.0,done,168
321,11,0,5.0,1.0,done,51
321,12,0,15.0,1.0,done,17
321,13,5.0,5.0,0.0,pending,
321,14,10.0,10.0,0.0,pending,
321,15,0,5.0,1.0,done,30
321,16,0,5.0,1.0,done,188
321,17,0,15.0,1.0,done,43
321,18,0,10.0,1.0,done,313
321,19,0,15.0,1.0,done,135
321,20,0,15.0,1.0,done,52
321,21,0,15.0,1.0,done,53
321,22,0,5.0,1.0,done,120
321,23,0,10.0,1.0,done,37
321,24,0,5.0,1.0,done,123
321,25,0,15.0,1.0,done,233
321,26,0,5.0,1.0,done,102
321,27,0,15.0,1.0,done,60
321,28,0,10.0,1.0,done,83
321,29,0,10.0,1.0,done,142
321,30,15.0,15.0,0.0,pending,
321,31,0,5.0,1.0,done,156
321,32,0,10.0,1.0,done,180
321,33,0,10.0,1.0,done,144
321,34,0,10.0,1.0,done,46
321,35,0,15.0,1.0,done,223
321,36,0,15.0,1.0,done,123
321,37,0,5.0,1.0,done,66
321,38,0,15.0,1.0,done,191
321,39,0,10.0,1.0,done,28
321,40,0,10.0,1.0,done,89
321,41,0,15.0,1.0,done,229
321,42,0,10.0,1.0,done,257
321,43,0,5.0,1.0,done,94
321,44,0,15.0,1.0,done,18
321,45,0,5.0,1.0,done,110
321,46,0,5.0,1.0,done,31
321,47,0,15.0,1.0,done,69
321,48,0,10.0,1.0,done,135
322,0,0,10.0,1.0,done,25
322,1,10.0,10.0,0.0,pending,
322,2,0,5.0,1.0,done,21
322,3,0,10.0,1.0,done,65
322,4,15.0,15.0,0.0,pending,
322,5,0,10.0,1.0,done,203
322,6,0,10.0,1.0,done,205
322,7,0,10.0,1.0,done,198
322,8,0,10.0,1.0,done,47
322,9,0,10.0,1.0,done,125
322,10,0,15.0,1.0,done,168
322,11,0,5.0,1.0,done,51
322,12,0,15.0,1.0,done,17
322,13,5.0,5.0,0.0,pending,
322,14,10.0,10.0,0.0,pending,
322,15,0,5.0,1.0,done,30
322,16,0,5.0,1.0,done,188
322,17,0,15.0,1.0,done,43
322,18,0,10.0,1.0,done,313
322,19,0,15.0,1.0,done,135
322,20,0,15.0,1.0,done,52
322,21,0,15.0,1.0,done,53
322,22,0,5.0,1.0,done,120
322,23,0,10.0,1.0,done,37
322,24,0,5.0,1.0,done,123
322,25,0,15.0,1.0,done,233
322,26,0,5.0,1.0,done,102
322,27,0,15.0,1.0,done,60
322,28,0,10.0,1.0,done,83
322,29,0,10.0,1.0,done,142
322,30,15.0,15.0,0.0,pending,
322,31,0,5.0,1.0,done,156
322,32,0,10.0,1.0,done,180
322,33,0,10.0,1.0,done,144
322,34,0,10.0,1.0,done,46
322,35,0,15.0,1.0,done,223
322,36,0,15.0,1.0,done,123
322,37,0,5.0,1.0,done,66
322,38,0,15.0,1.0,done,191
322,39,0,10.0,1.0,done,28
322,40,0,10.0,1.0,done,89
322,41,0,15.0,1.0,done,229
322,42,0,10.0,1.0,done,257
322,43,0,5.0,1.0,done,94
322,44,0,15.0,1.0,done,18
322,45,0,5.0,1.0,done,110
322,46,0,5.0,1.0,done,31
322,47,0,15.0,1.0,done,69
322,48,0,10.0,1.0,done,135
323,0,0,10.0,1.0,done,25
323,1,10.0,10.0,0.0,pending,
323,2,0,5.0,1.0,done,21
323,3,0,10.0,1.0,done,65
323,4,15.0,15.0,0.0,pending,
323,5,0,10.0,1.0,done,203
323,6,0,10.0,1.0,done,205
323,7,0,10.0,1.0,done,198
323,8,0,10.0,1.0,done,47
323,9,0,10.0,1.0,done,125
323,10,0,15.0,1.0,done,168
323,11,0,5.0,1.0,done,51
323,12,0,15.0,1.0,done,17
323,13,5.0,5.0,0.0,pending,
323,14,10.0,10.0,0.0,pending,
323,15,0,5.0,1.0,done,30
323,16,0,5.0,1.0,done,188
323,17,0,15.0,1.0,done,43
323,18,0,10.0,1.0,done,313
323,19,0,15.0,1.0,done,135
323,20,0,15.0,1.0,done,52
323,21,0,15.0,1.0,done,53
323,22,0,5.0,1.0,done,120
323,23,0,10.0,1.0,done,37
323,24,0,5.0,1.0,done,123
323,25,0,15.0,1.0,done,233
323,26,0,5.0,1.0,done,102
323,27,0,15.0,1.0,done,60
323,28,0,10.0,1.0,done,83
323,29,0,10.0,1.0,done,142
323,30,15.0,15.0,0.0,pending,
323,31,0,5.0,1.0,done,156
323,32,0,10.0,1.0,done,180
323,33,0,10.0,1.0,done,144
323,34,0,10.0,1.0,done,46
323,35,0,15.0,1.0,done,223
323,36,0,15.0,1.0,done,123
323,37,0,5.0,1.0,done,66
323,38,0,15.0,1.0,done,191
323,39,0,10.0,1.0,done,28
323,40,0,10.0,1.0,done,89
323,41,0,15.0,1.0,done,229
323,42,0,10.0,1.0,done,257
323,43,0,5.0,1.0,done,94
323,44,0,15.0,1.0,done,18
323,45,0,5.0,1.0,done,110
323,46,0,5.0,1.0,done,31
323,47,0,15.0,1.0,done,69
323,48,0,10.0,1.0,done,135
324,0,0,10.0,1.0,done,25
324,1,10.0,10.0,0.0,pending,
324,2,0,5.0,1.0,done,21
324,3,0,10.0,1.0,done,65
324,4,15.0,15.0,0.0,pending,
324,5,0,10.0,1.0,done,203
324,6,0,10.0,1.0,done,205
324,7,0,10.0,1.0,done,198
324,8,0,10.0,1.0,done,47
324,9,0,10.0,1.0,done,125
324,10,0,15.0,1.0,done,168
324,11,0,5.0,1.0,done,51
324,12,0,15.0,1.0,done,17
324,13,5.0,5.0,0.0,pending,
324,14,10.0,10.0,0.0,pending,
324,15,0,5.0,1.0,done,30
324,16,0,5.0,1.0,done,188
324,17,0,15.0,1.0,done,43
324,18,0,10.0,1.0,done,313
324,19,0,15.0,1.0,done,135
324,20,0,15.0,1.0,done,52
324,21,0,15.0,1.0,done,53
324,22,0,5.0,1.0,done,120
324,23,0,10.0,1.0,done,37
324,24,0,5.0,1.0,done,123
324,25,0,15.0,1.0,done,233
324,26,0,5.0,1.0,done,102
324,27,0,15.0,1.0,done,60
324,28,0,10.0,1.0,done,83
324,29,0,10.0,1.0,done,142
324,30,15.0,15.0,0.0,pending,
324,31,0,5.0,1.0,done,156
324,32,0,10.0,1.0,done,180
324,33,0,10.0,1.0,done,144
324,34,0,10.0,1.0,done,46
324,35,0,15.0,1.0,done,223
324,36,0,15.0,1.0,done,123
324,37,0,5.0,1.0,done,66
324,38,0,15.0,1.0,done,191
324,39,0,10.0,1.0,done,28
324,40,0,10.0,1.0,done,89
324,41,0,15.0,1.0,done,229
324,42,0,10.0,1.0,done,257
324,43,0,5.0,1.0,done,94
324,44,0,15.0,1.0,done,18
324,45,0,5.0,1.0,done,110
324,46,0,5.0,1.0,done,31
324,47,0,15.0,1.0,done,69
324,48,0,10.0,1.0,done,135
325,0,0,10.0,1.0,done,25
325,1,10.0,10.0,0.0,pending,
325,2,0,5.0,1.0,done,21
325,3,0,10.0,1.0,done,65
325,4,15.0,15.0,0.0,pending,
325,5,0,10.0,1.0,done,203
325,6,0,10.0,1.0,done,205
325,7,0,10.0,1.0,done,198
325,8,0,10.0,1.0,done,47
325,9,0,10.0,1.0,done,125
325,10,0,15.0,1.0,done,168
325,11,0,5.0,1.0,done,51
325,12,0,15.0,1.0,done,17
325,13,5.0,5.0,0.0,pending,
325,14,10.0,10.0,0.0,pending,
325,15,0,5.0,1.0,done,30
325,16,0,5.0,1.0,done,188
325,17,0,15.0,1.0,done,43
325,18,0,10.0,1.0,done,313
325,19,0,15.0,1.0,done,135
325,20,0,15.0,1.0,done,52
325,21,0,15.0,1.0,done,53
325,22,0,5.0,1.0,done,120
325,23,0,10.0,1.0,done,37
325,24,0,5.0,1.0,done,123
325,25,0,15.0,1.0,done,233
325,26,0,5.0,1.0,done,102
325,27,0,15.0,1.0,done,60
325,28,0,10.0,1.0,done,83
325,29,0,10.0,1.0,done,142
325,30,15.0,15.0,0.0,pending,
325,31,0,5.0,1.0,done,156
325,32,0,10.0,1.0,done,180
325,33,0,10.0,1.0,done,144
325,34,0,10.0,1.0,done,46
325,35,0,15.0,1.0,done,223
325,36,0,15.0,1.0,done,123
325,37,0,5.0,1.0,done,66
325,38,0,15.0,1.0,done,191
325,39,0,10.0,1.0,done,28
325,40,0,10.0,1.0,done,89
325,41,0,15.0,1.0,done,229
325,42,0,10.0,1.0,done,257
325,43,0,5.0,1.0,done,94
325,44,0,15.0,1.0,done,18
325,45,0,5.0,1.0,done,110
325,46,0,5.0,1.0,done,31
325,47,0,15.0,1.0,done,69
325,48,0,10.0,1.0,done,135
326,0,0,10.0,1.0,done,25
326,1,10.0,10.0,0.0,pending,
326,2,0,5.0,1.0,done,21
326,3,0,10.0,1.0,done,65
326,4,15.0,15.0,0.0,pending,
326,5,0,10.0,1.0,done,203
326,6,0,10.0,1.0,done,205
326,7,0,10.0,1.0,done,198
326,8,0,10.0,1.0,done,47
326,9,0,10.0,1.0,done,125
326,10,0,15.0,1.0,done,168
326,11,0,5.0,1.0,done,51
326,12,0,15.0,1.0,done,17
326,13,5.0,5.0,0.0,pending,
326,14,10.0,10.0,0.0,pending,
326,15,0,5.0,1.0,done,30
326,16,0,5.0,1.0,done,188
326,17,0,15.0,1.0,done,43
326,18,0,10.0,1.0,done,313
326,19,0,15.0,1.0,done,135
326,20,0,15.0,1.0,done,52
326,21,0,15.0,1.0,done,53
326,22,0,5.0,1.0,done,120
326,23,0,10.0,1.0,done,37
326,24,0,5.0,1.0,done,123
326,25,0,15.0,1.0,done,233
326,26,0,5.0,1.0,done,102
326,27,0,15.0,1.0,done,60
326,28,0,10.0,1.0,done,83
326,29,0,10.0,1.0,done,142
326,30,15.0,15.0,0.0,pending,
326,31,0,5.0,1.0,done,156
326,32,0,10.0,1.0,done,180
326,33,0,10.0,1.0,done,144
326,34,0,10.0,1.0,done,46
326,35,0,15.0,1.0,done,223
326,36,0,15.0,1.0,done,123
326,37,0,5.0,1.0,done,66
326,38,0,15.0,1.0,done,191
326,39,0,10.0,1.0,done,28
326,40,0,10.0,1.0,done,89
326,41,0,15.0,1.0,done,229
326,42,0,10.0,1.0,done,257
326,43,0,5.0,1.0,done,94
326,44,0,15.0,1.0,done,18
326,45,0,5.0,1.0,done,110
326,46,0,5.0,1.0,done,31
326,47,0,15.0,1.0,done,69
326,48,0,10.0,1.0,done,135
327,0,0,10.0,1.0,done,25
327,1,10.0,10.0,0.0,pending,
327,2,0,5.0,1.0,done,21
327,3,0,10.0,1.0,done,65
327,4,15.0,15.0,0.0,pending,
327,5,0,10.0,1.0,done,203
327,6,0,10.0,1.0,done,205
327,7,0,10.0,1.0,done,198
327,8,0,10.0,1.0,done,47
327,9,0,10.0,1.0,done,125
327,10,0,15.0,1.0,done,168
327,11,0,5.0,1.0,done,51
327,12,0,15.0,1.0,done,17
327,13,5.0,5.0,0.0,pending,
327,14,10.0,10.0,0.0,pending,
327,15,0,5.0,1.0,done,30
327,16,0,5.0,1.0,done,188
327,17,0,15.0,1.0,done,43
327,18,0,10.0,1.0,done,313
327,19,0,15.0,1.0,done,135
327,20,0,15.0,1.0,done,52
327,21,0,15.0,1.0,done,53
327,22,0,5.0,1.0,done,120
327,23,0,10.0,1.0,done,37
327,24,0,5.0,1.0,done,123
327,25,0,15.0,1.0,done,233
327,26,0,5.0,1.0,done,102
327,27,0,15.0,1.0,done,60
327,28,0,10.0,1.0,done,83
327,29,0,10.0,1.0,done,142
327,30,15.0,15.0,0.0,pending,
327,31,0,5.0,1.0,done,156
327,32,0,10.0,1.0,done,180
327,33,0,10.0,1.0,done,144
327,34,0,10.0,1.0,done,46
327,35,0,15.0,1.0,done,223
327,36,0,15.0,1.0,done,123
327,37,0,5.0,1.0,done,66
327,38,0,15.0,1.0,done,191
327,39,0,10.0,1.0,done,28
327,40,0,10.0,1.0,done,89
327,41,0,15.0,1.0,done,229
327,42,0,10.0,1.0,done,257
327,43,0,5.0,1.0,done,94
327,44,0,15.0,1.0,done,18
327,45,0,5.0,1.0,done,110
327,46,0,5.0,1.0,done,31
327,47,0,15.0,1.0,done,69
327,48,0,10.0,1.0,done,135
328,0,0,10.0,1.0,done,25
328,1,10.0,10.0,0.0,pending,
328,2,0,5.0,1.0,done,21
328,3,0,10.0,1.0,done,65
328,4,15.0,15.0,0.0,pending,
328,5,0,10.0,1.0,done,203
328,6,0,10.0,1.0,done,205
328,7,0,10.0,1.0,done,198
328,8,0,10.0,1.0,done,47
328,9,0,10.0,1.0,done,125
328,10,0,15.0,1.0,done,168
328,11,0,5.0,1.0,done,51
328,12,0,15.0,1.0,done,17
328,13,5.0,5.0,0.0,pending,
328,14,10.0,10.0,0.0,pending,
328,15,0,5.0,1.0,done,30
328,16,0,5.0,1.0,done,188
328,17,0,15.0,1.0,done,43
328,18,0,10.0,1.0,done,313
328,19,0,15.0,1.0,done,135
328,20,0,15.0,1.0,done,52
328,21,0,15.0,1.0,done,53
328,22,0,5.0,1.0,done,120
328,23,0,10.0,1.0,done,37
328,24,0,5.0,1.0,done,123
328,25,0,15.0,1.0,done,233
328,26,0,5.0,1.0,done,102
328,27,0,15.0,1.0,done,60
328,28,0,10.0,1.0,done,83
328,29,0,10.0,1.0,done,142
328,30,15.0,15.0,0.0,pending,
328,31,0,5.0,1.0,done,156
328,32,0,10.0,1.0,done,180
328,33,0,10.0,1.0,done,144
328,34,0,10.0,1.0,done,46
328,35,0,15.0,1.0,done,223
328,36,0,15.0,1.0,done,123
328,37,0,5.0,1.0,done,66
328,38,0,15.0,1.0,done,191
328,39,0,10.0,1.0,done,28
328,40,0,10.0,1.0,done,89
328,41,0,15.0,1.0,done,229
328,42,0,10.0,1.0,done,257
328,43,0,5.0,1.0,done,94
328,44,0,15.0,1.0,done,18
328,45,0,5.0,1.0,done,110
328,46,0,5.0,1.0,done,31
328,47,0,15.0,1.0,done,69
328,48,0,10.0,1.0,done,135
329,0,0,10.0,1.0,done,25
329,1,10.0,10.0,0.0,pending,
329,2,0,5.0,1.0,done,21
329,3,0,10.0,1.0,done,65
329,4,15.0,15.0,0.0,pending,
329,5,0,10.0,1.0,done,203
329,6,0,10.0,1.0,done,205
329,7,0,10.0,1.0,done,198
329,8,0,10.0,1.0,done,47
329,9,0,10.0,1.0,done,125
329,10,0,15.0,1.0,done,168
329,11,0,5.0,1.0,done,51
329,12,0,15.0,1.0,done,17
329,13,5.0,5.0,0.0,pending,
329,14,10.0,10.0,0.0,pending,
329,15,0,5.0,1.0,done,30
329,16,0,5.0,1.0,done,188
329,17,0,15.0,1.0,done,43
329,18,0,10.0,1.0,done,313
329,19,0,15.0,1.0,done,135
329,20,0,15.0,1.0,done,52
329,21,0,15.0,1.0,done,53
329,22,0,5.0,1.0,done,120
329,23,0,10.0,1.0,done,37
329,24,0,5.0,1.0,done,123
329,25,0,15.0,1.0,done,233
329,26,0,5.0,1.0,done,102
329,27,0,15.0,1.0,done,60
329,28,0,10.0,1.0,done,83
329,29,0,10.0,1.0,done,142
329,30,15.0,15.0,0.0,pending,
329,31,0,5.0,1.0,done,156
329,32,0,10.0,1.0,done,180
329,33,0,10.0,1.0,done,144
329,34,0,10.0,1.0,done,46
329,35,0,15.0,1.0,done,223
329,36,0,15.0,1.0,done,123
329,37,0,5.0,1.0,done,66
329,38,0,15.0,1.0,done,191
329,39,0,10.0,1.0,done,28
329,40,0,10.0,1.0,done,89
329,41,0,15.0,1.0,done,229
329,42,0,10.0,1.0,done,257
329,43,0,5.0,1.0,done,94
329,44,0,15.0,1.0,done,18
329,45,0,5.0,1.0,done,110
329,46,0,5.0,1.0,done,31
329,47,0,15.0,1.0,done,69
329,48,0,10.0,1.0,done,135
330,0,0,10.0,1.0,done,25
330,1,10.0,10.0,0.0,pending,
330,2,0,5.0,1.0,done,21
330,3,0,10.0,1.0,done,65
330,4,15.0,15.0,0.0,pending,
330,5,0,10.0,1.0,done,203
330,6,0,10.0,1.0,done,205
330,7,0,10.0,1.0,done,198
330,8,0,10.0,1.0,done,47
330,9,0,10.0,1.0,done,125
330,10,0,15.0,1.0,done,168
330,11,0,5.0,1.0,done,51
330,12,0,15.0,1.0,done,17
330,13,5.0,5.0,0.0,pending,
330,14,10.0,10.0,0.0,pending,
330,15,0,5.0,1.0,done,30
330,16,0,5.0,1.0,done,188
330,17,0,15.0,1.0,done,43
330,18,0,10.0,1.0,done,313
330,19,0,15.0,1.0,done,135
330,20,0,15.0,1.0,done,52
330,21,0,15.0,1.0,done,53
330,22,0,5.0,1.0,done,120
330,23,0,10.0,1.0,done,37
330,24,0,5.0,1.0,done,123
330,25,0,15.0,1.0,done,233
330,26,0,5.0,1.0,done,102
330,27,0,15.0,1.0,done,60
330,28,0,10.0,1.0,done,83
330,29,0,10.0,1.0,done,142
330,30,15.0,15.0,0.0,pending,
330,31,0,5.0,1.0,done,156
330,32,0,10.0,1.0,done,180
330,33,0,10.0,1.0,done,144
330,34,0,10.0,1.0,done,46
330,35,0,15.0,1.0,done,223
330,36,0,15.0,1.0,done,123
330,37,0,5.0,1.0,done,66
330,38,0,15.0,1.0,done,191
330,39,0,10.0,1.0,done,28
330,40,0,10.0,1.0,done,89
330,41,0,15.0,1.0,done,229
330,42,0,10.0,1.0,done,257
330,43,0,5.0,1.0,done,94
330,44,0,15.0,1.0,done,18
330,45,0,5.0,1.0,done,110
330,46,0,5.0,1.0,done,31
330,47,0,15.0,1.0,done,69
330,48,0,10.0,1.0,done,135
331,0,0,10.0,1.0,done,25
331,1,10.0,10.0,0.0,pending,
331,2,0,5.0,1.0,done,21
331,3,0,10.0,1.0,done,65
331,4,15.0,15.0,0.0,pending,
331,5,0,10.0,1.0,done,203
331,6,0,10.0,1.0,done,205
331,7,0,10.0,1.0,done,198
331,8,0,10.0,1.0,done,47
331,9,0,10.0,1.0,done,125
331,10,0,15.0,1.0,done,168
331,11,0,5.0,1.0,done,51
331,12,0,15.0,1.0,done,17
331,13,5.0,5.0,0.0,pending,
331,14,10.0,10.0,0.0,pending,
331,15,0,5.0,1.0,done,30
331,16,0,5.0,1.0,done,188
331,17,0,15.0,1.0,done,43
331,18,0,10.0,1.0,done,313
331,19,0,15.0,1.0,done,135
331,20,0,15.0,1.0,done,52
331,21,0,15.0,1.0,done,53
331,22,0,5.0,1.0,done,120
331,23,0,10.0,1.0,done,37
331,24,0,5.0,1.0,done,123
331,25,0,15.0,1.0,done,233
331,26,0,5.0,1.0,done,102
331,27,0,15.0,1.0,done,60
331,28,0,10.0,1.0,done,83
331,29,0,10.0,1.0,done,142
331,30,15.0,15.0,0.0,pending,
331,31,0,5.0,1.0,done,156
331,32,0,10.0,1.0,done,180
331,33,0,10.0,1.0,done,144
331,34,0,10.0,1.0,done,46
331,35,0,15.0,1.0,done,223
331,36,0,15.0,1.0,done,123
331,37,0,5.0,1.0,done,66
331,38,0,15.0,1.0,done,191
331,39,0,10.0,1.0,done,28
331,40,0,10.0,1.0,done,89
331,41,0,15.0,1.0,done,229
331,42,0,10.0,1.0,done,257
331,43,0,5.0,1.0,done,94
331,44,0,15.0,1.0,done,18
331,45,0,5.0,1.0,done,110
331,46,0,5.0,1.0,done,31
331,47,0,15.0,1.0,done,69
331,48,0,10.0,1.0,done,135
332,0,0,10.0,1.0,done,25
332,1,10.0,10.0,0.0,pending,
332,2,0,5.0,1.0,done,21
332,3,0,10.0,1.0,done,65
332,4,15.0,15.0,0.0,pending,
332,5,0,10.0,1.0,done,203
332,6,0,10.0,1.0,done,205
332,7,0,10.0,1.0,done,198
332,8,0,10.0,1.0,done,47
332,9,0,10.0,1.0,done,125
332,10,0,15.0,1.0,done,168
332,11,0,5.0,1.0,done,51
332,12,0,15.0,1.0,done,17
332,13,5.0,5.0,0.0,pending,
332,14,10.0,10.0,0.0,pending,
332,15,0,5.0,1.0,done,30
332,16,0,5.0,1.0,done,188
332,17,0,15.0,1.0,done,43
332,18,0,10.0,1.0,done,313
332,19,0,15.0,1.0,done,135
332,20,0,15.0,1.0,done,52
332,21,0,15.0,1.0,done,53
332,22,0,5.0,1.0,done,120
332,23,0,10.0,1.0,done,37
332,24,0,5.0,1.0,done,123
332,25,0,15.0,1.0,done,233
332,26,0,5.0,1.0,done,102
332,27,0,15.0,1.0,done,60
332,28,0,10.0,1.0,done,83
332,29,0,10.0,1.0,done,142
332,30,15.0,15.0,0.0,pending,
332,31,0,5.0,1.0,done,156
332,32,0,10.0,1.0,done,180
332,33,0,10.0,1.0,done,144
332,34,0,10.0,1.0,done,46
332,35,0,15.0,1.0,done,223
332,36,0,15.0,1.0,done,123
332,37,0,5.0,1.0,done,66
332,38,0,15.0,1.0,done,191
332,39,0,10.0,1.0,done,28
332,40,0,10.0,1.0,done,89
332,41,0,15.0,1.0,done,229
332,42,0,10.0,1.0,done,257
332,43,0,5.0,1.0,done,94
332,44,0,15.0,1.0,done,18
332,45,0,5.0,1.0,done,110
332,46,0,5.0,1.0,done,31
332,47,0,15.0,1.0,done,69
332,48,0,10.0,1.0,done,135
333,0,0,10.0,1.0,done,25
333,1,10.0,10.0,0.0,pending,
333,2,0,5.0,1.0,done,21
333,3,0,10.0,1.0,done,65
333,4,15.0,15.0,0.0,pending,
333,5,0,10.0,1.0,done,203
333,6,0,10.0,1.0,done,205
333,7,0,10.0,1.0,done,198
333,8,0,10.0,1.0,done,47
333,9,0,10.0,1.0,done,125
333,10,0,15.0,1.0,done,168
333,11,0,5.0,1.0,done,51
333,12,0,15.0,1.0,done,17
333,13,5.0,5.0,0.0,pending,
333,14,10.0,10.0,0.0,pending,
333,15,0,5.0,1.0,done,30
333,16,0,5.0,1.0,done,188
333,17,0,15.0,1.0,done,43
333,18,0,10.0,1.0,done,313
333,19,0,15.0,1.0,done,135
333,20,0,15.0,1.0,done,52
333,21,0,15.0,1.0,done,53
333,22,0,5.0,1.0,done,120
333,23,0,10.0,1.0,done,37
333,24,0,5.0,1.0,done,123
333,25,0,15.0,1.0,done,233
333,26,0,5.0,1.0,done,102
333,27,0,15.0,1.0,done,60
333,28,0,10.0,1.0,done,83
333,29,0,10.0,1.0,done,142
333,30,15.0,15.0,0.0,pending,
333,31,0,5.0,1.0,done,156
333,32,0,10.0,1.0,done,180
333,33,0,10.0,1.0,done,144
333,34,0,10.0,1.0,done,46
333,35,0,15.0,1.0,done,223
333,36,0,15.0,1.0,done,123
333,37,0,5.0,1.0,done,66
333,38,0,15.0,1.0,done,191
333,39,0,10.0,1.0,done,28
333,40,0,10.0,1.0,done,89
333,41,0,15.0,1.0,done,229
333,42,0,10.0,1.0,done,257
333,43,0,5.0,1.0,done,94
333,44,0,15.0,1.0,done,18
333,45,0,5.0,1.0,done,110
333,46,0,5.0,1.0,done,31
333,47,0,15.0,1.0,done,69
333,48,0,10.0,1.0,done,135
334,0,0,10.0,1.0,done,25
334,1,10.0,10.0,0.0,pending,
334,2,0,5.0,1.0,done,21
334,3,0,10.0,1.0,done,65
334,4,15.0,15.0,0.0,pending,
334,5,0,10.0,1.0,done,203
334,6,0,10.0,1.0,done,205
334,7,0,10.0,1.0,done,198
334,8,0,10.0,1.0,done,47
334,9,0,10.0,1.0,done,125
334,10,0,15.0,1.0,done,168
334,11,0,5.0,1.0,done,51
334,12,0,15.0,1.0,done,17
334,13,5.0,5.0,0.0,pending,
334,14,10.0,10.0,0.0,pending,
334,15,0,5.0,1.0,done,30
334,16,0,5.0,1.0,done,188
334,17,0,15.0,1.0,done,43
334,18,0,10.0,1.0,done,313
334,19,0,15.0,1.0,done,135
334,20,0,15.0,1.0,done,52
334,21,0,15.0,1.0,done,53
334,22,0,5.0,1.0,done,120
334,23,0,10.0,1.0,done,37
334,24,0,5.0,1.0,done,123
334,25,0,15.0,1.0,done,233
334,26,0,5.0,1.0,done,102
334,27,0,15.0,1.0,done,60
334,28,0,10.0,1.0,done,83
334,29,0,10.0,1.0,done,142
334,30,13.508081765917746,15.0,0.09946121560548361,in_progress,
334,31,0,5.0,1.0,done,156
334,32,0,10.0,1.0,done,180
334,33,0,10.0,1.0,done,144
334,34,0,10.0,1.0,done,46
334,35,0,15.0,1.0,done,223
334,36,0,15.0,1.0,done,123
334,37,0,5.0,1.0,done,66
334,38,0,15.0,1.0,done,191
334,39,0,10.0,1.0,done,28
334,40,0,10.0,1.0,done,89
334,41,0,15.0,1.0,done,229
334,42,0,10.0,1.0,done,257
334,43,0,5.0,1.0,done,94
334,44,0,15.0,1.0,done,18
334,45,0,5.0,1.0,done,110
334,46,0,5.0,1.0,done,31
334,47,0,15.0,1.0,done,69
334,48,0,10.0,1.0,done,135
335,0,0,10.0,1.0,done,25
335,1,10.0,10.0,0.0,pending,
335,2,0,5.0,1.0,done,21
335,3,0,10.0,1.0,done,65
335,4,15.0,15.0,0.0,pending,
335,5,0,10.0,1.0,done,203
335,6,0,10.0,1.0,done,205
335,7,0,10.0,1.0,done,198
335,8,0,10.0,1.0,done,47
335,9,0,10.0,1.0,done,125
335,10,0,15.0,1.0,done,168
335,11,0,5.0,1.0,done,51
335,12,0,15.0,1.0,done,17
335,13,5.0,5.0,0.0,pending,
335,14,10.0,10.0,0.0,pending,
335,15,0,5.0,1.0,done,30
335,16,0,5.0,1.0,done,188
335,17,0,15.0,1.0,done,43
335,18,0,10.0,1.0,done,313
335,19,0,15.0,1.0,done,135
335,20,0,15.0,1.0,done,52
335,21,0,15.0,1.0,done,53
335,22,0,5.0,1.0,done,120
335,23,0,10.0,1.0,done,37
335,24,0,5.0,1.0,done,123
335,25,0,15.0,1.0,done,233
335,26,0,5.0,1.0,done,102
335,27,0,15.0,1.0,done,60
335,28,0,10.0,1.0,done,83
335,29,0,10.0,1.0,done,142
335,30,11.508081765917746,15.0,0.23279454893881693,in_progress,
335,31,0,5.0,1.0,done,156
335,32,0,10.0,1.0,done,180
335,33,0,10.0,1.0,done,144
335,34,0,10.0,1.0,done,46
335,35,0,15.0,1.0,done,223
335,36,0,15.0,1.0,done,123
335,37,0,5.0,1.0,done,66
335,38,0,15.0,1.0,done,191
335,39,0,10.0,1.0,done,28
335,40,0,10.0,1.0,done,89
335,41,0,15.0,1.0,done,229
335,42,0,10.0,1.0,done,257
335,43,0,5.0,1.0,done,94
335,44,0,15.0,1.0,done,18
335,45,0,5.0,1.0,done,110
335,46,0,5.0,1.0,done,31
335,47,0,15.0,1.0,done,69
335,48,0,10.0,1.0,done,135
336,0,0,10.0,1.0,done,25
336,1,10.0,10.0,0.0,pending,
336,2,0,5.0,1.0,done,21
336,3,0,10.0,1.0,done,65
336,4,15.0,15.0,0.0,pending,
336,5,0,10.0,1.0,done,203
336,6,0,10.0,1.0,done,205
336,7,0,10.0,1.0,done,198
336,8,0,10.0,1.0,done,47
336,9,0,10.0,1.0,done,125
336,10,0,15.0,1.0,done,168
336,11,0,5.0,1.0,done,51
336,12,0,15.0,1.0,done,17
336,13,5.0,5.0,0.0,pending,
336,14,10.0,10.0,0.0,pending,
336,15,0,5.0,1.0,done,30
336,16,0,5.0,1.0,done,188
336,17,0,15.0,1.0,done,43
336,18,0,10.0,1.0,done,313
336,19,0,15.0,1.0,done,135
336,20,0,15.0,1.0,done,52
336,21,0,15.0,1.0,done,53
336,22,0,5.0,1.0,done,120
336,23,0,10.0,1.0,done,37
336,24,0,5.0,1.0,done,123
336,25,0,15.0,1.0,done,233
336,26,0,5.0,1.0,done,102
336,27,0,15.0,1.0,done,60
336,28,0,10.0,1.0,done,83
336,29,0,10.0,1.0,done,142
336,30,9.508081765917746,15.0,0.36612788227215026,in_progress,
336,31,0,5.0,1.0,done,156
336,32,0,10.0,1.0,done,180
336,33,0,10.0,1.0,done,144
336,34,0,10.0,1.0,done,46
336,35,0,15.0,1.0,done,223
336,36,0,15.0,1.0,done,123
336,37,0,5.0,1.0,done,66
336,38,0,15.0,1.0,done,191
336,39,0,10.0,1.0,done,28
336,40,0,10.0,1.0,done,89
336,41,0,15.0,1.0,done,229
336,42,0,10.0,1.0,done,257
336,43,0,5.0,1.0,done,94
336,44,0,15.0,1.0,done,18
336,45,0,5.0,1.0,done,110
336,46,0,5.0,1.0,done,31
336,47,0,15.0,1.0,done,69
336,48,0,10.0,1.0,done,135
337,0,0,10.0,1.0,done,25
337,1,10.0,10.0,0.0,pending,
337,2,0,5.0,1.0,done,21
337,3,0,10.0,1.0,done,65
337,4,15.0,15.0,0.0,pending,
337,5,0,10.0,1.0,done,203
337,6,0,10.0,1.0,done,205
337,7,0,10.0,1.0,done,198
337,8,0,10.0,1.0,done,47
337,9,0,10.0,1.0,done,125
337,10,0,15.0,1.0,done,168
337,11,0,5.0,1.0,done,51
337,12,0,15.0,1.0,done,17
337,13,5.0,5.0,0.0,pending,
337,14,10.0,10.0,0.0,pending,
337,15,0,5.0,1.0,done,30
337,16,0,5.0,1.0,done,188
337,17,0,15.0,1.0,done,43
337,18,0,10.0,1.0,done,313
337,19,0,15.0,1.0,done,135
337,20,0,15.0,1.0,done,52
337,21,0,15.0,1.0,done,53
337,22,0,5.0,1.0,done,120
337,23,0,10.0,1.0,done,37
337,24,0,5.0,1.0,done,123
337,25,0,15.0,1.0,done,233
337,26,0,5.0,1.0,done,102
337,27,0,15.0,1.0,done,60
337,28,0,10.0,1.0,done,83
337,29,0,10.0,1.0,done,142
337,30,7.508081765917746,15.0,0.4994612156054836,in_progress,
337,31,0,5.0,1.0,done,156
337,32,0,10.0,1.0,done,180
337,33,0,10.0,1.0,done,144
337,34,0,10.0,1.0,done,46
337,35,0,15.0,1.0,done,223
337,36,0,15.0,1.0,done,123
337,37,0,5.0,1.0,done,66
337,38,0,15.0,1.0,done,191
337,39,0,10.0,1.0,done,28
337,40,0,10.0,1.0,done,89
337,41,0,15.0,1.0,done,229
337,42,0,10.0,1.0,done,257
337,43,0,5.0,1.0,done,94
337,44,0,15.0,1.0,done,18
337,45,0,5.0,1.0,done,110
337,46,0,5.0,1.0,done,31
337,47,0,15.0,1.0,done,69
337,48,0,10.0,1.0,done,135
338,0,0,10.0,1.0,done,25
338,1,10.0,10.0,0.0,pending,
338,2,0,5.0,1.0,done,21
338,3,0,10.0,1.0,done,65
338,4,15.0,15.0,0.0,pending,
338,5,0,10.0,1.0,done,203
338,6,0,10.0,1.0,done,205
338,7,0,10.0,1.0,done,198
338,8,0,10.0,1.0,done,47
338,9,0,10.0,1.0,done,125
338,10,0,15.0,1.0,done,168
338,11,0,5.0,1.0,done,51
338,12,0,15.0,1.0,done,17
338,13,5.0,5.0,0.0,pending,
338,14,10.0,10.0,0.0,pending,
338,15,0,5.0,1.0,done,30
338,16,0,5.0,1.0,done,188
338,17,0,15.0,1.0,done,43
338,18,0,10.0,1.0,done,313
338,19,0,15.0,1.0,done,135
338,20,0,15.0,1.0,done,52
338,21,0,15.0,1.0,done,53
338,22,0,5.0,1.0,done,120
338,23,0,10.0,1.0,done,37
338,24,0,5.0,1.0,done,123
338,25,0,15.0,1.0,done,233
338,26,0,5.0,1.0,done,102
338,27,0,15.0,1.0,done,60
338,28,0,10.0,1.0,done,83
338,29,0,10.0,1.0,done,142
338,30,5.508081765917746,15.0,0.6327945489388169,in_progress,
338,31,0,5.0,1.0,done,156
338,32,0,10.0,1.0,done,180
338,33,0,10.0,1.0,done,144
338,34,0,10.0,1.0,done,46
338,35,0,15.0,1.0,done,223
338,36,0,15.0,1.0,done,123
338,37,0,5.0,1.0,done,66
338,38,0,15.0,1.0,done,191
338,39,0,10.0,1.0,done,28
338,40,0,10.0,1.0,done,89
338,41,0,15.0,1.0,done,229
338,42,0,10.0,1.0,done,257
338,43,0,5.0,1.0,done,94
338,44,0,15.0,1.0,done,18
338,45,0,5.0,1.0,done,110
338,46,0,5.0,1.0,done,31
338,47,0,15.0,1.0,done,69
338,48,0,10.0,1.0,done,135
339,0,0,10.0,1.0,done,25
339,1,10.0,10.0,0.0,pending,
339,2,0,5.0,1.0,done,21
339,3,0,10.0,1.0,done,65
339,4,15.0,15.0,0.0,pending,
339,5,0,10.0,1.0,done,203
339,6,0,10.0,1.0,done,205
339,7,0,10.0,1.0,done,198
339,8,0,10.0,1.0,done,47
339,9,0,10.0,1.0,done,125
339,10,0,15.0,1.0,done,168
339,11,0,5.0,1.0,done,51
339,12,0,15.0,1.0,done,17
339,13,5.0,5.0,0.0,pending,
339,14,10.0,10.0,0.0,pending,
339,15,0,5.0,1.0,done,30
339,16,0,5.0,1.0,done,188
339,17,0,15.0,1.0,done,43
339,18,0,10.0,1.0,done,313
339,19,0,15.0,1.0,done,135
339,20,0,15.0,1.0,done,52
339,21,0,15.0,1.0,done,53
339,22,0,5.0,1.0,done,120
339,23,0,10.0,1.0,done,37
339,24,0,5.0,1.0,done,123
339,25,0,15.0,1.0,done,233
339,26,0,5.0,1.0,done,102
339,27,0,15.0,1.0,done,60
339,28,0,10.0,1.0,done,83
339,29,0,10.0,1.0,done,142
339,30,3.508081765917746,15.0,0.7661278822721502,in_progress,
339,31,0,5.0,1.0,done,156
339,32,0,10.0,1.0,done,180
339,33,0,10.0,1.0,done,144
339,34,0,10.0,1.0,done,46
339,35,0,15.0,1.0,done,223
339,36,0,15.0,1.0,done,123
339,37,0,5.0,1.0,done,66
339,38,0,15.0,1.0,done,191
339,39,0,10.0,1.0,done,28
339,40,0,10.0,1.0,done,89
339,41,0,15.0,1.0,done,229
339,42,0,10.0,1.0,done,257
339,43,0,5.0,1.0,done,94
339,44,0,15.0,1.0,done,18
339,45,0,5.0,1.0,done,110
339,46,0,5.0,1.0,done,31
339,47,0,15.0,1.0,done,69
339,48,0,10.0,1.0,done,135
340,0,0,10.0,1.0,done,25
340,1,10.0,10.0,0.0,pending,
340,2,0,5.0,1.0,done,21
340,3,0,10.0,1.0,done,65
340,4,15.0,15.0,0.0,pending,
340,5,0,10.0,1.0,done,203
340,6,0,10.0,1.0,done,205
340,7,0,10.0,1.0,done,198
340,8,0,10.0,1.0,done,47
340,9,0,10.0,1.0,done,125
340,10,0,15.0,1.0,done,168
340,11,0,5.0,1.0,done,51
340,12,0,15.0,1.0,done,17
340,13,5.0,5.0,0.0,pending,
340,14,10.0,10.0,0.0,pending,
340,15,0,5.0,1.0,done,30
340,16,0,5.0,1.0,done,188
340,17,0,15.0,1.0,done,43
340,18,0,10.0,1.0,done,313
340,19,0,15.0,1.0,done,135
340,20,0,15.0,1.0,done,52
340,21,0,15.0,1.0,done,53
340,22,0,5.0,1.0,done,120
340,23,0,10.0,1.0,done,37
340,24,0,5.0,1.0,done,123
340,25,0,15.0,1.0,done,233
340,26,0,5.0,1.0,done,102
340,27,0,15.0,1.0,done,60
340,28,0,10.0,1.0,done,83
340,29,0,10.0,1.0,done,142
340,30,1.508081765917746,15.0,0.8994612156054836,in_progress,
340,31,0,5.0,1.0,done,156
340,32,0,10.0,1.0,done,180
340,33,0,10.0,1.0,done,144
340,34,0,10.0,1.0,done,46
340,35,0,15.0,1.0,done,223
340,36,0,15.0,1.0,done,123
340,37,0,5.0,1.0,done,66
340,38,0,15.0,1.0,done,191
340,39,0,10.0,1.0,done,28
340,40,0,10.0,1.0,done,89
340,41,0,15.0,1.0,done,229
340,42,0,10.0,1.0,done,257
340,43,0,5.0,1.0,done,94
340,44,0,15.0,1.0,done,18
340,45,0,5.0,1.0,done,110
340,46,0,5.0,1.0,done,31
340,47,0,15.0,1.0,done,69
340,48,0,10.0,1.0,done,135
341,0,0,10.0,1.0,done,25
341,1,10.0,10.0,0.0,pending,
341,2,0,5.0,1.0,done,21
341,3,0,10.0,1.0,done,65
341,4,15.0,15.0,0.0,pending,
341,5,0,10.0,1.0,done,203
341,6,0,10.0,1.0,done,205
341,7,0,10.0,1.0,done,198
341,8,0,10.0,1.0,done,47
341,9,0,10.0,1.0,done,125
341,10,0,15.0,1.0,done,168
341,11,0,5.0,1.0,done,51
341,12,0,15.0,1.0,done,17
341,13,5.0,5.0,0.0,pending,
341,14,10.0,10.0,0.0,pending,
341,15,0,5.0,1.0,done,30
341,16,0,5.0,1.0,done,188
341,17,0,15.0,1.0,done,43
341,18,0,10.0,1.0,done,313
341,19,0,15.0,1.0,done,135
341,20,0,15.0,1.0,done,52
341,21,0,15.0,1.0,done,53
341,22,0,5.0,1.0,done,120
341,23,0,10.0,1.0,done,37
341,24,0,5.0,1.0,done,123
341,25,0,15.0,1.0,done,233
341,26,0,5.0,1.0,done,102
341,27,0,15.0,1.0,done,60
341,28,0,10.0,1.0,done,83
341,29,0,10.0,1.0,done,142
341,30,0,15.0,1.0,done,341
341,31,0,5.0,1.0,done,156
341,32,0,10.0,1.0,done,180
341,33,0,10.0,1.0,done,144
341,34,0,10.0,1.0,done,46
341,35,0,15.0,1.0,done,223
341,36,0,15.0,1.0,done,123
341,37,0,5.0,1.0,done,66
341,38,0,15.0,1.0,done,191
341,39,0,10.0,1.0,done,28
341,40,0,10.0,1.0,done,89
341,41,0,15.0,1.0,done,229
341,42,0,10.0,1.0,done,257
341,43,0,5.0,1.0,done,94
341,44,0,15.0,1.0,done,18
341,45,0,5.0,1.0,done,110
341,46,0,5.0,1.0,done,31
341,47,0,15.0,1.0,done,69
341,48,0,10.0,1.0,done,135
342,0,0,10.0,1.0,done,25
342,1,10.0,10.0,0.0,pending,
342,2,0,5.0,1.0,done,21
342,3,0,10.0,1.0,done,65
342,4,15.0,15.0,0.0,pending,
342,5,0,10.0,1.0,done,203
342,6,0,10.0,1.0,done,205
342,7,0,10.0,1.0,done,198
342,8,0,10.0,1.0,done,47
342,9,0,10.0,1.0,done,125
342,10,0,15.0,1.0,done,168
342,11,0,5.0,1.0,done,51
342,12,0,15.0,1.0,done,17
342,13,5.0,5.0,0.0,pending,
342,14,10.0,10.0,0.0,pending,
342,15,0,5.0,1.0,done,30
342,16,0,5.0,1.0,done,188
342,17,0,15.0,1.0,done,43
342,18,0,10.0,1.0,done,313
342,19,0,15.0,1.0,done,135
342,20,0,15.0,1.0,done,52
342,21,0,15.0,1.0,done,53
342,22,0,5.0,1.0,done,120
342,23,0,10.0,1.0,done,37
342,24,0,5.0,1.0,done,123
342,25,0,15.0,1.0,done,233
342,26,0,5.0,1.0,done,102
342,27,0,15.0,1.0,done,60
342,28,0,10.0,1.0,done,83
342,29,0,10.0,1.0,done,142
342,30,0,15.0,1.0,done,341
342,31,0,5.0,1.0,done,156
342,32,0,10.0,1.0,done,180
342,33,0,10.0,1.0,done,144
342,34,0,10.0,1.0,done,46
342,35,0,15.0,1.0,done,223
342,36,0,15.0,1.0,done,123
342,37,0,5.0,1.0,done,66
342,38,0,15.0,1.0,done,191
342,39,0,10.0,1.0,done,28
342,40,0,10.0,1.0,done,89
342,41,0,15.0,1.0,done,229
342,42,0,10.0,1.0,done,257
342,43,0,5.0,1.0,done,94
342,44,0,15.0,1.0,done,18
342,45,0,5.0,1.0,done,110
342,46,0,5.0,1.0,done,31
342,47,0,15.0,1.0,done,69
342,48,0,10.0,1.0,done,135
343,0,0,10.0,1.0,done,25
343,1,10.0,10.0,0.0,pending,
343,2,0,5.0,1.0,done,21
343,3,0,10.0,1.0,done,65
343,4,15.0,15.0,0.0,pending,
343,5,0,10.0,1.0,done,203
343,6,0,10.0,1.0,done,205
343,7,0,10.0,1.0,done,198
343,8,0,10.0,1.0,done,47
343,9,0,10.0,1.0,done,125
343,10,0,15.0,1.0,done,168
343,11,0,5.0,1.0,done,51
343,12,0,15.0,1.0,done,17
343,13,5.0,5.0,0.0,pending,
343,14,10.0,10.0,0.0,pending,
343,15,0,5.0,1.0,done,30
343,16,0,5.0,1.0,done,188
343,17,0,15.0,1.0,done,43
343,18,0,10.0,1.0,done,313
343,19,0,15.0,1.0,done,135
343,20,0,15.0,1.0,done,52
343,21,0,15.0,1.0,done,53
343,22,0,5.0,1.0,done,120
343,23,0,10.0,1.0,done,37
343,24,0,5.0,1.0,done,123
343,25,0,15.0,1.0,done,233
343,26,0,5.0,1.0,done,102
343,27,0,15.0,1.0,done,60
343,28,0,10.0,1.0,done,83
343,29,0,10.0,1.0,done,142
343,30,0,15.0,1.0,done,341
343,31,0,5.0,1.0,done,156
343,32,0,10.0,1.0,done,180
343,33,0,10.0,1.0,done,144
343,34,0,10.0,1.0,done,46
343,35,0,15.0,1.0,done,223
343,36,0,15.0,1.0,done,123
343,37,0,5.0,1.0,done,66
343,38,0,15.0,1.0,done,191
343,39,0,10.0,1.0,done,28
343,40,0,10.0,1.0,done,89
343,41,0,15.0,1.0,done,229
343,42,0,10.0,1.0,done,257
343,43,0,5.0,1.0,done,94
343,44,0,15.0,1.0,done,18
343,45,0,5.0,1.0,done,110
343,46,0,5.0,1.0,done,31
343,47,0,15.0,1.0,done,69
343,48,0,10.0,1.0,done,135
344,0,0,10.0,1.0,done,25
344,1,10.0,10.0,0.0,pending,
344,2,0,5.0,1.0,done,21
344,3,0,10.0,1.0,done,65
344,4,15.0,15.0,0.0,pending,
344,5,0,10.0,1.0,done,203
344,6,0,10.0,1.0,done,205
344,7,0,10.0,1.0,done,198
344,8,0,10.0,1.0,done,47
344,9,0,10.0,1.0,done,125
344,10,0,15.0,1.0,done,168
344,11,0,5.0,1.0,done,51
344,12,0,15.0,1.0,done,17
344,13,5.0,5.0,0.0,pending,
344,14,10.0,10.0,0.0,pending,
344,15,0,5.0,1.0,done,30
344,16,0,5.0,1.0,done,188
344,17,0,15.0,1.0,done,43
344,18,0,10.0,1.0,done,313
344,19,0,15.0,1.0,done,135
344,20,0,15.0,1.0,done,52
344,21,0,15.0,1.0,done,53
344,22,0,5.0,1.0,done,120
344,23,0,10.0,1.0,done,37
344,24,0,5.0,1.0,done,123
344,25,0,15.0,1.0,done,233
344,26,0,5.0,1.0,done,102
344,27,0,15.0,1.0,done,60
344,28,0,10.0,1.0,done,83
344,29,0,10.0,1.0,done,142
344,30,0,15.0,1.0,done,341
344,31,0,5.0,1.0,done,156
344,32,0,10.0,1.0,done,180
344,33,0,10.0,1.0,done,144
344,34,0,10.0,1.0,done,46
344,35,0,15.0,1.0,done,223
344,36,0,15.0,1.0,done,123
344,37,0,5.0,1.0,done,66
344,38,0,15.0,1.0,done,191
344,39,0,10.0,1.0,done,28
344,40,0,10.0,1.0,done,89
344,41,0,15.0,1.0,done,229
344,42,0,10.0,1.0,done,257
344,43,0,5.0,1.0,done,94
344,44,0,15.0,1.0,done,18
344,45,0,5.0,1.0,done,110
344,46,0,5.0,1.0,done,31
344,47,0,15.0,1.0,done,69
344,48,0,10.0,1.0,done,135
345,0,0,10.0,1.0,done,25
345,1,10.0,10.0,0.0,pending,
345,2,0,5.0,1.0,done,21
345,3,0,10.0,1.0,done,65
345,4,15.0,15.0,0.0,pending,
345,5,0,10.0,1.0,done,203
345,6,0,10.0,1.0,done,205
345,7,0,10.0,1.0,done,198
345,8,0,10.0,1.0,done,47
345,9,0,10.0,1.0,done,125
345,10,0,15.0,1.0,done,168
345,11,0,5.0,1.0,done,51
345,12,0,15.0,1.0,done,17
345,13,5.0,5.0,0.0,pending,
345,14,10.0,10.0,0.0,pending,
345,15,0,5.0,1.0,done,30
345,16,0,5.0,1.0,done,188
345,17,0,15.0,1.0,done,43
345,18,0,10.0,1.0,done,313
345,19,0,15.0,1.0,done,135
345,20,0,15.0,1.0,done,52
345,21,0,15.0,1.0,done,53
345,22,0,5.0,1.0,done,120
345,23,0,10.0,1.0,done,37
345,24,0,5.0,1.0,done,123
345,25,0,15.0,1.0,done,233
345,26,0,5.0,1.0,done,102
345,27,0,15.0,1.0,done,60
345,28,0,10.0,1.0,done,83
345,29,0,10.0,1.0,done,142
345,30,0,15.0,1.0,done,341
345,31,0,5.0,1.0,done,156
345,32,0,10.0,1.0,done,180
345,33,0,10.0,1.0,done,144
345,34,0,10.0,1.0,done,46
345,35,0,15.0,1.0,done,223
345,36,0,15.0,1.0,done,123
345,37,0,5.0,1.0,done,66
345,38,0,15.0,1.0,done,191
345,39,0,10.0,1.0,done,28
345,40,0,10.0,1.0,done,89
345,41,0,15.0,1.0,done,229
345,42,0,10.0,1.0,done,257
345,43,0,5.0,1.0,done,94
345,44,0,15.0,1.0,done,18
345,45,0,5.0,1.0,done,110
345,46,0,5.0,1.0,done,31
345,47,0,15.0,1.0,done,69
345,48,0,10.0,1.0,done,135
346,0,0,10.0,1.0,done,25
346,1,10.0,10.0,0.0,pending,
346,2,0,5.0,1.0,done,21
346,3,0,10.0,1.0,done,65
346,4,15.0,15.0,0.0,pending,
346,5,0,10.0,1.0,done,203
346,6,0,10.0,1.0,done,205
346,7,0,10.0,1.0,done,198
346,8,0,10.0,1.0,done,47
346,9,0,10.0,1.0,done,125
346,10,0,15.0,1.0,done,168
346,11,0,5.0,1.0,done,51
346,12,0,15.0,1.0,done,17
346,13,5.0,5.0,0.0,pending,
346,14,10.0,10.0,0.0,pending,
346,15,0,5.0,1.0,done,30
346,16,0,5.0,1.0,done,188
346,17,0,15.0,1.0,done,43
346,18,0,10.0,1.0,done,313
346,19,0,15.0,1.0,done,135
346,20,0,15.0,1.0,done,52
346,21,0,15.0,1.0,done,53
346,22,0,5.0,1.0,done,120
346,23,0,10.0,1.0,done,37
346,24,0,5.0,1.0,done,123
346,25,0,15.0,1.0,done,233
346,26,0,5.0,1.0,done,102
346,27,0,15.0,1.0,done,60
346,28,0,10.0,1.0,done,83
346,29,0,10.0,1.0,done,142
346,30,0,15.0,1.0,done,341
346,31,0,5.0,1.0,done,156
346,32,0,10.0,1.0,done,180
346,33,0,10.0,1.0,done,144
346,34,0,10.0,1.0,done,46
346,35,0,15.0,1.0,done,223
346,36,0,15.0,1.0,done,123
346,37,0,5.0,1.0,done,66
346,38,0,15.0,1.0,done,191
346,39,0,10.0,1.0,done,28
346,40,0,10.0,1.0,done,89
346,41,0,15.0,1.0,done,229
346,42,0,10.0,1.0,done,257
346,43,0,5.0,1.0,done,94
346,44,0,15.0,1.0,done,18
346,45,0,5.0,1.0,done,110
346,46,0,5.0,1.0,done,31
346,47,0,15.0,1.0,done,69
346,48,0,10.0,1.0,done,135
347,0,0,10.0,1.0,done,25
347,1,10.0,10.0,0.0,pending,
347,2,0,5.0,1.0,done,21
347,3,0,10.0,1.0,done,65
347,4,15.0,15.0,0.0,pending,
347,5,0,10.0,1.0,done,203
347,6,0,10.0,1.0,done,205
347,7,0,10.0,1.0,done,198
347,8,0,10.0,1.0,done,47
347,9,0,10.0,1.0,done,125
347,10,0,15.0,1.0,done,168
347,11,0,5.0,1.0,done,51
347,12,0,15.0,1.0,done,17
347,13,5.0,5.0,0.0,pending,
347,14,10.0,10.0,0.0,pending,
347,15,0,5.0,1.0,done,30
347,16,0,5.0,1.0,done,188
347,17,0,15.0,1.0,done,43
347,18,0,10.0,1.0,done,313
347,19,0,15.0,1.0,done,135
347,20,0,15.0,1.0,done,52
347,21,0,15.0,1.0,done,53
347,22,0,5.0,1.0,done,120
347,23,0,10.0,1.0,done,37
347,24,0,5.0,1.0,done,123
347,25,0,15.0,1.0,done,233
347,26,0,5.0,1.0,done,102
347,27,0,15.0,1.0,done,60
347,28,0,10.0,1.0,done,83
347,29,0,10.0,1.0,done,142
347,30,0,15.0,1.0,done,341
347,31,0,5.0,1.0,done,156
347,32,0,10.0,1.0,done,180
347,33,0,10.0,1.0,done,144
347,34,0,10.0,1.0,done,46
347,35,0,15.0,1.0,done,223
347,36,0,15.0,1.0,done,123
347,37,0,5.0,1.0,done,66
347,38,0,15.0,1.0,done,191
347,39,0,10.0,1.0,done,28
347,40,0,10.0,1.0,done,89
347,41,0,15.0,1.0,done,229
347,42,0,10.0,1.0,done,257
347,43,0,5.0,1.0,done,94
347,44,0,15.0,1.0,done,18
347,45,0,5.0,1.0,done,110
347,46,0,5.0,1.0,done,31
347,47,0,15.0,1.0,done,69
347,48,0,10.0,1.0,done,135
348,0,0,10.0,1.0,done,25
348,1,10.0,10.0,0.0,pending,
348,2,0,5.0,1.0,done,21
348,3,0,10.0,1.0,done,65
348,4,15.0,15.0,0.0,pending,
348,5,0,10.0,1.0,done,203
348,6,0,10.0,1.0,done,205
348,7,0,10.0,1.0,done,198
348,8,0,10.0,1.0,done,47
348,9,0,10.0,1.0,done,125
348,10,0,15.0,1.0,done,168
348,11,0,5.0,1.0,done,51
348,12,0,15.0,1.0,done,17
348,13,5.0,5.0,0.0,pending,
348,14,10.0,10.0,0.0,pending,
348,15,0,5.0,1.0,done,30
348,16,0,5.0,1.0,done,188
348,17,0,15.0,1.0,done,43
348,18,0,10.0,1.0,done,313
348,19,0,15.0,1.0,done,135
348,20,0,15.0,1.0,done,52
348,21,0,15.0,1.0,done,53
348,22,0,5.0,1.0,done,120
348,23,0,10.0,1.0,done,37
348,24,0,5.0,1.0,done,123
348,25,0,15.0,1.0,done,233
348,26,0,5.0,1.0,done,102
348,27,0,15.0,1.0,done,60
348,28,0,10.0,1.0,done,83
348,29,0,10.0,1.0,done,142
348,30,0,15.0,1.0,done,341
348,31,0,5.0,1.0,done,156
348,32,0,10.0,1.0,done,180
348,33,0,10.0,1.0,done,144
348,34,0,10.0,1.0,done,46
348,35,0,15.0,1.0,done,223
348,36,0,15.0,1.0,done,123
348,37,0,5.0,1.0,done,66
348,38,0,15.0,1.0,done,191
348,39,0,10.0,1.0,done,28
348,40,0,10.0,1.0,done,89
348,41,0,15.0,1.0,done,229
348,42,0,10.0,1.0,done,257
348,43,0,5.0,1.0,done,94
348,44,0,15.0,1.0,done,18
348,45,0,5.0,1.0,done,110
348,46,0,5.0,1.0,done,31
348,47,0,15.0,1.0,done,69
348,48,0,10.0,1.0,done,135
349,0,0,10.0,1.0,done,25
349,1,10.0,10.0,0.0,pending,
349,2,0,5.0,1.0,done,21
349,3,0,10.0,1.0,done,65
349,4,15.0,15.0,0.0,pending,
349,5,0,10.0,1.0,done,203
349,6,0,10.0,1.0,done,205
349,7,0,10.0,1.0,done,198
349,8,0,10.0,1.0,done,47
349,9,0,10.0,1.0,done,125
349,10,0,15.0,1.0,done,168
349,11,0,5.0,1.0,done,51
349,12,0,15.0,1.0,done,17
349,13,5.0,5.0,0.0,pending,
349,14,10.0,10.0,0.0,pending,
349,15,0,5.0,1.0,done,30
349,16,0,5.0,1.0,done,188
349,17,0,15.0,1.0,done,43
349,18,0,10.0,1.0,done,313
349,19,0,15.0,1.0,done,135
349,20,0,15.0,1.0,done,52
349,21,0,15.0,1.0,done,53
349,22,0,5.0,1.0,done,120
349,23,0,10.0,1.0,done,37
349,24,0,5.0,1.0,done,123
349,25,0,15.0,1.0,done,233
349,26,0,5.0,1.0,done,102
349,27,0,15.0,1.0,done,60
349,28,0,10.0,1.0,done,83
349,29,0,10.0,1.0,done,142
349,30,0,15.0,1.0,done,341
349,31,0,5.0,1.0,done,156
349,32,0,10.0,1.0,done,180
349,33,0,10.0,1.0,done,144
349,34,0,10.0,1.0,done,46
349,35,0,15.0,1.0,done,223
349,36,0,15.0,1.0,done,123
349,37,0,5.0,1.0,done,66
349,38,0,15.0,1.0,done,191
349,39,0,10.0,1.0,done,28
349,40,0,10.0,1.0,done,89
349,41,0,15.0,1.0,done,229
349,42,0,10.0,1.0,done,257
349,43,0,5.0,1.0,done,94
349,44,0,15.0,1.0,done,18
349,45,0,5.0,1.0,done,110
349,46,0,5.0,1.0,done,31
349,47,0,15.0,1.0,done,69
349,48,0,10.0,1.0,done,135
350,0,0,10.0,1.0,done,25
350,1,10.0,10.0,0.0,pending,
350,2,0,5.0,1.0,done,21
350,3,0,10.0,1.0,done,65
350,4,15.0,15.0,0.0,pending,
350,5,0,10.0,1.0,done,203
350,6,0,10.0,1.0,done,205
350,7,0,10.0,1.0,done,198
350,8,0,10.0,1.0,done,47
350,9,0,10.0,1.0,done,125
350,10,0,15.0,1.0,done,168
350,11,0,5.0,1.0,done,51
350,12,0,15.0,1.0,done,17
350,13,5.0,5.0,0.0,pending,
350,14,10.0,10.0,0.0,pending,
350,15,0,5.0,1.0,done,30
350,16,0,5.0,1.0,done,188
350,17,0,15.0,1.0,done,43
350,18,0,10.0,1.0,done,313
350,19,0,15.0,1.0,done,135
350,20,0,15.0,1.0,done,52
350,21,0,15.0,1.0,done,53
350,22,0,5.0,1.0,done,120
350,23,0,10.0,1.0,done,37
350,24,0,5.0,1.0,done,123
350,25,0,15.0,1.0,done,233
350,26,0,5.0,1.0,done,102
350,27,0,15.0,1.0,done,60
350,28,0,10.0,1.0,done,83
350,29,0,10.0,1.0,done,142
350,30,0,15.0,1.0,done,341
350,31,0,5.0,1.0,done,156
350,32,0,10.0,1.0,done,180
350,33,0,10.0,1.0,done,144
350,34,0,10.0,1.0,done,46
350,35,0,15.0,1.0,done,223
350,36,0,15.0,1.0,done,123
350,37,0,5.0,1.0,done,66
350,38,0,15.0,1.0,done,191
350,39,0,10.0,1.0,done,28
350,40,0,10.0,1.0,done,89
350,41,0,15.0,1.0,done,229
350,42,0,10.0,1.0,done,257
350,43,0,5.0,1.0,done,94
350,44,0,15.0,1.0,done,18
350,45,0,5.0,1.0,done,110
350,46,0,5.0,1.0,done,31
350,47,0,15.0,1.0,done,69
350,48,0,10.0,1.0,done,135
351,0,0,10.0,1.0,done,25
351,1,10.0,10.0,0.0,pending,
351,2,0,5.0,1.0,done,21
351,3,0,10.0,1.0,done,65
351,4,15.0,15.0,0.0,pending,
351,5,0,10.0,1.0,done,203
351,6,0,10.0,1.0,done,205
351,7,0,10.0,1.0,done,198
351,8,0,10.0,1.0,done,47
351,9,0,10.0,1.0,done,125
351,10,0,15.0,1.0,done,168
351,11,0,5.0,1.0,done,51
351,12,0,15.0,1.0,done,17
351,13,5.0,5.0,0.0,pending,
351,14,10.0,10.0,0.0,pending,
351,15,0,5.0,1.0,done,30
351,16,0,5.0,1.0,done,188
351,17,0,15.0,1.0,done,43
351,18,0,10.0,1.0,done,313
351,19,0,15.0,1.0,done,135
351,20,0,15.0,1.0,done,52
351,21,0,15.0,1.0,done,53
351,22,0,5.0,1.0,done,120
351,23,0,10.0,1.0,done,37
351,24,0,5.0,1.0,done,123
351,25,0,15.0,1.0,done,233
351,26,0,5.0,1.0,done,102
351,27,0,15.0,1.0,done,60
351,28,0,10.0,1.0,done,83
351,29,0,10.0,1.0,done,142
351,30,0,15.0,1.0,done,341
351,31,0,5.0,1.0,done,156
351,32,0,10.0,1.0,done,180
351,33,0,10.0,1.0,done,144
351,34,0,10.0,1.0,done,46
351,35,0,15.0,1.0,done,223
351,36,0,15.0,1.0,done,123
351,37,0,5.0,1.0,done,66
351,38,0,15.0,1.0,done,191
351,39,0,10.0,1.0,done,28
351,40,0,10.0,1.0,done,89
351,41,0,15.0,1.0,done,229
351,42,0,10.0,1.0,done,257
351,43,0,5.0,1.0,done,94
351,44,0,15.0,1.0,done,18
351,45,0,5.0,1.0,done,110
351,46,0,5.0,1.0,done,31
351,47,0,15.0,1.0,done,69
351,48,0,10.0,1.0,done,135
352,0,0,10.0,1.0,done,25
352,1,10.0,10.0,0.0,pending,
352,2,0,5.0,1.0,done,21
352,3,0,10.0,1.0,done,65
352,4,15.0,15.0,0.0,pending,
352,5,0,10.0,1.0,done,203
352,6,0,10.0,1.0,done,205
352,7,0,10.0,1.0,done,198
352,8,0,10.0,1.0,done,47
352,9,0,10.0,1.0,done,125
352,10,0,15.0,1.0,done,168
352,11,0,5.0,1.0,done,51
352,12,0,15.0,1.0,done,17
352,13,5.0,5.0,0.0,pending,
352,14,10.0,10.0,0.0,pending,
352,15,0,5.0,1.0,done,30
352,16,0,5.0,1.0,done,188
352,17,0,15.0,1.0,done,43
352,18,0,10.0,1.0,done,313
352,19,0,15.0,1.0,done,135
352,20,0,15.0,1.0,done,52
352,21,0,15.0,1.0,done,53
352,22,0,5.0,1.0,done,120
352,23,0,10.0,1.0,done,37
352,24,0,5.0,1.0,done,123
352,25,0,15.0,1.0,done,233
352,26,0,5.0,1.0,done,102
352,27,0,15.0,1.0,done,60
352,28,0,10.0,1.0,done,83
352,29,0,10.0,1.0,done,142
352,30,0,15.0,1.0,done,341
352,31,0,5.0,1.0,done,156
352,32,0,10.0,1.0,done,180
352,33,0,10.0,1.0,done,144
352,34,0,10.0,1.0,done,46
352,35,0,15.0,1.0,done,223
352,36,0,15.0,1.0,done,123
352,37,0,5.0,1.0,done,66
352,38,0,15.0,1.0,done,191
352,39,0,10.0,1.0,done,28
352,40,0,10.0,1.0,done,89
352,41,0,15.0,1.0,done,229
352,42,0,10.0,1.0,done,257
352,43,0,5.0,1.0,done,94
352,44,0,15.0,1.0,done,18
352,45,0,5.0,1.0,done,110
352,46,0,5.0,1.0,done,31
352,47,0,15.0,1.0,done,69
352,48,0,10.0,1.0,done,135
353,0,0,10.0,1.0,done,25
353,1,10.0,10.0,0.0,pending,
353,2,0,5.0,1.0,done,21
353,3,0,10.0,1.0,done,65
353,4,15.0,15.0,0.0,pending,
353,5,0,10.0,1.0,done,203
353,6,0,10.0,1.0,done,205
353,7,0,10.0,1.0,done,198
353,8,0,10.0,1.0,done,47
353,9,0,10.0,1.0,done,125
353,10,0,15.0,1.0,done,168
353,11,0,5.0,1.0,done,51
353,12,0,15.0,1.0,done,17
353,13,5.0,5.0,0.0,pending,
353,14,10.0,10.0,0.0,pending,
353,15,0,5.0,1.0,done,30
353,16,0,5.0,1.0,done,188
353,17,0,15.0,1.0,done,43
353,18,0,10.0,1.0,done,313
353,19,0,15.0,1.0,done,135
353,20,0,15.0,1.0,done,52
353,21,0,15.0,1.0,done,53
353,22,0,5.0,1.0,done,120
353,23,0,10.0,1.0,done,37
353,24,0,5.0,1.0,done,123
353,25,0,15.0,1.0,done,233
353,26,0,5.0,1.0,done,102
353,27,0,15.0,1.0,done,60
353,28,0,10.0,1.0,done,83
353,29,0,10.0,1.0,done,142
353,30,0,15.0,1.0,done,341
353,31,0,5.0,1.0,done,156
353,32,0,10.0,1.0,done,180
353,33,0,10.0,1.0,done,144
353,34,0,10.0,1.0,done,46
353,35,0,15.0,1.0,done,223
353,36,0,15.0,1.0,done,123
353,37,0,5.0,1.0,done,66
353,38,0,15.0,1.0,done,191
353,39,0,10.0,1.0,done,28
353,40,0,10.0,1.0,done,89
353,41,0,15.0,1.0,done,229
353,42,0,10.0,1.0,done,257
353,43,0,5.0,1.0,done,94
353,44,0,15.0,1.0,done,18
353,45,0,5.0,1.0,done,110
353,46,0,5.0,1.0,done,31
353,47,0,15.0,1.0,done,69
353,48,0,10.0,1.0,done,135
354,0,0,10.0,1.0,done,25
354,1,10.0,10.0,0.0,pending,
354,2,0,5.0,1.0,done,21
354,3,0,10.0,1.0,done,65
354,4,15.0,15.0,0.0,pending,
354,5,0,10.0,1.0,done,203
354,6,0,10.0,1.0,done,205
354,7,0,10.0,1.0,done,198
354,8,0,10.0,1.0,done,47
354,9,0,10.0,1.0,done,125
354,10,0,15.0,1.0,done,168
354,11,0,5.0,1.0,done,51
354,12,0,15.0,1.0,done,17
354,13,5.0,5.0,0.0,pending,
354,14,10.0,10.0,0.0,pending,
354,15,0,5.0,1.0,done,30
354,16,0,5.0,1.0,done,188
354,17,0,15.0,1.0,done,43
354,18,0,10.0,1.0,done,313
354,19,0,15.0,1.0,done,135
354,20,0,15.0,1.0,done,52
354,21,0,15.0,1.0,done,53
354,22,0,5.0,1.0,done,120
354,23,0,10.0,1.0,done,37
354,24,0,5.0,1.0,done,123
354,25,0,15.0,1.0,done,233
354,26,0,5.0,1.0,done,102
354,27,0,15.0,1.0,done,60
354,28,0,10.0,1.0,done,83
354,29,0,10.0,1.0,done,142
354,30,0,15.0,1.0,done,341
354,31,0,5.0,1.0,done,156
354,32,0,10.0,1.0,done,180
354,33,0,10.0,1.0,done,144
354,34,0,10.0,1.0,done,46
354,35,0,15.0,1.0,done,223
354,36,0,15.0,1.0,done,123
354,37,0,5.0,1.0,done,66
354,38,0,15.0,1.0,done,191
354,39,0,10.0,1.0,done,28
354,40,0,10.0,1.0,done,89
354,41,0,15.0,1.0,done,229
354,42,0,10.0,1.0,done,257
354,43,0,5.0,1.0,done,94
354,44,0,15.0,1.0,done,18
354,45,0,5.0,1.0,done,110
354,46,0,5.0,1.0,done,31
354,47,0,15.0,1.0,done,69
354,48,0,10.0,1.0,done,135
355,0,0,10.0,1.0,done,25
355,1,10.0,10.0,0.0,pending,
355,2,0,5.0,1.0,done,21
355,3,0,10.0,1.0,done,65
355,4,15.0,15.0,0.0,pending,
355,5,0,10.0,1.0,done,203
355,6,0,10.0,1.0,done,205
355,7,0,10.0,1.0,done,198
355,8,0,10.0,1.0,done,47
355,9,0,10.0,1.0,done,125
355,10,0,15.0,1.0,done,168
355,11,0,5.0,1.0,done,51
355,12,0,15.0,1.0,done,17
355,13,5.0,5.0,0.0,pending,
355,14,10.0,10.0,0.0,pending,
355,15,0,5.0,1.0,done,30
355,16,0,5.0,1.0,done,188
355,17,0,15.0,1.0,done,43
355,18,0,10.0,1.0,done,313
355,19,0,15.0,1.0,done,135
355,20,0,15.0,1.0,done,52
355,21,0,15.0,1.0,done,53
355,22,0,5.0,1.0,done,120
355,23,0,10.0,1.0,done,37
355,24,0,5.0,1.0,done,123
355,25,0,15.0,1.0,done,233
355,26,0,5.0,1.0,done,102
355,27,0,15.0,1.0,done,60
355,28,0,10.0,1.0,done,83
355,29,0,10.0,1.0,done,142
355,30,0,15.0,1.0,done,341
355,31,0,5.0,1.0,done,156
355,32,0,10.0,1.0,done,180
355,33,0,10.0,1.0,done,144
355,34,0,10.0,1.0,done,46
355,35,0,15.0,1.0,done,223
355,36,0,15.0,1.0,done,123
355,37,0,5.0,1.0,done,66
355,38,0,15.0,1.0,done,191
355,39,0,10.0,1.0,done,28
355,40,0,10.0,1.0,done,89
355,41,0,15.0,1.0,done,229
355,42,0,10.0,1.0,done,257
355,43,0,5.0,1.0,done,94
355,44,0,15.0,1.0,done,18
355,45,0,5.0,1.0,done,110
355,46,0,5.0,1.0,done,31
355,47,0,15.0,1.0,done,69
355,48,0,10.0,1.0,done,135
356,0,0,10.0,1.0,done,25
356,1,10.0,10.0,0.0,pending,
356,2,0,5.0,1.0,done,21
356,3,0,10.0,1.0,done,65
356,4,15.0,15.0,0.0,pending,
356,5,0,10.0,1.0,done,203
356,6,0,10.0,1.0,done,205
356,7,0,10.0,1.0,done,198
356,8,0,10.0,1.0,done,47
356,9,0,10.0,1.0,done,125
356,10,0,15.0,1.0,done,168
356,11,0,5.0,1.0,done,51
356,12,0,15.0,1.0,done,17
356,13,5.0,5.0,0.0,pending,
356,14,10.0,10.0,0.0,pending,
356,15,0,5.0,1.0,done,30
356,16,0,5.0,1.0,done,188
356,17,0,15.0,1.0,done,43
356,18,0,10.0,1.0,done,313
356,19,0,15.0,1.0,done,135
356,20,0,15.0,1.0,done,52
356,21,0,15.0,1.0,done,53
356,22,0,5.0,1.0,done,120
356,23,0,10.0,1.0,done,37
356,24,0,5.0,1.0,done,123
356,25,0,15.0,1.0,done,233
356,26,0,5.0,1.0,done,102
356,27,0,15.0,1.0,done,60
356,28,0,10.0,1.0,done,83
356,29,0,10.0,1.0,done,142
356,30,0,15.0,1.0,done,341
356,31,0,5.0,1.0,done,156
356,32,0,10.0,1.0,done,180
356,33,0,10.0,1.0,done,144
356,34,0,10.0,1.0,done,46
356,35,0,15.0,1.0,done,223
356,36,0,15.0,1.0,done,123
356,37,0,5.0,1.0,done,66
356,38,0,15.0,1.0,done,191
356,39,0,10.0,1.0,done,28
356,40,0,10.0,1.0,done,89
356,41,0,15.0,1.0,done,229
356,42,0,10.0,1.0,done,257
356,43,0,5.0,1.0,done,94
356,44,0,15.0,1.0,done,18
356,45,0,5.0,1.0,done,110
356,46,0,5.0,1.0,done,31
356,47,0,15.0,1.0,done,69
356,48,0,10.0,1.0,done,135
357,0,0,10.0,1.0,done,25
357,1,10.0,10.0,0.0,pending,
357,2,0,5.0,1.0,done,21
357,3,0,10.0,1.0,done,65
357,4,15.0,15.0,0.0,pending,
357,5,0,10.0,1.0,done,203
357,6,0,10.0,1.0,done,205
357,7,0,10.0,1.0,done,198
357,8,0,10.0,1.0,done,47
357,9,0,10.0,1.0,done,125
357,10,0,15.0,1.0,done,168
357,11,0,5.0,1.0,done,51
357,12,0,15.0,1.0,done,17
357,13,5.0,5.0,0.0,pending,
357,14,10.0,10.0,0.0,pending,
357,15,0,5.0,1.0,done,30
357,16,0,5.0,1.0,done,188
357,17,0,15.0,1.0,done,43
357,18,0,10.0,1.0,done,313
357,19,0,15.0,1.0,done,135
357,20,0,15.0,1.0,done,52
357,21,0,15.0,1.0,done,53
357,22,0,5.0,1.0,done,120
357,23,0,10.0,1.0,done,37
357,24,0,5.0,1.0,done,123
357,25,0,15.0,1.0,done,233
357,26,0,5.0,1.0,done,102
357,27,0,15.0,1.0,done,60
357,28,0,10.0,1.0,done,83
357,29,0,10.0,1.0,done,142
357,30,0,15.0,1.0,done,341
357,31,0,5.0,1.0,done,156
357,32,0,10.0,1.0,done,180
357,33,0,10.0,1.0,done,144
357,34,0,10.0,1.0,done,46
357,35,0,15.0,1.0,done,223
357,36,0,15.0,1.0,done,123
357,37,0,5.0,1.0,done,66
357,38,0,15.0,1.0,done,191
357,39,0,10.0,1.0,done,28
357,40,0,10.0,1.0,done,89
357,41,0,15.0,1.0,done,229
357,42,0,10.0,1.0,done,257
357,43,0,5.0,1.0,done,94
357,44,0,15.0,1.0,done,18
357,45,0,5.0,1.0,done,110
357,46,0,5.0,1.0,done,31
357,47,0,15.0,1.0,done,69
357,48,0,10.0,1.0,done,135
358,0,0,10.0,1.0,done,25
358,1,10.0,10.0,0.0,pending,
358,2,0,5.0,1.0,done,21
358,3,0,10.0,1.0,done,65
358,4,15.0,15.0,0.0,pending,
358,5,0,10.0,1.0,done,203
358,6,0,10.0,1.0,done,205
358,7,0,10.0,1.0,done,198
358,8,0,10.0,1.0,done,47
358,9,0,10.0,1.0,done,125
358,10,0,15.0,1.0,done,168
358,11,0,5.0,1.0,done,51
358,12,0,15.0,1.0,done,17
358,13,5.0,5.0,0.0,pending,
358,14,10.0,10.0,0.0,pending,
358,15,0,5.0,1.0,done,30
358,16,0,5.0,1.0,done,188
358,17,0,15.0,1.0,done,43
358,18,0,10.0,1.0,done,313
358,19,0,15.0,1.0,done,135
358,20,0,15.0,1.0,done,52
358,21,0,15.0,1.0,done,53
358,22,0,5.0,1.0,done,120
358,23,0,10.0,1.0,done,37
358,24,0,5.0,1.0,done,123
358,25,0,15.0,1.0,done,233
358,26,0,5.0,1.0,done,102
358,27,0,15.0,1.0,done,60
358,28,0,10.0,1.0,done,83
358,29,0,10.0,1.0,done,142
358,30,0,15.0,1.0,done,341
358,31,0,5.0,1.0,done,156
358,32,0,10.0,1.0,done,180
358,33,0,10.0,1.0,done,144
358,34,0,10.0,1.0,done,46
358,35,0,15.0,1.0,done,223
358,36,0,15.0,1.0,done,123
358,37,0,5.0,1.0,done,66
358,38,0,15.0,1.0,done,191
358,39,0,10.0,1.0,done,28
358,40,0,10.0,1.0,done,89
358,41,0,15.0,1.0,done,229
358,42,0,10.0,1.0,done,257
358,43,0,5.0,1.0,done,94
358,44,0,15.0,1.0,done,18
358,45,0,5.0,1.0,done,110
358,46,0,5.0,1.0,done,31
358,47,0,15.0,1.0,done,69
358,48,0,10.0,1.0,done,135
359,0,0,10.0,1.0,done,25
359,1,10.0,10.0,0.0,pending,
359,2,0,5.0,1.0,done,21
359,3,0,10.0,1.0,done,65
359,4,15.0,15.0,0.0,pending,
359,5,0,10.0,1.0,done,203
359,6,0,10.0,1.0,done,205
359,7,0,10.0,1.0,done,198
359,8,0,10.0,1.0,done,47
359,9,0,10.0,1.0,done,125
359,10,0,15.0,1.0,done,168
359,11,0,5.0,1.0,done,51
359,12,0,15.0,1.0,done,17
359,13,5.0,5.0,0.0,pending,
359,14,10.0,10.0,0.0,pending,
359,15,0,5.0,1.0,done,30
359,16,0,5.0,1.0,done,188
359,17,0,15.0,1.0,done,43
359,18,0,10.0,1.0,done,313
359,19,0,15.0,1.0,done,135
359,20,0,15.0,1.0,done,52
359,21,0,15.0,1.0,done,53
359,22,0,5.0,1.0,done,120
359,23,0,10.0,1.0,done,37
359,24,0,5.0,1.0,done,123
359,25,0,15.0,1.0,done,233
359,26,0,5.0,1.0,done,102
359,27,0,15.0,1.0,done,60
359,28,0,10.0,1.0,done,83
359,29,0,10.0,1.0,done,142
359,30,0,15.0,1.0,done,341
359,31,0,5.0,1.0,done,156
359,32,0,10.0,1.0,done,180
359,33,0,10.0,1.0,done,144
359,34,0,10.0,1.0,done,46
359,35,0,15.0,1.0,done,223
359,36,0,15.0,1.0,done,123
359,37,0,5.0,1.0,done,66
359,38,0,15.0,1.0,done,191
359,39,0,10.0,1.0,done,28
359,40,0,10.0,1.0,done,89
359,41,0,15.0,1.0,done,229
359,42,0,10.0,1.0,done,257
359,43,0,5.0,1.0,done,94
359,44,0,15.0,1.0,done,18
359,45,0,5.0,1.0,done,110
359,46,0,5.0,1.0,done,31
359,47,0,15.0,1.0,done,69
359,48,0,10.0,1.0,done,135
360,0,0,10.0,1.0,done,25
360,1,10.0,10.0,0.0,pending,
360,2,0,5.0,1.0,done,21
360,3,0,10.0,1.0,done,65
360,4,13.305246579788696,15.0,0.1129835613474203,in_progress,
360,5,0,10.0,1.0,done,203
360,6,0,10.0,1.0,done,205
360,7,0,10.0,1.0,done,198
360,8,0,10.0,1.0,done,47
360,9,0,10.0,1.0,done,125
360,10,0,15.0,1.0,done,168
360,11,0,5.0,1.0,done,51
360,12,0,15.0,1.0,done,17
360,13,5.0,5.0,0.0,pending,
360,14,10.0,10.0,0.0,pending,
360,15,0,5.0,1.0,done,30
360,16,0,5.0,1.0,done,188
360,17,0,15.0,1.0,done,43
360,18,0,10.0,1.0,done,313
360,19,0,15.0,1.0,done,135
360,20,0,15.0,1.0,done,52
360,21,0,15.0,1.0,done,53
360,22,0,5.0,1.0,done,120
360,23,0,10.0,1.0,done,37
360,24,0,5.0,1.0,done,123
360,25,0,15.0,1.0,done,233
360,26,0,5.0,1.0,done,102
360,27,0,15.0,1.0,done,60
360,28,0,10.0,1.0,done,83
360,29,0,10.0,1.0,done,142
360,30,0,15.0,1.0,done,341
360,31,0,5.0,1.0,done,156
360,32,0,10.0,1.0,done,180
360,33,0,10.0,1.0,done,144
360,34,0,10.0,1.0,done,46
360,35,0,15.0,1.0,done,223
360,36,0,15.0,1.0,done,123
360,37,0,5.0,1.0,done,66
360,38,0,15.0,1.0,done,191
360,39,0,10.0,1.0,done,28
360,40,0,10.0,1.0,done,89
360,41,0,15.0,1.0,done,229
360,42,0,10.0,1.0,done,257
360,43,0,5.0,1.0,done,94
360,44,0,15.0,1.0,done,18
360,45,0,5.0,1.0,done,110
360,46,0,5.0,1.0,done,31
360,47,0,15.0,1.0,done,69
360,48,0,10.0,1.0,done,135
361,0,0,10.0,1.0,done,25
361,1,10.0,10.0,0.0,pending,
361,2,0,5.0,1.0,done,21
361,3,0,10.0,1.0,done,65
361,4,11.305246579788696,15.0,0.24631689468075363,in_progress,
361,5,0,10.0,1.0,done,203
361,6,0,10.0,1.0,done,205
361,7,0,10.0,1.0,done,198
361,8,0,10.0,1.0,done,47
361,9,0,10.0,1.0,done,125
361,10,0,15.0,1.0,done,168
361,11,0,5.0,1.0,done,51
361,12,0,15.0,1.0,done,17
361,13,5.0,5.0,0.0,pending,
361,14,10.0,10.0,0.0,pending,
361,15,0,5.0,1.0,done,30
361,16,0,5.0,1.0,done,188
361,17,0,15.0,1.0,done,43
361,18,0,10.0,1.0,done,313
361,19,0,15.0,1.0,done,135
361,20,0,15.0,1.0,done,52
361,21,0,15.0,1.0,done,53
361,22,0,5.0,1.0,done,120
361,23,0,10.0,1.0,done,37
361,24,0,5.0,1.0,done,123
361,25,0,15.0,1.0,done,233
361,26,0,5.0,1.0,done,102
361,27,0,15.0,1.0,done,60
361,28,0,10.0,1.0,done,83
361,29,0,10.0,1.0,done,142
361,30,0,15.0,1.0,done,341
361,31,0,5.0,1.0,done,156
361,32,0,10.0,1.0,done,180
361,33,0,10.0,1.0,done,144
361,34,0,10.0,1.0,done,46
361,35,0,15.0,1.0,done,223
361,36,0,15.0,1.0,done,123
361,37,0,5.0,1.0,done,66
361,38,0,15.0,1.0,done,191
361,39,0,10.0,1.0,done,28
361,40,0,10.0,1.0,done,89
361,41,0,15.0,1.0,done,229
361,42,0,10.0,1.0,done,257
361,43,0,5.0,1.0,done,94
361,44,0,15.0,1.0,done,18
361,45,0,5.0,1.0,done,110
361,46,0,5.0,1.0,done,31
361,47,0,15.0,1.0,done,69
361,48,0,10.0,1.0,done,135
362,0,0,10.0,1.0,done,25
362,1,10.0,10.0,0.0,pending,
362,2,0,5.0,1.0,done,21
362,3,0,10.0,1.0,done,65
362,4,9.305246579788696,15.0,0.37965022801408693,in_progress,
362,5,0,10.0,1.0,done,203
362,6,0,10.0,1.0,done,205
362,7,0,10.0,1.0,done,198
362,8,0,10.0,1.0,done,47
362,9,0,10.0,1.0,done,125
362,10,0,15.0,1.0,done,168
362,11,0,5.0,1.0,done,51
362,12,0,15.0,1.0,done,17
362,13,5.0,5.0,0.0,pending,
362,14,10.0,10.0,0.0,pending,
362,15,0,5.0,1.0,done,30
362,16,0,5.0,1.0,done,188
362,17,0,15.0,1.0,done,43
362,18,0,10.0,1.0,done,313
362,19,0,15.0,1.0,done,135
362,20,0,15.0,1.0,done,52
362,21,0,15.0,1.0,done,53
362,22,0,5.0,1.0,done,120
362,23,0,10.0,1.0,done,37
362,24,0,5.0,1.0,done,123
362,25,0,15.0,1.0,done,233
362,26,0,5.0,1.0,done,102
362,27,0,15.0,1.0,done,60
362,28,0,10.0,1.0,done,83
362,29,0,10.0,1.0,done,142
362,30,0,15.0,1.0,done,341
362,31,0,5.0,1.0,done,156
362,32,0,10.0,1.0,done,180
362,33,0,10.0,1.0,done,144
362,34,0,10.0,1.0,done,46
362,35,0,15.0,1.0,done,223
362,36,0,15.0,1.0,done,123
362,37,0,5.0,1.0,done,66
362,38,0,15.0,1.0,done,191
362,39,0,10.0,1.0,done,28
362,40,0,10.0,1.0,done,89
362,41,0,15.0,1.0,done,229
362,42,0,10.0,1.0,done,257
362,43,0,5.0,1.0,done,94
362,44,0,15.0,1.0,done,18
362,45,0,5.0,1.0,done,110
362,46,0,5.0,1.0,done,31
362,47,0,15.0,1.0,done,69
362,48,0,10.0,1.0,done,135
363,0,0,10.0,1.0,done,25
363,1,10.0,10.0,0.0,pending,
363,2,0,5.0,1.0,done,21
363,3,0,10.0,1.0,done,65
363,4,7.305246579788696,15.0,0.5129835613474203,in_progress,
363,5,0,10.0,1.0,done,203
363,6,0,10.0,1.0,done,205
363,7,0,10.0,1.0,done,198
363,8,0,10.0,1.0,done,47
363,9,0,10.0,1.0,done,125
363,10,0,15.0,1.0,done,168
363,11,0,5.0,1.0,done,51
363,12,0,15.0,1.0,done,17
363,13,5.0,5.0,0.0,pending,
363,14,10.0,10.0,0.0,pending,
363,15,0,5.0,1.0,done,30
363,16,0,5.0,1.0,done,188
363,17,0,15.0,1.0,done,43
363,18,0,10.0,1.0,done,313
363,19,0,15.0,1.0,done,135
363,20,0,15.0,1.0,done,52
363,21,0,15.0,1.0,done,53
363,22,0,5.0,1.0,done,120
363,23,0,10.0,1.0,done,37
363,24,0,5.0,1.0,done,123
363,25,0,15.0,1.0,done,233
363,26,0,5.0,1.0,done,102
363,27,0,15.0,1.0,done,60
363,28,0,10.0,1.0,done,83
363,29,0,10.0,1.0,done,142
363,30,0,15.0,1.0,done,341
363,31,0,5.0,1.0,done,156
363,32,0,10.0,1.0,done,180
363,33,0,10.0,1.0,done,144
363,34,0,10.0,1.0,done,46
363,35,0,15.0,1.0,done,223
363,36,0,15.0,1.0,done,123
363,37,0,5.0,1.0,done,66
363,38,0,15.0,1.0,done,191
363,39,0,10.0,1.0,done,28
363,40,0,10.0,1.0,done,89
363,41,0,15.0,1.0,done,229
363,42,0,10.0,1.0,done,257
363,43,0,5.0,1.0,done,94
363,44,0,15.0,1.0,done,18
363,45,0,5.0,1.0,done,110
363,46,0,5.0,1.0,done,31
363,47,0,15.0,1.0,done,69
363,48,0,10.0,1.0,done,135
364,0,0,10.0,1.0,done,25
364,1,10.0,10.0,0.0,pending,
364,2,0,5.0,1.0,done,21
364,3,0,10.0,1.0,done,65
364,4,5.305246579788696,15.0,0.6463168946807536,in_progress,
364,5,0,10.0,1.0,done,203
364,6,0,10.0,1.0,done,205
364,7,0,10.0,1.0,done,198
364,8,0,10.0,1.0,done,47
364,9,0,10.0,1.0,done,125
364,10,0,15.0,1.0,done,168
364,11,0,5.0,1.0,done,51
364,12,0,15.0,1.0,done,17
364,13,5.0,5.0,0.0,pending,
364,14,10.0,10.0,0.0,pending,
364,15,0,5.0,1.0,done,30
364,16,0,5.0,1.0,done,188
364,17,0,15.0,1.0,done,43
364,18,0,10.0,1.0,done,313
364,19,0,15.0,1.0,done,135
364,20,0,15.0,1.0,done,52
364,21,0,15.0,1.0,done,53
364,22,0,5.0,1.0,done,120
364,23,0,10.0,1.0,done,37
364,24,0,5.0,1.0,done,123
364,25,0,15.0,1.0,done,233
364,26,0,5.0,1.0,done,102
364,27,0,15.0,1.0,done,60
364,28,0,10.0,1.0,done,83
364,29,0,10.0,1.0,done,142
364,30,0,15.0,1.0,done,341
364,31,0,5.0,1.0,done,156
364,32,0,10.0,1.0,done,180
364,33,0,10.0,1.0,done,144
364,34,0,10.0,1.0,done,46
364,35,0,15.0,1.0,done,223
364,36,0,15.0,1.0,done,123
364,37,0,5.0,1.0,done,66
364,38,0,15.0,1.0,done,191
364,39,0,10.0,1.0,done,28
364,40,0,10.0,1.0,done,89
364,41,0,15.0,1.0,done,229
364,42,0,10.0,1.0,done,257
364,43,0,5.0,1.0,done,94
364,44,0,15.0,1.0,done,18
364,45,0,5.0,1.0,done,110
364,46,0,5.0,1.0,done,31
364,47,0,15.0,1.0,done,69
364,48,0,10.0,1.0,done,135
365,0,0,10.0,1.0,done,25
365,1,10.0,10.0,0.0,pending,
365,2,0,5.0,1.0,done,21
365,3,0,10.0,1.0,done,65
365,4,3.3052465797886956,15.0,0.779650228014087,in_progress,
365,5,0,10.0,1.0,done,203
365,6,0,10.0,1.0,done,205
365,7,0,10.0,1.0,done,198
365,8,0,10.0,1.0,done,47
365,9,0,10.0,1.0,done,125
365,10,0,15.0,1.0,done,168
365,11,0,5.0,1.0,done,51
365,12,0,15.0,1.0,done,17
365,13,5.0,5.0,0.0,pending,
365,14,10.0,10.0,0.0,pending,
365,15,0,5.0,1.0,done,30
365,16,0,5.0,1.0,done,188
365,17,0,15.0,1.0,done,43
365,18,0,10.0,1.0,done,313
365,19,0,15.0,1.0,done,135
365,20,0,15.0,1.0,done,52
365,21,0,15.0,1.0,done,53
365,22,0,5.0,1.0,done,120
365,23,0,10.0,1.0,done,37
365,24,0,5.0,1.0,done,123
365,25,0,15.0,1.0,done,233
365,26,0,5.0,1.0,done,102
365,27,0,15.0,1.0,done,60
365,28,0,10.0,1.0,done,83
365,29,0,10.0,1.0,done,142
365,30,0,15.0,1.0,done,341
365,31,0,5.0,1.0,done,156
365,32,0,10.0,1.0,done,180
365,33,0,10.0,1.0,done,144
365,34,0,10.0,1.0,done,46
365,35,0,15.0,1.0,done,223
365,36,0,15.0,1.0,done,123
365,37,0,5.0,1.0,done,66
365,38,0,15.0,1.0,done,191
365,39,0,10.0,1.0,done,28
365,40,0,10.0,1.0,done,89
365,41,0,15.0,1.0,done,229
365,42,0,10.0,1.0,done,257
365,43,0,5.0,1.0,done,94
365,44,0,15.0,1.0,done,18
365,45,0,5.0,1.0,done,110
365,46,0,5.0,1.0,done,31
365,47,0,15.0,1.0,done,69
365,48,0,10.0,1.0,done,135
366,0,0,10.0,1.0,done,25
366,1,10.0,10.0,0.0,pending,
366,2,0,5.0,1.0,done,21
366,3,0,10.0,1.0,done,65
366,4,1.3052465797886956,15.0,0.9129835613474203,in_progress,
366,5,0,10.0,1.0,done,203
366,6,0,10.0,1.0,done,205
366,7,0,10.0,1.0,done,198
366,8,0,10.0,1.0,done,47
366,9,0,10.0,1.0,done,125
366,10,0,15.0,1.0,done,168
366,11,0,5.0,1.0,done,51
366,12,0,15.0,1.0,done,17
366,13,5.0,5.0,0.0,pending,
366,14,10.0,10.0,0.0,pending,
366,15,0,5.0,1.0,done,30
366,16,0,5.0,1.0,done,188
366,17,0,15.0,1.0,done,43
366,18,0,10.0,1.0,done,313
366,19,0,15.0,1.0,done,135
366,20,0,15.0,1.0,done,52
366,21,0,15.0,1.0,done,53
366,22,0,5.0,1.0,done,120
366,23,0,10.0,1.0,done,37
366,24,0,5.0,1.0,done,123
366,25,0,15.0,1.0,done,233
366,26,0,5.0,1.0,done,102
366,27,0,15.0,1.0,done,60
366,28,0,10.0,1.0,done,83
366,29,0,10.0,1.0,done,142
366,30,0,15.0,1.0,done,341
366,31,0,5.0,1.0,done,156
366,32,0,10.0,1.0,done,180
366,33,0,10.0,1.0,done,144
366,34,0,10.0,1.0,done,46
366,35,0,15.0,1.0,done,223
366,36,0,15.0,1.0,done,123
366,37,0,5.0,1.0,done,66
366,38,0,15.0,1.0,done,191
366,39,0,10.0,1.0,done,28
366,40,0,10.0,1.0,done,89
366,41,0,15.0,1.0,done,229
366,42,0,10.0,1.0,done,257
366,43,0,5.0,1.0,done,94
366,44,0,15.0,1.0,done,18
366,45,0,5.0,1.0,done,110
366,46,0,5.0,1.0,done,31
366,47,0,15.0,1.0,done,69
366,48,0,10.0,1.0,done,135
367,0,0,10.0,1.0,done,25
367,1,10.0,10.0,0.0,pending,
367,2,0,5.0,1.0,done,21
367,3,0,10.0,1.0,done,65
367,4,0,15.0,1.0,done,367
367,5,0,10.0,1.0,done,203
367,6,0,10.0,1.0,done,205
367,7,0,10.0,1.0,done,198
367,8,0,10.0,1.0,done,47
367,9,0,10.0,1.0,done,125
367,10,0,15.0,1.0,done,168
367,11,0,5.0,1.0,done,51
367,12,0,15.0,1.0,done,17
367,13,5.0,5.0,0.0,pending,
367,14,10.0,10.0,0.0,pending,
367,15,0,5.0,1.0,done,30
367,16,0,5.0,1.0,done,188
367,17,0,15.0,1.0,done,43
367,18,0,10.0,1.0,done,313
367,19,0,15.0,1.0,done,135
367,20,0,15.0,1.0,done,52
367,21,0,15.0,1.0,done,53
367,22,0,5.0,1.0,done,120
367,23,0,10.0,1.0,done,37
367,24,0,5.0,1.0,done,123
367,25,0,15.0,1.0,done,233
367,26,0,5.0,1.0,done,102
367,27,0,15.0,1.0,done,60
367,28,0,10.0,1.0,done,83
367,29,0,10.0,1.0,done,142
367,30,0,15.0,1.0,done,341
367,31,0,5.0,1.0,done,156
367,32,0,10.0,1.0,done,180
367,33,0,10.0,1.0,done,144
367,34,0,10.0,1.0,done,46
367,35,0,15.0,1.0,done,223
367,36,0,15.0,1.0,done,123
367,37,0,5.0,1.0,done,66
367,38,0,15.0,1.0,done,191
367,39,0,10.0,1.0,done,28
367,40,0,10.0,1.0,done,89
367,41,0,15.0,1.0,done,229
367,42,0,10.0,1.0,done,257
367,43,0,5.0,1.0,done,94
367,44,0,15.0,1.0,done,18
367,45,0,5.0,1.0,done,110
367,46,0,5.0,1.0,done,31
367,47,0,15.0,1.0,done,69
367,48,0,10.0,1.0,done,135
368,0,0,10.0,1.0,done,25
368,1,10.0,10.0,0.0,pending,
368,2,0,5.0,1.0,done,21
368,3,0,10.0,1.0,done,65
368,4,0,15.0,1.0,done,367
368,5,0,10.0,1.0,done,203
368,6,0,10.0,1.0,done,205
368,7,0,10.0,1.0,done,198
368,8,0,10.0,1.0,done,47
368,9,0,10.0,1.0,done,125
368,10,0,15.0,1.0,done,168
368,11,0,5.0,1.0,done,51
368,12,0,15.0,1.0,done,17
368,13,5.0,5.0,0.0,pending,
368,14,10.0,10.0,0.0,pending,
368,15,0,5.0,1.0,done,30
368,16,0,5.0,1.0,done,188
368,17,0,15.0,1.0,done,43
368,18,0,10.0,1.0,done,313
368,19,0,15.0,1.0,done,135
368,20,0,15.0,1.0,done,52
368,21,0,15.0,1.0,done,53
368,22,0,5.0,1.0,done,120
368,23,0,10.0,1.0,done,37
368,24,0,5.0,1.0,done,123
368,25,0,15.0,1.0,done,233
368,26,0,5.0,1.0,done,102
368,27,0,15.0,1.0,done,60
368,28,0,10.0,1.0,done,83
368,29,0,10.0,1.0,done,142
368,30,0,15.0,1.0,done,341
368,31,0,5.0,1.0,done,156
368,32,0,10.0,1.0,done,180
368,33,0,10.0,1.0,done,144
368,34,0,10.0,1.0,done,46
368,35,0,15.0,1.0,done,223
368,36,0,15.0,1.0,done,123
368,37,0,5.0,1.0,done,66
368,38,0,15.0,1.0,done,191
368,39,0,10.0,1.0,done,28
368,40,0,10.0,1.0,done,89
368,41,0,15.0,1.0,done,229
368,42,0,10.0,1.0,done,257
368,43,0,5.0,1.0,done,94
368,44,0,15.0,1.0,done,18
368,45,0,5.0,1.0,done,110
368,46,0,5.0,1.0,done,31
368,47,0,15.0,1.0,done,69
368,48,0,10.0,1.0,done,135
369,0,0,10.0,1.0,done,25
369,1,10.0,10.0,0.0,pending,
369,2,0,5.0,1.0,done,21
369,3,0,10.0,1.0,done,65
369,4,0,15.0,1.0,done,367
369,5,0,10.0,1.0,done,203
369,6,0,10.0,1.0,done,205
369,7,0,10.0,1.0,done,198
369,8,0,10.0,1.0,done,47
369,9,0,10.0,1.0,done,125
369,10,0,15.0,1.0,done,168
369,11,0,5.0,1.0,done,51
369,12,0,15.0,1.0,done,17
369,13,5.0,5.0,0.0,pending,
369,14,10.0,10.0,0.0,pending,
369,15,0,5.0,1.0,done,30
369,16,0,5.0,1.0,done,188
369,17,0,15.0,1.0,done,43
369,18,0,10.0,1.0,done,313
369,19,0,15.0,1.0,done,135
369,20,0,15.0,1.0,done,52
369,21,0,15.0,1.0,done,53
369,22,0,5.0,1.0,done,120
369,23,0,10.0,1.0,done,37
369,24,0,5.0,1.0,done,123
369,25,0,15.0,1.0,done,233
369,26,0,5.0,1.0,done,102
369,27,0,15.0,1.0,done,60
369,28,0,10.0,1.0,done,83
369,29,0,10.0,1.0,done,142
369,30,0,15.0,1.0,done,341
369,31,0,5.0,1.0,done,156
369,32,0,10.0,1.0,done,180
369,33,0,10.0,1.0,done,144
369,34,0,10.0,1.0,done,46
369,35,0,15.0,1.0,done,223
369,36,0,15.0,1.0,done,123
369,37,0,5.0,1.0,done,66
369,38,0,15.0,1.0,done,191
369,39,0,10.0,1.0,done,28
369,40,0,10.0,1.0,done,89
369,41,0,15.0,1.0,done,229
369,42,0,10.0,1.0,done,257
369,43,0,5.0,1.0,done,94
369,44,0,15.0,1.0,done,18
369,45,0,5.0,1.0,done,110
369,46,0,5.0,1.0,done,31
369,47,0,15.0,1.0,done,69
369,48,0,10.0,1.0,done,135
370,0,0,10.0,1.0,done,25
370,1,10.0,10.0,0.0,pending,
370,2,0,5.0,1.0,done,21
370,3,0,10.0,1.0,done,65
370,4,0,15.0,1.0,done,367
370,5,0,10.0,1.0,done,203
370,6,0,10.0,1.0,done,205
370,7,0,10.0,1.0,done,198
370,8,0,10.0,1.0,done,47
370,9,0,10.0,1.0,done,125
370,10,0,15.0,1.0,done,168
370,11,0,5.0,1.0,done,51
370,12,0,15.0,1.0,done,17
370,13,5.0,5.0,0.0,pending,
370,14,10.0,10.0,0.0,pending,
370,15,0,5.0,1.0,done,30
370,16,0,5.0,1.0,done,188
370,17,0,15.0,1.0,done,43
370,18,0,10.0,1.0,done,313
370,19,0,15.0,1.0,done,135
370,20,0,15.0,1.0,done,52
370,21,0,15.0,1.0,done,53
370,22,0,5.0,1.0,done,120
370,23,0,10.0,1.0,done,37
370,24,0,5.0,1.0,done,123
370,25,0,15.0,1.0,done,233
370,26,0,5.0,1.0,done,102
370,27,0,15.0,1.0,done,60
370,28,0,10.0,1.0,done,83
370,29,0,10.0,1.0,done,142
370,30,0,15.0,1.0,done,341
370,31,0,5.0,1.0,done,156
370,32,0,10.0,1.0,done,180
370,33,0,10.0,1.0,done,144
370,34,0,10.0,1.0,done,46
370,35,0,15.0,1.0,done,223
370,36,0,15.0,1.0,done,123
370,37,0,5.0,1.0,done,66
370,38,0,15.0,1.0,done,191
370,39,0,10.0,1.0,done,28
370,40,0,10.0,1.0,done,89
370,41,0,15.0,1.0,done,229
370,42,0,10.0,1.0,done,257
370,43,0,5.0,1.0,done,94
370,44,0,15.0,1.0,done,18
370,45,0,5.0,1.0,done,110
370,46,0,5.0,1.0,done,31
370,47,0,15.0,1.0,done,69
370,48,0,10.0,1.0,done,135
371,0,0,10.0,1.0,done,25
371,1,10.0,10.0,0.0,pending,
371,2,0,5.0,1.0,done,21
371,3,0,10.0,1.0,done,65
371,4,0,15.0,1.0,done,367
371,5,0,10.0,1.0,done,203
371,6,0,10.0,1.0,done,205
371,7,0,10.0,1.0,done,198
371,8,0,10.0,1.0,done,47
371,9,0,10.0,1.0,done,125
371,10,0,15.0,1.0,done,168
371,11,0,5.0,1.0,done,51
371,12,0,15.0,1.0,done,17
371,13,5.0,5.0,0.0,pending,
371,14,10.0,10.0,0.0,pending,
371,15,0,5.0,1.0,done,30
371,16,0,5.0,1.0,done,188
371,17,0,15.0,1.0,done,43
371,18,0,10.0,1.0,done,313
371,19,0,15.0,1.0,done,135
371,20,0,15.0,1.0,done,52
371,21,0,15.0,1.0,done,53
371,22,0,5.0,1.0,done,120
371,23,0,10.0,1.0,done,37
371,24,0,5.0,1.0,done,123
371,25,0,15.0,1.0,done,233
371,26,0,5.0,1.0,done,102
371,27,0,15.0,1.0,done,60
371,28,0,10.0,1.0,done,83
371,29,0,10.0,1.0,done,142
371,30,0,15.0,1.0,done,341
371,31,0,5.0,1.0,done,156
371,32,0,10.0,1.0,done,180
371,33,0,10.0,1.0,done,144
371,34,0,10.0,1.0,done,46
371,35,0,15.0,1.0,done,223
371,36,0,15.0,1.0,done,123
371,37,0,5.0,1.0,done,66
371,38,0,15.0,1.0,done,191
371,39,0,10.0,1.0,done,28
371,40,0,10.0,1.0,done,89
371,41,0,15.0,1.0,done,229
371,42,0,10.0,1.0,done,257
371,43,0,5.0,1.0,done,94
371,44,0,15.0,1.0,done,18
371,45,0,5.0,1.0,done,110
371,46,0,5.0,1.0,done,31
371,47,0,15.0,1.0,done,69
371,48,0,10.0,1.0,done,135
372,0,0,10.0,1.0,done,25
372,1,10.0,10.0,0.0,pending,
372,2,0,5.0,1.0,done,21
372,3,0,10.0,1.0,done,65
372,4,0,15.0,1.0,done,367
372,5,0,10.0,1.0,done,203
372,6,0,10.0,1.0,done,205
372,7,0,10.0,1.0,done,198
372,8,0,10.0,1.0,done,47
372,9,0,10.0,1.0,done,125
372,10,0,15.0,1.0,done,168
372,11,0,5.0,1.0,done,51
372,12,0,15.0,1.0,done,17
372,13,5.0,5.0,0.0,pending,
372,14,10.0,10.0,0.0,pending,
372,15,0,5.0,1.0,done,30
372,16,0,5.0,1.0,done,188
372,17,0,15.0,1.0,done,43
372,18,0,10.0,1.0,done,313
372,19,0,15.0,1.0,done,135
372,20,0,15.0,1.0,done,52
372,21,0,15.0,1.0,done,53
372,22,0,5.0,1.0,done,120
372,23,0,10.0,1.0,done,37
372,24,0,5.0,1.0,done,123
372,25,0,15.0,1.0,done,233
372,26,0,5.0,1.0,done,102
372,27,0,15.0,1.0,done,60
372,28,0,10.0,1.0,done,83
372,29,0,10.0,1.0,done,142
372,30,0,15.0,1.0,done,341
372,31,0,5.0,1.0,done,156
372,32,0,10.0,1.0,done,180
372,33,0,10.0,1.0,done,144
372,34,0,10.0,1.0,done,46
372,35,0,15.0,1.0,done,223
372,36,0,15.0,1.0,done,123
372,37,0,5.0,1.0,done,66
372,38,0,15.0,1.0,done,191
372,39,0,10.0,1.0,done,28
372,40,0,10.0,1.0,done,89
372,41,0,15.0,1.0,done,229
372,42,0,10.0,1.0,done,257
372,43,0,5.0,1.0,done,94
372,44,0,15.0,1.0,done,18
372,45,0,5.0,1.0,done,110
372,46,0,5.0,1.0,done,31
372,47,0,15.0,1.0,done,69
372,48,0,10.0,1.0,done,135
373,0,0,10.0,1.0,done,25
373,1,10.0,10.0,0.0,pending,
373,2,0,5.0,1.0,done,21
373,3,0,10.0,1.0,done,65
373,4,0,15.0,1.0,done,367
373,5,0,10.0,1.0,done,203
373,6,0,10.0,1.0,done,205
373,7,0,10.0,1.0,done,198
373,8,0,10.0,1.0,done,47
373,9,0,10.0,1.0,done,125
373,10,0,15.0,1.0,done,168
373,11,0,5.0,1.0,done,51
373,12,0,15.0,1.0,done,17
373,13,5.0,5.0,0.0,pending,
373,14,10.0,10.0,0.0,pending,
373,15,0,5.0,1.0,done,30
373,16,0,5.0,1.0,done,188
373,17,0,15.0,1.0,done,43
373,18,0,10.0,1.0,done,313
373,19,0,15.0,1.0,done,135
373,20,0,15.0,1.0,done,52
373,21,0,15.0,1.0,done,53
373,22,0,5.0,1.0,done,120
373,23,0,10.0,1.0,done,37
373,24,0,5.0,1.0,done,123
373,25,0,15.0,1.0,done,233
373,26,0,5.0,1.0,done,102
373,27,0,15.0,1.0,done,60
373,28,0,10.0,1.0,done,83
373,29,0,10.0,1.0,done,142
373,30,0,15.0,1.0,done,341
373,31,0,5.0,1.0,done,156
373,32,0,10.0,1.0,done,180
373,33,0,10.0,1.0,done,144
373,34,0,10.0,1.0,done,46
373,35,0,15.0,1.0,done,223
373,36,0,15.0,1.0,done,123
373,37,0,5.0,1.0,done,66
373,38,0,15.0,1.0,done,191
373,39,0,10.0,1.0,done,28
373,40,0,10.0,1.0,done,89
373,41,0,15.0,1.0,done,229
373,42,0,10.0,1.0,done,257
373,43,0,5.0,1.0,done,94
373,44,0,15.0,1.0,done,18
373,45,0,5.0,1.0,done,110
373,46,0,5.0,1.0,done,31
373,47,0,15.0,1.0,done,69
373,48,0,10.0,1.0,done,135
374,0,0,10.0,1.0,done,25
374,1,10.0,10.0,0.0,pending,
374,2,0,5.0,1.0,done,21
374,3,0,10.0,1.0,done,65
374,4,0,15.0,1.0,done,367
374,5,0,10.0,1.0,done,203
374,6,0,10.0,1.0,done,205
374,7,0,10.0,1.0,done,198
374,8,0,10.0,1.0,done,47
374,9,0,10.0,1.0,done,125
374,10,0,15.0,1.0,done,168
374,11,0,5.0,1.0,done,51
374,12,0,15.0,1.0,done,17
374,13,5.0,5.0,0.0,pending,
374,14,10.0,10.0,0.0,pending,
374,15,0,5.0,1.0,done,30
374,16,0,5.0,1.0,done,188
374,17,0,15.0,1.0,done,43
374,18,0,10.0,1.0,done,313
374,19,0,15.0,1.0,done,135
374,20,0,15.0,1.0,done,52
374,21,0,15.0,1.0,done,53
374,22,0,5.0,1.0,done,120
374,23,0,10.0,1.0,done,37
374,24,0,5.0,1.0,done,123
374,25,0,15.0,1.0,done,233
374,26,0,5.0,1.0,done,102
374,27,0,15.0,1.0,done,60
374,28,0,10.0,1.0,done,83
374,29,0,10.0,1.0,done,142
374,30,0,15.0,1.0,done,341
374,31,0,5.0,1.0,done,156
374,32,0,10.0,1.0,done,180
374,33,0,10.0,1.0,done,144
374,34,0,10.0,1.0,done,46
374,35,0,15.0,1.0,done,223
374,36,0,15.0,1.0,done,123
374,37,0,5.0,1.0,done,66
374,38,0,15.0,1.0,done,191
374,39,0,10.0,1.0,done,28
374,40,0,10.0,1.0,done,89
374,41,0,15.0,1.0,done,229
374,42,0,10.0,1.0,done,257
374,43,0,5.0,1.0,done,94
374,44,0,15.0,1.0,done,18
374,45,0,5.0,1.0,done,110
374,46,0,5.0,1.0,done,31
374,47,0,15.0,1.0,done,69
374,48,0,10.0,1.0,done,135
375,0,0,10.0,1.0,done,25
375,1,10.0,10.0,0.0,pending,
375,2,0,5.0,1.0,done,21
375,3,0,10.0,1.0,done,65
375,4,0,15.0,1.0,done,367
375,5,0,10.0,1.0,done,203
375,6,0,10.0,1.0,done,205
375,7,0,10.0,1.0,done,198
375,8,0,10.0,1.0,done,47
375,9,0,10.0,1.0,done,125
375,10,0,15.0,1.0,done,168
375,11,0,5.0,1.0,done,51
375,12,0,15.0,1.0,done,17
375,13,5.0,5.0,0.0,pending,
375,14,10.0,10.0,0.0,pending,
375,15,0,5.0,1.0,done,30
375,16,0,5.0,1.0,done,188
375,17,0,15.0,1.0,done,43
375,18,0,10.0,1.0,done,313
375,19,0,15.0,1.0,done,135
375,20,0,15.0,1.0,done,52
375,21,0,15.0,1.0,done,53
375,22,0,5.0,1.0,done,120
375,23,0,10.0,1.0,done,37
375,24,0,5.0,1.0,done,123
375,25,0,15.0,1.0,done,233
375,26,0,5.0,1.0,done,102
375,27,0,15.0,1.0,done,60
375,28,0,10.0,1.0,done,83
375,29,0,10.0,1.0,done,142
375,30,0,15.0,1.0,done,341
375,31,0,5.0,1.0,done,156
375,32,0,10.0,1.0,done,180
375,33,0,10.0,1.0,done,144
375,34,0,10.0,1.0,done,46
375,35,0,15.0,1.0,done,223
375,36,0,15.0,1.0,done,123
375,37,0,5.0,1.0,done,66
375,38,0,15.0,1.0,done,191
375,39,0,10.0,1.0,done,28
375,40,0,10.0,1.0,done,89
375,41,0,15.0,1.0,done,229
375,42,0,10.0,1.0,done,257
375,43,0,5.0,1.0,done,94
375,44,0,15.0,1.0,done,18
375,45,0,5.0,1.0,done,110
375,46,0,5.0,1.0,done,31
375,47,0,15.0,1.0,done,69
375,48,0,10.0,1.0,done,135
376,0,0,10.0,1.0,done,25
376,1,10.0,10.0,0.0,pending,
376,2,0,5.0,1.0,done,21
376,3,0,10.0,1.0,done,65
376,4,0,15.0,1.0,done,367
376,5,0,10.0,1.0,done,203
376,6,0,10.0,1.0,done,205
376,7,0,10.0,1.0,done,198
376,8,0,10.0,1.0,done,47
376,9,0,10.0,1.0,done,125
376,10,0,15.0,1.0,done,168
376,11,0,5.0,1.0,done,51
376,12,0,15.0,1.0,done,17
376,13,5.0,5.0,0.0,pending,
376,14,10.0,10.0,0.0,pending,
376,15,0,5.0,1.0,done,30
376,16,0,5.0,1.0,done,188
376,17,0,15.0,1.0,done,43
376,18,0,10.0,1.0,done,313
376,19,0,15.0,1.0,done,135
376,20,0,15.0,1.0,done,52
376,21,0,15.0,1.0,done,53
376,22,0,5.0,1.0,done,120
376,23,0,10.0,1.0,done,37
376,24,0,5.0,1.0,done,123
376,25,0,15.0,1.0,done,233
376,26,0,5.0,1.0,done,102
376,27,0,15.0,1.0,done,60
376,28,0,10.0,1.0,done,83
376,29,0,10.0,1.0,done,142
376,30,0,15.0,1.0,done,341
376,31,0,5.0,1.0,done,156
376,32,0,10.0,1.0,done,180
376,33,0,10.0,1.0,done,144
376,34,0,10.0,1.0,done,46
376,35,0,15.0,1.0,done,223
376,36,0,15.0,1.0,done,123
376,37,0,5.0,1.0,done,66
376,38,0,15.0,1.0,done,191
376,39,0,10.0,1.0,done,28
376,40,0,10.0,1.0,done,89
376,41,0,15.0,1.0,done,229
376,42,0,10.0,1.0,done,257
376,43,0,5.0,1.0,done,94
376,44,0,15.0,1.0,done,18
376,45,0,5.0,1.0,done,110
376,46,0,5.0,1.0,done,31
376,47,0,15.0,1.0,done,69
376,48,0,10.0,1.0,done,135
377,0,0,10.0,1.0,done,25
377,1,10.0,10.0,0.0,pending,
377,2,0,5.0,1.0,done,21
377,3,0,10.0,1.0,done,65
377,4,0,15.0,1.0,done,367
377,5,0,10.0,1.0,done,203
377,6,0,10.0,1.0,done,205
377,7,0,10.0,1.0,done,198
377,8,0,10.0,1.0,done,47
377,9,0,10.0,1.0,done,125
377,10,0,15.0,1.0,done,168
377,11,0,5.0,1.0,done,51
377,12,0,15.0,1.0,done,17
377,13,5.0,5.0,0.0,pending,
377,14,10.0,10.0,0.0,pending,
377,15,0,5.0,1.0,done,30
377,16,0,5.0,1.0,done,188
377,17,0,15.0,1.0,done,43
377,18,0,10.0,1.0,done,313
377,19,0,15.0,1.0,done,135
377,20,0,15.0,1.0,done,52
377,21,0,15.0,1.0,done,53
377,22,0,5.0,1.0,done,120
377,23,0,10.0,1.0,done,37
377,24,0,5.0,1.0,done,123
377,25,0,15.0,1.0,done,233
377,26,0,5.0,1.0,done,102
377,27,0,15.0,1.0,done,60
377,28,0,10.0,1.0,done,83
377,29,0,10.0,1.0,done,142
377,30,0,15.0,1.0,done,341
377,31,0,5.0,1.0,done,156
377,32,0,10.0,1.0,done,180
377,33,0,10.0,1.0,done,144
377,34,0,10.0,1.0,done,46
377,35,0,15.0,1.0,done,223
377,36,0,15.0,1.0,done,123
377,37,0,5.0,1.0,done,66
377,38,0,15.0,1.0,done,191
377,39,0,10.0,1.0,done,28
377,40,0,10.0,1.0,done,89
377,41,0,15.0,1.0,done,229
377,42,0,10.0,1.0,done,257
377,43,0,5.0,1.0,done,94
377,44,0,15.0,1.0,done,18
377,45,0,5.0,1.0,done,110
377,46,0,5.0,1.0,done,31
377,47,0,15.0,1.0,done,69
377,48,0,10.0,1.0,done,135
378,0,0,10.0,1.0,done,25
378,1,10.0,10.0,0.0,pending,
378,2,0,5.0,1.0,done,21
378,3,0,10.0,1.0,done,65
378,4,0,15.0,1.0,done,367
378,5,0,10.0,1.0,done,203
378,6,0,10.0,1.0,done,205
378,7,0,10.0,1.0,done,198
378,8,0,10.0,1.0,done,47
378,9,0,10.0,1.0,done,125
378,10,0,15.0,1.0,done,168
378,11,0,5.0,1.0,done,51
378,12,0,15.0,1.0,done,17
378,13,5.0,5.0,0.0,pending,
378,14,10.0,10.0,0.0,pending,
378,15,0,5.0,1.0,done,30
378,16,0,5.0,1.0,done,188
378,17,0,15.0,1.0,done,43
378,18,0,10.0,1.0,done,313
378,19,0,15.0,1.0,done,135
378,20,0,15.0,1.0,done,52
378,21,0,15.0,1.0,done,53
378,22,0,5.0,1.0,done,120
378,23,0,10.0,1.0,done,37
378,24,0,5.0,1.0,done,123
378,25,0,15.0,1.0,done,233
378,26,0,5.0,1.0,done,102
378,27,0,15.0,1.0,done,60
378,28,0,10.0,1.0,done,83
378,29,0,10.0,1.0,done,142
378,30,0,15.0,1.0,done,341
378,31,0,5.0,1.0,done,156
378,32,0,10.0,1.0,done,180
378,33,0,10.0,1.0,done,144
378,34,0,10.0,1.0,done,46
378,35,0,15.0,1.0,done,223
378,36,0,15.0,1.0,done,123
378,37,0,5.0,1.0,done,66
378,38,0,15.0,1.0,done,191
378,39,0,10.0,1.0,done,28
378,40,0,10.0,1.0,done,89
378,41,0,15.0,1.0,done,229
378,42,0,10.0,1.0,done,257
378,43,0,5.0,1.0,done,94
378,44,0,15.0,1.0,done,18
378,45,0,5.0,1.0,done,110
378,46,0,5.0,1.0,done,31
378,47,0,15.0,1.0,done,69
378,48,0,10.0,1.0,done,135
379,0,0,10.0,1.0,done,25
379,1,10.0,10.0,0.0,pending,
379,2,0,5.0,1.0,done,21
379,3,0,10.0,1.0,done,65
379,4,0,15.0,1.0,done,367
379,5,0,10.0,1.0,done,203
379,6,0,10.0,1.0,done,205
379,7,0,10.0,1.0,done,198
379,8,0,10.0,1.0,done,47
379,9,0,10.0,1.0,done,125
379,10,0,15.0,1.0,done,168
379,11,0,5.0,1.0,done,51
379,12,0,15.0,1.0,done,17
379,13,5.0,5.0,0.0,pending,
379,14,10.0,10.0,0.0,pending,
379,15,0,5.0,1.0,done,30
379,16,0,5.0,1.0,done,188
379,17,0,15.0,1.0,done,43
379,18,0,10.0,1.0,done,313
379,19,0,15.0,1.0,done,135
379,20,0,15.0,1.0,done,52
379,21,0,15.0,1.0,done,53
379,22,0,5.0,1.0,done,120
379,23,0,10.0,1.0,done,37
379,24,0,5.0,1.0,done,123
379,25,0,15.0,1.0,done,233
379,26,0,5.0,1.0,done,102
379,27,0,15.0,1.0,done,60
379,28,0,10.0,1.0,done,83
379,29,0,10.0,1.0,done,142
379,30,0,15.0,1.0,done,341
379,31,0,5.0,1.0,done,156
379,32,0,10.0,1.0,done,180
379,33,0,10.0,1.0,done,144
379,34,0,10.0,1.0,done,46
379,35,0,15.0,1.0,done,223
379,36,0,15.0,1.0,done,123
379,37,0,5.0,1.0,done,66
379,38,0,15.0,1.0,done,191
379,39,0,10.0,1.0,done,28
379,40,0,10.0,1.0,done,89
379,41,0,15.0,1.0,done,229
379,42,0,10.0,1.0,done,257
379,43,0,5.0,1.0,done,94
379,44,0,15.0,1.0,done,18
379,45,0,5.0,1.0,done,110
379,46,0,5.0,1.0,done,31
379,47,0,15.0,1.0,done,69
379,48,0,10.0,1.0,done,135
380,0,0,10.0,1.0,done,25
380,1,10.0,10.0,0.0,pending,
380,2,0,5.0,1.0,done,21
380,3,0,10.0,1.0,done,65
380,4,0,15.0,1.0,done,367
380,5,0,10.0,1.0,done,203
380,6,0,10.0,1.0,done,205
380,7,0,10.0,1.0,done,198
380,8,0,10.0,1.0,done,47
380,9,0,10.0,1.0,done,125
380,10,0,15.0,1.0,done,168
380,11,0,5.0,1.0,done,51
380,12,0,15.0,1.0,done,17
380,13,5.0,5.0,0.0,pending,
380,14,10.0,10.0,0.0,pending,
380,15,0,5.0,1.0,done,30
380,16,0,5.0,1.0,done,188
380,17,0,15.0,1.0,done,43
380,18,0,10.0,1.0,done,313
380,19,0,15.0,1.0,done,135
380,20,0,15.0,1.0,done,52
380,21,0,15.0,1.0,done,53
380,22,0,5.0,1.0,done,120
380,23,0,10.0,1.0,done,37
380,24,0,5.0,1.0,done,123
380,25,0,15.0,1.0,done,233
380,26,0,5.0,1.0,done,102
380,27,0,15.0,1.0,done,60
380,28,0,10.0,1.0,done,83
380,29,0,10.0,1.0,done,142
380,30,0,15.0,1.0,done,341
380,31,0,5.0,1.0,done,156
380,32,0,10.0,1.0,done,180
380,33,0,10.0,1.0,done,144
380,34,0,10.0,1.0,done,46
380,35,0,15.0,1.0,done,223
380,36,0,15.0,1.0,done,123
380,37,0,5.0,1.0,done,66
380,38,0,15.0,1.0,done,191
380,39,0,10.0,1.0,done,28
380,40,0,10.0,1.0,done,89
380,41,0,15.0,1.0,done,229
380,42,0,10.0,1.0,done,257
380,43,0,5.0,1.0,done,94
380,44,0,15.0,1.0,done,18
380,45,0,5.0,1.0,done,110
380,46,0,5.0,1.0,done,31
380,47,0,15.0,1.0,done,69
380,48,0,10.0,1.0,done,135
381,0,0,10.0,1.0,done,25
381,1,10.0,10.0,0.0,pending,
381,2,0,5.0,1.0,done,21
381,3,0,10.0,1.0,done,65
381,4,0,15.0,1.0,done,367
381,5,0,10.0,1.0,done,203
381,6,0,10.0,1.0,done,205
381,7,0,10.0,1.0,done,198
381,8,0,10.0,1.0,done,47
381,9,0,10.0,1.0,done,125
381,10,0,15.0,1.0,done,168
381,11,0,5.0,1.0,done,51
381,12,0,15.0,1.0,done,17
381,13,5.0,5.0,0.0,pending,
381,14,10.0,10.0,0.0,pending,
381,15,0,5.0,1.0,done,30
381,16,0,5.0,1.0,done,188
381,17,0,15.0,1.0,done,43
381,18,0,10.0,1.0,done,313
381,19,0,15.0,1.0,done,135
381,20,0,15.0,1.0,done,52
381,21,0,15.0,1.0,done,53
381,22,0,5.0,1.0,done,120
381,23,0,10.0,1.0,done,37
381,24,0,5.0,1.0,done,123
381,25,0,15.0,1.0,done,233
381,26,0,5.0,1.0,done,102
381,27,0,15.0,1.0,done,60
381,28,0,10.0,1.0,done,83
381,29,0,10.0,1.0,done,142
381,30,0,15.0,1.0,done,341
381,31,0,5.0,1.0,done,156
381,32,0,10.0,1.0,done,180
381,33,0,10.0,1.0,done,144
381,34,0,10.0,1.0,done,46
381,35,0,15.0,1.0,done,223
381,36,0,15.0,1.0,done,123
381,37,0,5.0,1.0,done,66
381,38,0,15.0,1.0,done,191
381,39,0,10.0,1.0,done,28
381,40,0,10.0,1.0,done,89
381,41,0,15.0,1.0,done,229
381,42,0,10.0,1.0,done,257
381,43,0,5.0,1.0,done,94
381,44,0,15.0,1.0,done,18
381,45,0,5.0,1.0,done,110
381,46,0,5.0,1.0,done,31
381,47,0,15.0,1.0,done,69
381,48,0,10.0,1.0,done,135
382,0,0,10.0,1.0,done,25
382,1,10.0,10.0,0.0,pending,
382,2,0,5.0,1.0,done,21
382,3,0,10.0,1.0,done,65
382,4,0,15.0,1.0,done,367
382,5,0,10.0,1.0,done,203
382,6,0,10.0,1.0,done,205
382,7,0,10.0,1.0,done,198
382,8,0,10.0,1.0,done,47
382,9,0,10.0,1.0,done,125
382,10,0,15.0,1.0,done,168
382,11,0,5.0,1.0,done,51
382,12,0,15.0,1.0,done,17
382,13,5.0,5.0,0.0,pending,
382,14,10.0,10.0,0.0,pending,
382,15,0,5.0,1.0,done,30
382,16,0,5.0,1.0,done,188
382,17,0,15.0,1.0,done,43
382,18,0,10.0,1.0,done,313
382,19,0,15.0,1.0,done,135
382,20,0,15.0,1.0,done,52
382,21,0,15.0,1.0,done,53
382,22,0,5.0,1.0,done,120
382,23,0,10.0,1.0,done,37
382,24,0,5.0,1.0,done,123
382,25,0,15.0,1.0,done,233
382,26,0,5.0,1.0,done,102
382,27,0,15.0,1.0,done,60
382,28,0,10.0,1.0,done,83
382,29,0,10.0,1.0,done,142
382,30,0,15.0,1.0,done,341
382,31,0,5.0,1.0,done,156
382,32,0,10.0,1.0,done,180
382,33,0,10.0,1.0,done,144
382,34,0,10.0,1.0,done,46
382,35,0,15.0,1.0,done,223
382,36,0,15.0,1.0,done,123
382,37,0,5.0,1.0,done,66
382,38,0,15.0,1.0,done,191
382,39,0,10.0,1.0,done,28
382,40,0,10.0,1.0,done,89
382,41,0,15.0,1.0,done,229
382,42,0,10.0,1.0,done,257
382,43,0,5.0,1.0,done,94
382,44,0,15.0,1.0,done,18
382,45,0,5.0,1.0,done,110
382,46,0,5.0,1.0,done,31
382,47,0,15.0,1.0,done,69
382,48,0,10.0,1.0,done,135
383,0,0,10.0,1.0,done,25
383,1,10.0,10.0,0.0,pending,
383,2,0,5.0,1.0,done,21
383,3,0,10.0,1.0,done,65
383,4,0,15.0,1.0,done,367
383,5,0,10.0,1.0,done,203
383,6,0,10.0,1.0,done,205
383,7,0,10.0,1.0,done,198
383,8,0,10.0,1.0,done,47
383,9,0,10.0,1.0,done,125
383,10,0,15.0,1.0,done,168
383,11,0,5.0,1.0,done,51
383,12,0,15.0,1.0,done,17
383,13,5.0,5.0,0.0,pending,
383,14,10.0,10.0,0.0,pending,
383,15,0,5.0,1.0,done,30
383,16,0,5.0,1.0,done,188
383,17,0,15.0,1.0,done,43
383,18,0,10.0,1.0,done,313
383,19,0,15.0,1.0,done,135
383,20,0,15.0,1.0,done,52
383,21,0,15.0,1.0,done,53
383,22,0,5.0,1.0,done,120
383,23,0,10.0,1.0,done,37
383,24,0,5.0,1.0,done,123
383,25,0,15.0,1.0,done,233
383,26,0,5.0,1.0,done,102
383,27,0,15.0,1.0,done,60
383,28,0,10.0,1.0,done,83
383,29,0,10.0,1.0,done,142
383,30,0,15.0,1.0,done,341
383,31,0,5.0,1.0,done,156
383,32,0,10.0,1.0,done,180
383,33,0,10.0,1.0,done,144
383,34,0,10.0,1.0,done,46
383,35,0,15.0,1.0,done,223
383,36,0,15.0,1.0,done,123
383,37,0,5.0,1.0,done,66
383,38,0,15.0,1.0,done,191
383,39,0,10.0,1.0,done,28
383,40,0,10.0,1.0,done,89
383,41,0,15.0,1.0,done,229
383,42,0,10.0,1.0,done,257
383,43,0,5.0,1.0,done,94
383,44,0,15.0,1.0,done,18
383,45,0,5.0,1.0,done,110
383,46,0,5.0,1.0,done,31
383,47,0,15.0,1.0,done,69
383,48,0,10.0,1.0,done,135
384,0,0,10.0,1.0,done,25
384,1,10.0,10.0,0.0,pending,
384,2,0,5.0,1.0,done,21
384,3,0,10.0,1.0,done,65
384,4,0,15.0,1.0,done,367
384,5,0,10.0,1.0,done,203
384,6,0,10.0,1.0,done,205
384,7,0,10.0,1.0,done,198
384,8,0,10.0,1.0,done,47
384,9,0,10.0,1.0,done,125
384,10,0,15.0,1.0,done,168
384,11,0,5.0,1.0,done,51
384,12,0,15.0,1.0,done,17
384,13,5.0,5.0,0.0,pending,
384,14,10.0,10.0,0.0,pending,
384,15,0,5.0,1.0,done,30
384,16,0,5.0,1.0,done,188
384,17,0,15.0,1.0,done,43
384,18,0,10.0,1.0,done,313
384,19,0,15.0,1.0,done,135
384,20,0,15.0,1.0,done,52
384,21,0,15.0,1.0,done,53
384,22,0,5.0,1.0,done,120
384,23,0,10.0,1.0,done,37
384,24,0,5.0,1.0,done,123
384,25,0,15.0,1.0,done,233
384,26,0,5.0,1.0,done,102
384,27,0,15.0,1.0,done,60
384,28,0,10.0,1.0,done,83
384,29,0,10.0,1.0,done,142
384,30,0,15.0,1.0,done,341
384,31,0,5.0,1.0,done,156
384,32,0,10.0,1.0,done,180
384,33,0,10.0,1.0,done,144
384,34,0,10.0,1.0,done,46
384,35,0,15.0,1.0,done,223
384,36,0,15.0,1.0,done,123
384,37,0,5.0,1.0,done,66
384,38,0,15.0,1.0,done,191
384,39,0,10.0,1.0,done,28
384,40,0,10.0,1.0,done,89
384,41,0,15.0,1.0,done,229
384,42,0,10.0,1.0,done,257
384,43,0,5.0,1.0,done,94
384,44,0,15.0,1.0,done,18
384,45,0,5.0,1.0,done,110
384,46,0,5.0,1.0,done,31
384,47,0,15.0,1.0,done,69
384,48,0,10.0,1.0,done,135
385,0,0,10.0,1.0,done,25
385,1,10.0,10.0,0.0,pending,
385,2,0,5.0,1.0,done,21
385,3,0,10.0,1.0,done,65
385,4,0,15.0,1.0,done,367
385,5,0,10.0,1.0,done,203
385,6,0,10.0,1.0,done,205
385,7,0,10.0,1.0,done,198
385,8,0,10.0,1.0,done,47
385,9,0,10.0,1.0,done,125
385,10,0,15.0,1.0,done,168
385,11,0,5.0,1.0,done,51
385,12,0,15.0,1.0,done,17
385,13,5.0,5.0,0.0,pending,
385,14,10.0,10.0,0.0,pending,
385,15,0,5.0,1.0,done,30
385,16,0,5.0,1.0,done,188
385,17,0,15.0,1.0,done,43
385,18,0,10.0,1.0,done,313
385,19,0,15.0,1.0,done,135
385,20,0,15.0,1.0,done,52
385,21,0,15.0,1.0,done,53
385,22,0,5.0,1.0,done,120
385,23,0,10.0,1.0,done,37
385,24,0,5.0,1.0,done,123
385,25,0,15.0,1.0,done,233
385,26,0,5.0,1.0,done,102
385,27,0,15.0,1.0,done,60
385,28,0,10.0,1.0,done,83
385,29,0,10.0,1.0,done,142
385,30,0,15.0,1.0,done,341
385,31,0,5.0,1.0,done,156
385,32,0,10.0,1.0,done,180
385,33,0,10.0,1.0,done,144
385,34,0,10.0,1.0,done,46
385,35,0,15.0,1.0,done,223
385,36,0,15.0,1.0,done,123
385,37,0,5.0,1.0,done,66
385,38,0,15.0,1.0,done,191
385,39,0,10.0,1.0,done,28
385,40,0,10.0,1.0,done,89
385,41,0,15.0,1.0,done,229
385,42,0,10.0,1.0,done,257
385,43,0,5.0,1.0,done,94
385,44,0,15.0,1.0,done,18
385,45,0,5.0,1.0,done,110
385,46,0,5.0,1.0,done,31
385,47,0,15.0,1.0,done,69
385,48,0,10.0,1.0,done,135
386,0,0,10.0,1.0,done,25
386,1,10.0,10.0,0.0,pending,
386,2,0,5.0,1.0,done,21
386,3,0,10.0,1.0,done,65
386,4,0,15.0,1.0,done,367
386,5,0,10.0,1.0,done,203
386,6,0,10.0,1.0,done,205
386,7,0,10.0,1.0,done,198
386,8,0,10.0,1.0,done,47
386,9,0,10.0,1.0,done,125
386,10,0,15.0,1.0,done,168
386,11,0,5.0,1.0,done,51
386,12,0,15.0,1.0,done,17
386,13,5.0,5.0,0.0,pending,
386,14,10.0,10.0,0.0,pending,
386,15,0,5.0,1.0,done,30
386,16,0,5.0,1.0,done,188
386,17,0,15.0,1.0,done,43
386,18,0,10.0,1.0,done,313
386,19,0,15.0,1.0,done,135
386,20,0,15.0,1.0,done,52
386,21,0,15.0,1.0,done,53
386,22,0,5.0,1.0,done,120
386,23,0,10.0,1.0,done,37
386,24,0,5.0,1.0,done,123
386,25,0,15.0,1.0,done,233
386,26,0,5.0,1.0,done,102
386,27,0,15.0,1.0,done,60
386,28,0,10.0,1.0,done,83
386,29,0,10.0,1.0,done,142
386,30,0,15.0,1.0,done,341
386,31,0,5.0,1.0,done,156
386,32,0,10.0,1.0,done,180
386,33,0,10.0,1.0,done,144
386,34,0,10.0,1.0,done,46
386,35,0,15.0,1.0,done,223
386,36,0,15.0,1.0,done,123
386,37,0,5.0,1.0,done,66
386,38,0,15.0,1.0,done,191
386,39,0,10.0,1.0,done,28
386,40,0,10.0,1.0,done,89
386,41,0,15.0,1.0,done,229
386,42,0,10.0,1.0,done,257
386,43,0,5.0,1.0,done,94
386,44,0,15.0,1.0,done,18
386,45,0,5.0,1.0,done,110
386,46,0,5.0,1.0,done,31
386,47,0,15.0,1.0,done,69
386,48,0,10.0,1.0,done,135
387,0,0,10.0,1.0,done,25
387,1,10.0,10.0,0.0,pending,
387,2,0,5.0,1.0,done,21
387,3,0,10.0,1.0,done,65
387,4,0,15.0,1.0,done,367
387,5,0,10.0,1.0,done,203
387,6,0,10.0,1.0,done,205
387,7,0,10.0,1.0,done,198
387,8,0,10.0,1.0,done,47
387,9,0,10.0,1.0,done,125
387,10,0,15.0,1.0,done,168
387,11,0,5.0,1.0,done,51
387,12,0,15.0,1.0,done,17
387,13,5.0,5.0,0.0,pending,
387,14,9.72945766068733,10.0,0.027054233931266936,in_progress,
387,15,0,5.0,1.0,done,30
387,16,0,5.0,1.0,done,188
387,17,0,15.0,1.0,done,43
387,18,0,10.0,1.0,done,313
387,19,0,15.0,1.0,done,135
387,20,0,15.0,1.0,done,52
387,21,0,15.0,1.0,done,53
387,22,0,5.0,1.0,done,120
387,23,0,10.0,1.0,done,37
387,24,0,5.0,1.0,done,123
387,25,0,15.0,1.0,done,233
387,26,0,5.0,1.0,done,102
387,27,0,15.0,1.0,done,60
387,28,0,10.0,1.0,done,83
387,29,0,10.0,1.0,done,142
387,30,0,15.0,1.0,done,341
387,31,0,5.0,1.0,done,156
387,32,0,10.0,1.0,done,180
387,33,0,10.0,1.0,done,144
387,34,0,10.0,1.0,done,46
387,35,0,15.0,1.0,done,223
387,36,0,15.0,1.0,done,123
387,37,0,5.0,1.0,done,66
387,38,0,15.0,1.0,done,191
387,39,0,10.0,1.0,done,28
387,40,0,10.0,1.0,done,89
387,41,0,15.0,1.0,done,229
387,42,0,10.0,1.0,done,257
387,43,0,5.0,1.0,done,94
387,44,0,15.0,1.0,done,18
387,45,0,5.0,1.0,done,110
387,46,0,5.0,1.0,done,31
387,47,0,15.0,1.0,done,69
387,48,0,10.0,1.0,done,135
388,0,0,10.0,1.0,done,25
388,1,10.0,10.0,0.0,pending,
388,2,0,5.0,1.0,done,21
388,3,0,10.0,1.0,done,65
388,4,0,15.0,1.0,done,367
388,5,0,10.0,1.0,done,203
388,6,0,10.0,1.0,done,205
388,7,0,10.0,1.0,done,198
388,8,0,10.0,1.0,done,47
388,9,0,10.0,1.0,done,125
388,10,0,15.0,1.0,done,168
388,11,0,5.0,1.0,done,51
388,12,0,15.0,1.0,done,17
388,13,5.0,5.0,0.0,pending,
388,14,8.72945766068733,10.0,0.12705423393126694,in_progress,
388,15,0,5.0,1.0,done,30
388,16,0,5.0,1.0,done,188
388,17,0,15.0,1.0,done,43
388,18,0,10.0,1.0,done,313
388,19,0,15.0,1.0,done,135
388,20,0,15.0,1.0,done,52
388,21,0,15.0,1.0,done,53
388,22,0,5.0,1.0,done,120
388,23,0,10.0,1.0,done,37
388,24,0,5.0,1.0,done,123
388,25,0,15.0,1.0,done,233
388,26,0,5.0,1.0,done,102
388,27,0,15.0,1.0,done,60
388,28,0,10.0,1.0,done,83
388,29,0,10.0,1.0,done,142
388,30,0,15.0,1.0,done,341
388,31,0,5.0,1.0,done,156
388,32,0,10.0,1.0,done,180
388,33,0,10.0,1.0,done,144
388,34,0,10.0,1.0,done,46
388,35,0,15.0,1.0,done,223
388,36,0,15.0,1.0,done,123
388,37,0,5.0,1.0,done,66
388,38,0,15.0,1.0,done,191
388,39,0,10.0,1.0,done,28
388,40,0,10.0,1.0,done,89
388,41,0,15.0,1.0,done,229
388,42,0,10.0,1.0,done,257
388,43,0,5.0,1.0,done,94
388,44,0,15.0,1.0,done,18
388,45,0,5.0,1.0,done,110
388,46,0,5.0,1.0,done,31
388,47,0,15.0,1.0,done,69
388,48,0,10.0,1.0,done,135
389,0,0,10.0,1.0,done,25
389,1,10.0,10.0,0.0,pending,
389,2,0,5.0,1.0,done,21
389,3,0,10.0,1.0,done,65
389,4,0,15.0,1.0,done,367
389,5,0,10.0,1.0,done,203
389,6,0,10.0,1.0,done,205
389,7,0,10.0,1.0,done,198
389,8,0,10.0,1.0,done,47
389,9,0,10.0,1.0,done,125
389,10,0,15.0,1.0,done,168
389,11,0,5.0,1.0,done,51
389,12,0,15.0,1.0,done,17
389,13,5.0,5.0,0.0,pending,
389,14,7.729457660687331,10.0,0.22705423393126695,in_progress,
389,15,0,5.0,1.0,done,30
389,16,0,5.0,1.0,done,188
389,17,0,15.0,1.0,done,43
389,18,0,10.0,1.0,done,313
389,19,0,15.0,1.0,done,135
389,20,0,15.0,1.0,done,52
389,21,0,15.0,1.0,done,53
389,22,0,5.0,1.0,done,120
389,23,0,10.0,1.0,done,37
389,24,0,5.0,1.0,done,123
389,25,0,15.0,1.0,done,233
389,26,0,5.0,1.0,done,102
389,27,0,15.0,1.0,done,60
389,28,0,10.0,1.0,done,83
389,29,0,10.0,1.0,done,142
389,30,0,15.0,1.0,done,341
389,31,0,5.0,1.0,done,156
389,32,0,10.0,1.0,done,180
389,33,0,10.0,1.0,done,144
389,34,0,10.0,1.0,done,46
389,35,0,15.0,1.0,done,223
389,36,0,15.0,1.0,done,123
389,37,0,5.0,1.0,done,66
389,38,0,15.0,1.0,done,191
389,39,0,10.0,1.0,done,28
389,40,0,10.0,1.0,done,89
389,41,0,15.0,1.0,done,229
389,42,0,10.0,1.0,done,257
389,43,0,5.0,1.0,done,94
389,44,0,15.0,1.0,done,18
389,45,0,5.0,1.0,done,110
389,46,0,5.0,1.0,done,31
389,47,0,15.0,1.0,done,69
389,48,0,10.0,1.0,done,135
390,0,0,10.0,1.0,done,25
390,1,10.0,10.0,0.0,pending,
390,2,0,5.0,1.0,done,21
390,3,0,10.0,1.0,done,65
390,4,0,15.0,1.0,done,367
390,5,0,10.0,1.0,done,203
390,6,0,10.0,1.0,done,205
390,7,0,10.0,1.0,done,198
390,8,0,10.0,1.0,done,47
390,9,0,10.0,1.0,done,125
390,10,0,15.0,1.0,done,168
390,11,0,5.0,1.0,done,51
390,12,0,15.0,1.0,done,17
390,13,5.0,5.0,0.0,pending,
390,14,6.729457660687331,10.0,0.3270542339312669,in_progress,
390,15,0,5.0,1.0,done,30
390,16,0,5.0,1.0,done,188
390,17,0,15.0,1.0,done,43
390,18,0,10.0,1.0,done,313
390,19,0,15.0,1.0,done,135
390,20,0,15.0,1.0,done,52
390,21,0,15.0,1.0,done,53
390,22,0,5.0,1.0,done,120
390,23,0,10.0,1.0,done,37
390,24,0,5.0,1.0,done,123
390,25,0,15.0,1.0,done,233
390,26,0,5.0,1.0,done,102
390,27,0,15.0,1.0,done,60
390,28,0,10.0,1.0,done,83
390,29,0,10.0,1.0,done,142
390,30,0,15.0,1.0,done,341
390,31,0,5.0,1.0,done,156
390,32,0,10.0,1.0,done,180
390,33,0,10.0,1.0,done,144
390,34,0,10.0,1.0,done,46
390,35,0,15.0,1.0,done,223
390,36,0,15.0,1.0,done,123
390,37,0,5.0,1.0,done,66
390,38,0,15.0,1.0,done,191
390,39,0,10.0,1.0,done,28
390,40,0,10.0,1.0,done,89
390,41,0,15.0,1.0,done,229
390,42,0,10.0,1.0,done,257
390,43,0,5.0,1.0,done,94
390,44,0,15.0,1.0,done,18
390,45,0,5.0,1.0,done,110
390,46,0,5.0,1.0,done,31
390,47,0,15.0,1.0,done,69
390,48,0,10.0,1.0,done,135
391,0,0,10.0,1.0,done,25
391,1,10.0,10.0,0.0,pending,
391,2,0,5.0,1.0,done,21
391,3,0,10.0,1.0,done,65
391,4,0,15.0,1.0,done,367
391,5,0,10.0,1.0,done,203
391,6,0,10.0,1.0,done,205
391,7,0,10.0,1.0,done,198
391,8,0,10.0,1.0,done,47
391,9,0,10.0,1.0,done,125
391,10,0,15.0,1.0,done,168
391,11,0,5.0,1.0,done,51
391,12,0,15.0,1.0,done,17
391,13,5.0,5.0,0.0,pending,
391,14,5.729457660687331,10.0,0.42705423393126696,in_progress,
391,15,0,5.0,1.0,done,30
391,16,0,5.0,1.0,done,188
391,17,0,15.0,1.0,done,43
391,18,0,10.0,1.0,done,313
391,19,0,15.0,1.0,done,135
391,20,0,15.0,1.0,done,52
391,21,0,15.0,1.0,done,53
391,22,0,5.0,1.0,done,120
391,23,0,10.0,1.0,done,37
391,24,0,5.0,1.0,done,123
391,25,0,15.0,1.0,done,233
391,26,0,5.0,1.0,done,102
391,27,0,15.0,1.0,done,60
391,28,0,10.0,1.0,done,83
391,29,0,10.0,1.0,done,142
391,30,0,15.0,1.0,done,341
391,31,0,5.0,1.0,done,156
391,32,0,10.0,1.0,done,180
391,33,0,10.0,1.0,done,144
391,34,0,10.0,1.0,done,46
391,35,0,15.0,1.0,done,223
391,36,0,15.0,1.0,done,123
391,37,0,5.0,1.0,done,66
391,38,0,15.0,1.0,done,191
391,39,0,10.0,1.0,done,28
391,40,0,10.0,1.0,done,89
391,41,0,15.0,1.0,done,229
391,42,0,10.0,1.0,done,257
391,43,0,5.0,1.0,done,94
391,44,0,15.0,1.0,done,18
391,45,0,5.0,1.0,done,110
391,46,0,5.0,1.0,done,31
391,47,0,15.0,1.0,done,69
391,48,0,10.0,1.0,done,135
392,0,0,10.0,1.0,done,25
392,1,10.0,10.0,0.0,pending,
392,2,0,5.0,1.0,done,21
392,3,0,10.0,1.0,done,65
392,4,0,15.0,1.0,done,367
392,5,0,10.0,1.0,done,203
392,6,0,10.0,1.0,done,205
392,7,0,10.0,1.0,done,198
392,8,0,10.0,1.0,done,47
392,9,0,10.0,1.0,done,125
392,10,0,15.0,1.0,done,168
392,11,0,5.0,1.0,done,51
392,12,0,15.0,1.0,done,17
392,13,5.0,5.0,0.0,pending,
392,14,4.729457660687331,10.0,0.5270542339312669,in_progress,
392,15,0,5.0,1.0,done,30
392,16,0,5.0,1.0,done,188
392,17,0,15.0,1.0,done,43
392,18,0,10.0,1.0,done,313
392,19,0,15.0,1.0,done,135
392,20,0,15.0,1.0,done,52
392,21,0,15.0,1.0,done,53
392,22,0,5.0,1.0,done,120
392,23,0,10.0,1.0,done,37
392,24,0,5.0,1.0,done,123
392,25,0,15.0,1.0,done,233
392,26,0,5.0,1.0,done,102
392,27,0,15.0,1.0,done,60
392,28,0,10.0,1.0,done,83
392,29,0,10.0,1.0,done,142
392,30,0,15.0,1.0,done,341
392,31,0,5.0,1.0,done,156
392,32,0,10.0,1.0,done,180
392,33,0,10.0,1.0,done,144
392,34,0,10.0,1.0,done,46
392,35,0,15.0,1.0,done,223
392,36,0,15.0,1.0,done,123
392,37,0,5.0,1.0,done,66
392,38,0,15.0,1.0,done,191
392,39,0,10.0,1.0,done,28
392,40,0,10.0,1.0,done,89
392,41,0,15.0,1.0,done,229
392,42,0,10.0,1.0,done,257
392,43,0,5.0,1.0,done,94
392,44,0,15.0,1.0,done,18
392,45,0,5.0,1.0,done,110
392,46,0,5.0,1.0,done,31
392,47,0,15.0,1.0,done,69
392,48,0,10.0,1.0,done,135
393,0,0,10.0,1.0,done,25
393,1,10.0,10.0,0.0,pending,
393,2,0,5.0,1.0,done,21
393,3,0,10.0,1.0,done,65
393,4,0,15.0,1.0,done,367
393,5,0,10.0,1.0,done,203
393,6,0,10.0,1.0,done,205
393,7,0,10.0,1.0,done,198
393,8,0,10.0,1.0,done,47
393,9,0,10.0,1.0,done,125
393,10,0,15.0,1.0,done,168
393,11,0,5.0,1.0,done,51
393,12,0,15.0,1.0,done,17
393,13,5.0,5.0,0.0,pending,
393,14,3.7294576606873306,10.0,0.6270542339312669,in_progress,
393,15,0,5.0,1.0,done,30
393,16,0,5.0,1.0,done,188
393,17,0,15.0,1.0,done,43
393,18,0,10.0,1.0,done,313
393,19,0,15.0,1.0,done,135
393,20,0,15.0,1.0,done,52
393,21,0,15.0,1.0,done,53
393,22,0,5.0,1.0,done,120
393,23,0,10.0,1.0,done,37
393,24,0,5.0,1.0,done,123
393,25,0,15.0,1.0,done,233
393,26,0,5.0,1.0,done,102
393,27,0,15.0,1.0,done,60
393,28,0,10.0,1.0,done,83
393,29,0,10.0,1.0,done,142
393,30,0,15.0,1.0,done,341
393,31,0,5.0,1.0,done,156
393,32,0,10.0,1.0,done,180
393,33,0,10.0,1.0,done,144
393,34,0,10.0,1.0,done,46
393,35,0,15.0,1.0,done,223
393,36,0,15.0,1.0,done,123
393,37,0,5.0,1.0,done,66
393,38,0,15.0,1.0,done,191
393,39,0,10.0,1.0,done,28
393,40,0,10.0,1.0,done,89
393,41,0,15.0,1.0,done,229
393,42,0,10.0,1.0,done,257
393,43,0,5.0,1.0,done,94
393,44,0,15.0,1.0,done,18
393,45,0,5.0,1.0,done,110
393,46,0,5.0,1.0,done,31
393,47,0,15.0,1.0,done,69
393,48,0,10.0,1.0,done,135
394,0,0,10.0,1.0,done,25
394,1,10.0,10.0,0.0,pending,
394,2,0,5.0,1.0,done,21
394,3,0,10.0,1.0,done,65
394,4,0,15.0,1.0,done,367
394,5,0,10.0,1.0,done,203
394,6,0,10.0,1.0,done,205
394,7,0,10.0,1.0,done,198
394,8,0,10.0,1.0,done,47
394,9,0,10.0,1.0,done,125
394,10,0,15.0,1.0,done,168
394,11,0,5.0,1.0,done,51
394,12,0,15.0,1.0,done,17
394,13,5.0,5.0,0.0,pending,
394,14,2.7294576606873306,10.0,0.7270542339312669,in_progress,
394,15,0,5.0,1.0,done,30
394,16,0,5.0,1.0,done,188
394,17,0,15.0,1.0,done,43
394,18,0,10.0,1.0,done,313
394,19,0,15.0,1.0,done,135
394,20,0,15.0,1.0,done,52
394,21,0,15.0,1.0,done,53
394,22,0,5.0,1.0,done,120
394,23,0,10.0,1.0,done,37
394,24,0,5.0,1.0,done,123
394,25,0,15.0,1.0,done,233
394,26,0,5.0,1.0,done,102
394,27,0,15.0,1.0,done,60
394,28,0,10.0,1.0,done,83
394,29,0,10.0,1.0,done,142
394,30,0,15.0,1.0,done,341
394,31,0,5.0,1.0,done,156
394,32,0,10.0,1.0,done,180
394,33,0,10.0,1.0,done,144
394,34,0,10.0,1.0,done,46
394,35,0,15.0,1.0,done,223
394,36,0,15.0,1.0,done,123
394,37,0,5.0,1.0,done,66
394,38,0,15.0,1.0,done,191
394,39,0,10.0,1.0,done,28
394,40,0,10.0,1.0,done,89
394,41,0,15.0,1.0,done,229
394,42,0,10.0,1.0,done,257
394,43,0,5.0,1.0,done,94
394,44,0,15.0,1.0,done,18
394,45,0,5.0,1.0,done,110
394,46,0,5.0,1.0,done,31
394,47,0,15.0,1.0,done,69
394,48,0,10.0,1.0,done,135
395,0,0,10.0,1.0,done,25
395,1,10.0,10.0,0.0,pending,
395,2,0,5.0,1.0,done,21
395,3,0,10.0,1.0,done,65
395,4,0,15.0,1.0,done,367
395,5,0,10.0,1.0,done,203
395,6,0,10.0,1.0,done,205
395,7,0,10.0,1.0,done,198
395,8,0,10.0,1.0,done,47
395,9,0,10.0,1.0,done,125
395,10,0,15.0,1.0,done,168
395,11,0,5.0,1.0,done,51
395,12,0,15.0,1.0,done,17
395,13,5.0,5.0,0.0,pending,
395,14,1.7294576606873306,10.0,0.827054233931267,in_progress,
395,15,0,5.0,1.0,done,30
395,16,0,5.0,1.0,done,188
395,17,0,15.0,1.0,done,43
395,18,0,10.0,1.0,done,313
395,19,0,15.0,1.0,done,135
395,20,0,15.0,1.0,done,52
395,21,0,15.0,1.0,done,53
395,22,0,5.0,1.0,done,120
395,23,0,10.0,1.0,done,37
395,24,0,5.0,1.0,done,123
395,25,0,15.0,1.0,done,233
395,26,0,5.0,1.0,done,102
395,27,0,15.0,1.0,done,60
395,28,0,10.0,1.0,done,83
395,29,0,10.0,1.0,done,142
395,30,0,15.0,1.0,done,341
395,31,0,5.0,1.0,done,156
395,32,0,10.0,1.0,done,180
395,33,0,10.0,1.0,done,144
395,34,0,10.0,1.0,done,46
395,35,0,15.0,1.0,done,223
395,36,0,15.0,1.0,done,123
395,37,0,5.0,1.0,done,66
395,38,0,15.0,1.0,done,191
395,39,0,10.0,1.0,done,28
395,40,0,10.0,1.0,done,89
395,41,0,15.0,1.0,done,229
395,42,0,10.0,1.0,done,257
395,43,0,5.0,1.0,done,94
395,44,0,15.0,1.0,done,18
395,45,0,5.0,1.0,done,110
395,46,0,5.0,1.0,done,31
395,47,0,15.0,1.0,done,69
395,48,0,10.0,1.0,done,135
396,0,0,10.0,1.0,done,25
396,1,10.0,10.0,0.0,pending,
396,2,0,5.0,1.0,done,21
396,3,0,10.0,1.0,done,65
396,4,0,15.0,1.0,done,367
396,5,0,10.0,1.0,done,203
396,6,0,10.0,1.0,done,205
396,7,0,10.0,1.0,done,198
396,8,0,10.0,1.0,done,47
396,9,0,10.0,1.0,done,125
396,10,0,15.0,1.0,done,168
396,11,0,5.0,1.0,done,51
396,12,0,15.0,1.0,done,17
396,13,5.0,5.0,0.0,pending,
396,14,0.7294576606873306,10.0,0.927054233931267,in_progress,
396,15,0,5.0,1.0,done,30
396,16,0,5.0,1.0,done,188
396,17,0,15.0,1.0,done,43
396,18,0,10.0,1.0,done,313
396,19,0,15.0,1.0,done,135
396,20,0,15.0,1.0,done,52
396,21,0,15.0,1.0,done,53
396,22,0,5.0,1.0,done,120
396,23,0,10.0,1.0,done,37
396,24,0,5.0,1.0,done,123
396,25,0,15.0,1.0,done,233
396,26,0,5.0,1.0,done,102
396,27,0,15.0,1.0,done,60
396,28,0,10.0,1.0,done,83
396,29,0,10.0,1.0,done,142
396,30,0,15.0,1.0,done,341
396,31,0,5.0,1.0,done,156
396,32,0,10.0,1.0,done,180
396,33,0,10.0,1.0,done,144
396,34,0,10.0,1.0,done,46
396,35,0,15.0,1.0,done,223
396,36,0,15.0,1.0,done,123
396,37,0,5.0,1.0,done,66
396,38,0,15.0,1.0,done,191
396,39,0,10.0,1.0,done,28
396,40,0,10.0,1.0,done,89
396,41,0,15.0,1.0,done,229
396,42,0,10.0,1.0,done,257
396,43,0,5.0,1.0,done,94
396,44,0,15.0,1.0,done,18
396,45,0,5.0,1.0,done,110
396,46,0,5.0,1.0,done,31
396,47,0,15.0,1.0,done,69
396,48,0,10.0,1.0,done,135
397,0,0,10.0,1.0,done,25
397,1,10.0,10.0,0.0,pending,
397,2,0,5.0,1.0,done,21
397,3,0,10.0,1.0,done,65
397,4,0,15.0,1.0,done,367
397,5,0,10.0,1.0,done,203
397,6,0,10.0,1.0,done,205
397,7,0,10.0,1.0,done,198
397,8,0,10.0,1.0,done,47
397,9,0,10.0,1.0,done,125
397,10,0,15.0,1.0,done,168
397,11,0,5.0,1.0,done,51
397,12,0,15.0,1.0,done,17
397,13,5.0,5.0,0.0,pending,
397,14,0,10.0,1.0,done,397
397,15,0,5.0,1.0,done,30
397,16,0,5.0,1.0,done,188
397,17,0,15.0,1.0,done,43
397,18,0,10.0,1.0,done,313
397,19,0,15.0,1.0,done,135
397,20,0,15.0,1.0,done,52
397,21,0,15.0,1.0,done,53
397,22,0,5.0,1.0,done,120
397,23,0,10.0,1.0,done,37
397,24,0,5.0,1.0,done,123
397,25,0,15.0,1.0,done,233
397,26,0,5.0,1.0,done,102
397,27,0,15.0,1.0,done,60
397,28,0,10.0,1.0,done,83
397,29,0,10.0,1.0,done,142
397,30,0,15.0,1.0,done,341
397,31,0,5.0,1.0,done,156
397,32,0,10.0,1.0,done,180
397,33,0,10.0,1.0,done,144
397,34,0,10.0,1.0,done,46
397,35,0,15.0,1.0,done,223
397,36,0,15.0,1.0,done,123
397,37,0,5.0,1.0,done,66
397,38,0,15.0,1.0,done,191
397,39,0,10.0,1.0,done,28
397,40,0,10.0,1.0,done,89
397,41,0,15.0,1.0,done,229
397,42,0,10.0,1.0,done,257
397,43,0,5.0,1.0,done,94
397,44,0,15.0,1.0,done,18
397,45,0,5.0,1.0,done,110
397,46,0,5.0,1.0,done,31
397,47,0,15.0,1.0,done,69
397,48,0,10.0,1.0,done,135
398,0,0,10.0,1.0,done,25
398,1,10.0,10.0,0.0,pending,
398,2,0,5.0,1.0,done,21
398,3,0,10.0,1.0,done,65
398,4,0,15.0,1.0,done,367
398,5,0,10.0,1.0,done,203
398,6,0,10.0,1.0,done,205
398,7,0,10.0,1.0,done,198
398,8,0,10.0,1.0,done,47
398,9,0,10.0,1.0,done,125
398,10,0,15.0,1.0,done,168
398,11,0,5.0,1.0,done,51
398,12,0,15.0,1.0,done,17
398,13,5.0,5.0,0.0,pending,
398,14,0,10.0,1.0,done,397
398,15,0,5.0,1.0,done,30
398,16,0,5.0,1.0,done,188
398,17,0,15.0,1.0,done,43
398,18,0,10.0,1.0,done,313
398,19,0,15.0,1.0,done,135
398,20,0,15.0,1.0,done,52
398,21,0,15.0,1.0,done,53
398,22,0,5.0,1.0,done,120
398,23,0,10.0,1.0,done,37
398,24,0,5.0,1.0,done,123
398,25,0,15.0,1.0,done,233
398,26,0,5.0,1.0,done,102
398,27,0,15.0,1.0,done,60
398,28,0,10.0,1.0,done,83
398,29,0,10.0,1.0,done,142
398,30,0,15.0,1.0,done,341
398,31,0,5.0,1.0,done,156
398,32,0,10.0,1.0,done,180
398,33,0,10.0,1.0,done,144
398,34,0,10.0,1.0,done,46
398,35,0,15.0,1.0,done,223
398,36,0,15.0,1.0,done,123
398,37,0,5.0,1.0,done,66
398,38,0,15.0,1.0,done,191
398,39,0,10.0,1.0,done,28
398,40,0,10.0,1.0,done,89
398,41,0,15.0,1.0,done,229
398,42,0,10.0,1.0,done,257
398,43,0,5.0,1.0,done,94
398,44,0,15.0,1.0,done,18
398,45,0,5.0,1.0,done,110
398,46,0,5.0,1.0,done,31
398,47,0,15.0,1.0,done,69
398,48,0,10.0,1.0,done,135
399,0,0,10.0,1.0,done,25
399,1,10.0,10.0,0.0,pending,
399,2,0,5.0,1.0,done,21
399,3,0,10.0,1.0,done,65
399,4,0,15.0,1.0,done,367
399,5,0,10.0,1.0,done,203
399,6,0,10.0,1.0,done,205
399,7,0,10.0,1.0,done,198
399,8,0,10.0,1.0,done,47
399,9,0,10.0,1.0,done,125
399,10,0,15.0,1.0,done,168
399,11,0,5.0,1.0,done,51
399,12,0,15.0,1.0,done,17
399,13,5.0,5.0,0.0,pending,
399,14,0,10.0,1.0,done,397
399,15,0,5.0,1.0,done,30
399,16,0,5.0,1.0,done,188
399,17,0,15.0,1.0,done,43
399,18,0,10.0,1.0,done,313
399,19,0,15.0,1.0,done,135
399,20,0,15.0,1.0,done,52
399,21,0,15.0,1.0,done,53
399,22,0,5.0,1.0,done,120
399,23,0,10.0,1.0,done,37
399,24,0,5.0,1.0,done,123
399,25,0,15.0,1.0,done,233
399,26,0,5.0,1.0,done,102
399,27,0,15.0,1.0,done,60
399,28,0,10.0,1.0,done,83
399,29,0,10.0,1.0,done,142
399,30,0,15.0,1.0,done,341
399,31,0,5.0,1.0,done,156
399,32,0,10.0,1.0,done,180
399,33,0,10.0,1.0,done,144
399,34,0,10.0,1.0,done,46
399,35,0,15.0,1.0,done,223
399,36,0,15.0,1.0,done,123
399,37,0,5.0,1.0,done,66
399,38,0,15.0,1.0,done,191
399,39,0,10.0,1.0,done,28
399,40,0,10.0,1.0,done,89
399,41,0,15.0,1.0,done,229
399,42,0,10.0,1.0,done,257
399,43,0,5.0,1.0,done,94
399,44,0,15.0,1.0,done,18
399,45,0,5.0,1.0,done,110
399,46,0,5.0,1.0,done,31
399,47,0,15.0,1.0,done,69
399,48,0,10.0,1.0,done,135
400,0,0,10.0,1.0,done,25
400,1,10.0,10.0,0.0,pending,
400,2,0,5.0,1.0,done,21
400,3,0,10.0,1.0,done,65
400,4,0,15.0,1.0,done,367
400,5,0,10.0,1.0,done,203
400,6,0,10.0,1.0,done,205
400,7,0,10.0,1.0,done,198
400,8,0,10.0,1.0,done,47
400,9,0,10.0,1.0,done,125
400,10,0,15.0,1.0,done,168
400,11,0,5.0,1.0,done,51
400,12,0,15.0,1.0,done,17
400,13,5.0,5.0,0.0,pending,
400,14,0,10.0,1.0,done,397
400,15,0,5.0,1.0,done,30
400,16,0,5.0,1.0,done,188
400,17,0,15.0,1.0,done,43
400,18,0,10.0,1.0,done,313
400,19,0,15.0,1.0,done,135
400,20,0,15.0,1.0,done,52
400,21,0,15.0,1.0,done,53
400,22,0,5.0,1.0,done,120
400,23,0,10.0,1.0,done,37
400,24,0,5.0,1.0,done,123
400,25,0,15.0,1.0,done,233
400,26,0,5.0,1.0,done,102
400,27,0,15.0,1.0,done,60
400,28,0,10.0,1.0,done,83
400,29,0,10.0,1.0,done,142
400,30,0,15.0,1.0,done,341
400,31,0,5.0,1.0,done,156
400,32,0,10.0,1.0,done,180
400,33,0,10.0,1.0,done,144
400,34,0,10.0,1.0,done,46
400,35,0,15.0,1.0,done,223
400,36,0,15.0,1.0,done,123
400,37,0,5.0,1.0,done,66
400,38,0,15.0,1.0,done,191
400,39,0,10.0,1.0,done,28
400,40,0,10.0,1.0,done,89
400,41,0,15.0,1.0,done,229
400,42,0,10.0,1.0,done,257
400,43,0,5.0,1.0,done,94
400,44,0,15.0,1.0,done,18
400,45,0,5.0,1.0,done,110
400,46,0,5.0,1.0,done,31
400,47,0,15.0,1.0,done,69
400,48,0,10.0,1.0,done,135
401,0,0,10.0,1.0,done,25
401,1,10.0,10.0,0.0,pending,
401,2,0,5.0,1.0,done,21
401,3,0,10.0,1.0,done,65
401,4,0,15.0,1.0,done,367
401,5,0,10.0,1.0,done,203
401,6,0,10.0,1.0,done,205
401,7,0,10.0,1.0,done,198
401,8,0,10.0,1.0,done,47
401,9,0,10.0,1.0,done,125
401,10,0,15.0,1.0,done,168
401,11,0,5.0,1.0,done,51
401,12,0,15.0,1.0,done,17
401,13,5.0,5.0,0.0,pending,
401,14,0,10.0,1.0,done,397
401,15,0,5.0,1.0,done,30
401,16,0,5.0,1.0,done,188
401,17,0,15.0,1.0,done,43
401,18,0,10.0,1.0,done,313
401,19,0,15.0,1.0,done,135
401,20,0,15.0,1.0,done,52
401,21,0,15.0,1.0,done,53
401,22,0,5.0,1.0,done,120
401,23,0,10.0,1.0,done,37
401,24,0,5.0,1.0,done,123
401,25,0,15.0,1.0,done,233
401,26,0,5.0,1.0,done,102
401,27,0,15.0,1.0,done,60
401,28,0,10.0,1.0,done,83
401,29,0,10.0,1.0,done,142
401,30,0,15.0,1.0,done,341
401,31,0,5.0,1.0,done,156
401,32,0,10.0,1.0,done,180
401,33,0,10.0,1.0,done,144
401,34,0,10.0,1.0,done,46
401,35,0,15.0,1.0,done,223
401,36,0,15.0,1.0,done,123
401,37,0,5.0,1.0,done,66
401,38,0,15.0,1.0,done,191
401,39,0,10.0,1.0,done,28
401,40,0,10.0,1.0,done,89
401,41,0,15.0,1.0,done,229
401,42,0,10.0,1.0,done,257
401,43,0,5.0,1.0,done,94
401,44,0,15.0,1.0,done,18
401,45,0,5.0,1.0,done,110
401,46,0,5.0,1.0,done,31
401,47,0,15.0,1.0,done,69
401,48,0,10.0,1.0,done,135
402,0,0,10.0,1.0,done,25
402,1,10.0,10.0,0.0,pending,
402,2,0,5.0,1.0,done,21
402,3,0,10.0,1.0,done,65
402,4,0,15.0,1.0,done,367
402,5,0,10.0,1.0,done,203
402,6,0,10.0,1.0,done,205
402,7,0,10.0,1.0,done,198
402,8,0,10.0,1.0,done,47
402,9,0,10.0,1.0,done,125
402,10,0,15.0,1.0,done,168
402,11,0,5.0,1.0,done,51
402,12,0,15.0,1.0,done,17
402,13,5.0,5.0,0.0,pending,
402,14,0,10.0,1.0,done,397
402,15,0,5.0,1.0,done,30
402,16,0,5.0,1.0,done,188
402,17,0,15.0,1.0,done,43
402,18,0,10.0,1.0,done,313
402,19,0,15.0,1.0,done,135
402,20,0,15.0,1.0,done,52
402,21,0,15.0,1.0,done,53
402,22,0,5.0,1.0,done,120
402,23,0,10.0,1.0,done,37
402,24,0,5.0,1.0,done,123
402,25,0,15.0,1.0,done,233
402,26,0,5.0,1.0,done,102
402,27,0,15.0,1.0,done,60
402,28,0,10.0,1.0,done,83
402,29,0,10.0,1.0,done,142
402,30,0,15.0,1.0,done,341
402,31,0,5.0,1.0,done,156
402,32,0,10.0,1.0,done,180
402,33,0,10.0,1.0,done,144
402,34,0,10.0,1.0,done,46
402,35,0,15.0,1.0,done,223
402,36,0,15.0,1.0,done,123
402,37,0,5.0,1.0,done,66
402,38,0,15.0,1.0,done,191
402,39,0,10.0,1.0,done,28
402,40,0,10.0,1.0,done,89
402,41,0,15.0,1.0,done,229
402,42,0,10.0,1.0,done,257
402,43,0,5.0,1.0,done,94
402,44,0,15.0,1.0,done,18
402,45,0,5.0,1.0,done,110
402,46,0,5.0,1.0,done,31
402,47,0,15.0,1.0,done,69
402,48,0,10.0,1.0,done,135
403,0,0,10.0,1.0,done,25
403,1,10.0,10.0,0.0,pending,
403,2,0,5.0,1.0,done,21
403,3,0,10.0,1.0,done,65
403,4,0,15.0,1.0,done,367
403,5,0,10.0,1.0,done,203
403,6,0,10.0,1.0,done,205
403,7,0,10.0,1.0,done,198
403,8,0,10.0,1.0,done,47
403,9,0,10.0,1.0,done,125
403,10,0,15.0,1.0,done,168
403,11,0,5.0,1.0,done,51
403,12,0,15.0,1.0,done,17
403,13,5.0,5.0,0.0,pending,
403,14,0,10.0,1.0,done,397
403,15,0,5.0,1.0,done,30
403,16,0,5.0,1.0,done,188
403,17,0,15.0,1.0,done,43
403,18,0,10.0,1.0,done,313
403,19,0,15.0,1.0,done,135
403,20,0,15.0,1.0,done,52
403,21,0,15.0,1.0,done,53
403,22,0,5.0,1.0,done,120
403,23,0,10.0,1.0,done,37
403,24,0,5.0,1.0,done,123
403,25,0,15.0,1.0,done,233
403,26,0,5.0,1.0,done,102
403,27,0,15.0,1.0,done,60
403,28,0,10.0,1.0,done,83
403,29,0,10.0,1.0,done,142
403,30,0,15.0,1.0,done,341
403,31,0,5.0,1.0,done,156
403,32,0,10.0,1.0,done,180
403,33,0,10.0,1.0,done,144
403,34,0,10.0,1.0,done,46
403,35,0,15.0,1.0,done,223
403,36,0,15.0,1.0,done,123
403,37,0,5.0,1.0,done,66
403,38,0,15.0,1.0,done,191
403,39,0,10.0,1.0,done,28
403,40,0,10.0,1.0,done,89
403,41,0,15.0,1.0,done,229
403,42,0,10.0,1.0,done,257
403,43,0,5.0,1.0,done,94
403,44,0,15.0,1.0,done,18
403,45,0,5.0,1.0,done,110
403,46,0,5.0,1.0,done,31
403,47,0,15.0,1.0,done,69
403,48,0,10.0,1.0,done,135
404,0,0,10.0,1.0,done,25
404,1,10.0,10.0,0.0,pending,
404,2,0,5.0,1.0,done,21
404,3,0,10.0,1.0,done,65
404,4,0,15.0,1.0,done,367
404,5,0,10.0,1.0,done,203
404,6,0,10.0,1.0,done,205
404,7,0,10.0,1.0,done,198
404,8,0,10.0,1.0,done,47
404,9,0,10.0,1.0,done,125
404,10,0,15.0,1.0,done,168
404,11,0,5.0,1.0,done,51
404,12,0,15.0,1.0,done,17
404,13,5.0,5.0,0.0,pending,
404,14,0,10.0,1.0,done,397
404,15,0,5.0,1.0,done,30
404,16,0,5.0,1.0,done,188
404,17,0,15.0,1.0,done,43
404,18,0,10.0,1.0,done,313
404,19,0,15.0,1.0,done,135
404,20,0,15.0,1.0,done,52
404,21,0,15.0,1.0,done,53
404,22,0,5.0,1.0,done,120
404,23,0,10.0,1.0,done,37
404,24,0,5.0,1.0,done,123
404,25,0,15.0,1.0,done,233
404,26,0,5.0,1.0,done,102
404,27,0,15.0,1.0,done,60
404,28,0,10.0,1.0,done,83
404,29,0,10.0,1.0,done,142
404,30,0,15.0,1.0,done,341
404,31,0,5.0,1.0,done,156
404,32,0,10.0,1.0,done,180
404,33,0,10.0,1.0,done,144
404,34,0,10.0,1.0,done,46
404,35,0,15.0,1.0,done,223
404,36,0,15.0,1.0,done,123
404,37,0,5.0,1.0,done,66
404,38,0,15.0,1.0,done,191
404,39,0,10.0,1.0,done,28
404,40,0,10.0,1.0,done,89
404,41,0,15.0,1.0,done,229
404,42,0,10.0,1.0,done,257
404,43,0,5.0,1.0,done,94
404,44,0,15.0,1.0,done,18
404,45,0,5.0,1.0,done,110
404,46,0,5.0,1.0,done,31
404,47,0,15.0,1.0,done,69
404,48,0,10.0,1.0,done,135
405,0,0,10.0,1.0,done,25
405,1,10.0,10.0,0.0,pending,
405,2,0,5.0,1.0,done,21
405,3,0,10.0,1.0,done,65
405,4,0,15.0,1.0,done,367
405,5,0,10.0,1.0,done,203
405,6,0,10.0,1.0,done,205
405,7,0,10.0,1.0,done,198
405,8,0,10.0,1.0,done,47
405,9,0,10.0,1.0,done,125
405,10,0,15.0,1.0,done,168
405,11,0,5.0,1.0,done,51
405,12,0,15.0,1.0,done,17
405,13,5.0,5.0,0.0,pending,
405,14,0,10.0,1.0,done,397
405,15,0,5.0,1.0,done,30
405,16,0,5.0,1.0,done,188
405,17,0,15.0,1.0,done,43
405,18,0,10.0,1.0,done,313
405,19,0,15.0,1.0,done,135
405,20,0,15.0,1.0,done,52
405,21,0,15.0,1.0,done,53
405,22,0,5.0,1.0,done,120
405,23,0,10.0,1.0,done,37
405,24,0,5.0,1.0,done,123
405,25,0,15.0,1.0,done,233
405,26,0,5.0,1.0,done,102
405,27,0,15.0,1.0,done,60
405,28,0,10.0,1.0,done,83
405,29,0,10.0,1.0,done,142
405,30,0,15.0,1.0,done,341
405,31,0,5.0,1.0,done,156
405,32,0,10.0,1.0,done,180
405,33,0,10.0,1.0,done,144
405,34,0,10.0,1.0,done,46
405,35,0,15.0,1.0,done,223
405,36,0,15.0,1.0,done,123
405,37,0,5.0,1.0,done,66
405,38,0,15.0,1.0,done,191
405,39,0,10.0,1.0,done,28
405,40,0,10.0,1.0,done,89
405,41,0,15.0,1.0,done,229
405,42,0,10.0,1.0,done,257
405,43,0,5.0,1.0,done,94
405,44,0,15.0,1.0,done,18
405,45,0,5.0,1.0,done,110
405,46,0,5.0,1.0,done,31
405,47,0,15.0,1.0,done,69
405,48,0,10.0,1.0,done,135
406,0,0,10.0,1.0,done,25
406,1,10.0,10.0,0.0,pending,
406,2,0,5.0,1.0,done,21
406,3,0,10.0,1.0,done,65
406,4,0,15.0,1.0,done,367
406,5,0,10.0,1.0,done,203
406,6,0,10.0,1.0,done,205
406,7,0,10.0,1.0,done,198
406,8,0,10.0,1.0,done,47
406,9,0,10.0,1.0,done,125
406,10,0,15.0,1.0,done,168
406,11,0,5.0,1.0,done,51
406,12,0,15.0,1.0,done,17
406,13,5.0,5.0,0.0,pending,
406,14,0,10.0,1.0,done,397
406,15,0,5.0,1.0,done,30
406,16,0,5.0,1.0,done,188
406,17,0,15.0,1.0,done,43
406,18,0,10.0,1.0,done,313
406,19,0,15.0,1.0,done,135
406,20,0,15.0,1.0,done,52
406,21,0,15.0,1.0,done,53
406,22,0,5.0,1.0,done,120
406,23,0,10.0,1.0,done,37
406,24,0,5.0,1.0,done,123
406,25,0,15.0,1.0,done,233
406,26,0,5.0,1.0,done,102
406,27,0,15.0,1.0,done,60
406,28,0,10.0,1.0,done,83
406,29,0,10.0,1.0,done,142
406,30,0,15.0,1.0,done,341
406,31,0,5.0,1.0,done,156
406,32,0,10.0,1.0,done,180
406,33,0,10.0,1.0,done,144
406,34,0,10.0,1.0,done,46
406,35,0,15.0,1.0,done,223
406,36,0,15.0,1.0,done,123
406,37,0,5.0,1.0,done,66
406,38,0,15.0,1.0,done,191
406,39,0,10.0,1.0,done,28
406,40,0,10.0,1.0,done,89
406,41,0,15.0,1.0,done,229
406,42,0,10.0,1.0,done,257
406,43,0,5.0,1.0,done,94
406,44,0,15.0,1.0,done,18
406,45,0,5.0,1.0,done,110
406,46,0,5.0,1.0,done,31
406,47,0,15.0,1.0,done,69
406,48,0,10.0,1.0,done,135
407,0,0,10.0,1.0,done,25
407,1,10.0,10.0,0.0,pending,
407,2,0,5.0,1.0,done,21
407,3,0,10.0,1.0,done,65
407,4,0,15.0,1.0,done,367
407,5,0,10.0,1.0,done,203
407,6,0,10.0,1.0,done,205
407,7,0,10.0,1.0,done,198
407,8,0,10.0,1.0,done,47
407,9,0,10.0,1.0,done,125
407,10,0,15.0,1.0,done,168
407,11,0,5.0,1.0,done,51
407,12,0,15.0,1.0,done,17
407,13,5.0,5.0,0.0,pending,
407,14,0,10.0,1.0,done,397
407,15,0,5.0,1.0,done,30
407,16,0,5.0,1.0,done,188
407,17,0,15.0,1.0,done,43
407,18,0,10.0,1.0,done,313
407,19,0,15.0,1.0,done,135
407,20,0,15.0,1.0,done,52
407,21,0,15.0,1.0,done,53
407,22,0,5.0,1.0,done,120
407,23,0,10.0,1.0,done,37
407,24,0,5.0,1.0,done,123
407,25,0,15.0,1.0,done,233
407,26,0,5.0,1.0,done,102
407,27,0,15.0,1.0,done,60
407,28,0,10.0,1.0,done,83
407,29,0,10.0,1.0,done,142
407,30,0,15.0,1.0,done,341
407,31,0,5.0,1.0,done,156
407,32,0,10.0,1.0,done,180
407,33,0,10.0,1.0,done,144
407,34,0,10.0,1.0,done,46
407,35,0,15.0,1.0,done,223
407,36,0,15.0,1.0,done,123
407,37,0,5.0,1.0,done,66
407,38,0,15.0,1.0,done,191
407,39,0,10.0,1.0,done,28
407,40,0,10.0,1.0,done,89
407,41,0,15.0,1.0,done,229
407,42,0,10.0,1.0,done,257
407,43,0,5.0,1.0,done,94
407,44,0,15.0,1.0,done,18
407,45,0,5.0,1.0,done,110
407,46,0,5.0,1.0,done,31
407,47,0,15.0,1.0,done,69
407,48,0,10.0,1.0,done,135
408,0,0,10.0,1.0,done,25
408,1,10.0,10.0,0.0,pending,
408,2,0,5.0,1.0,done,21
408,3,0,10.0,1.0,done,65
408,4,0,15.0,1.0,done,367
408,5,0,10.0,1.0,done,203
408,6,0,10.0,1.0,done,205
408,7,0,10.0,1.0,done,198
408,8,0,10.0,1.0,done,47
408,9,0,10.0,1.0,done,125
408,10,0,15.0,1.0,done,168
408,11,0,5.0,1.0,done,51
408,12,0,15.0,1.0,done,17
408,13,5.0,5.0,0.0,pending,
408,14,0,10.0,1.0,done,397
408,15,0,5.0,1.0,done,30
408,16,0,5.0,1.0,done,188
408,17,0,15.0,1.0,done,43
408,18,0,10.0,1.0,done,313
408,19,0,15.0,1.0,done,135
408,20,0,15.0,1.0,done,52
408,21,0,15.0,1.0,done,53
408,22,0,5.0,1.0,done,120
408,23,0,10.0,1.0,done,37
408,24,0,5.0,1.0,done,123
408,25,0,15.0,1.0,done,233
408,26,0,5.0,1.0,done,102
408,27,0,15.0,1.0,done,60
408,28,0,10.0,1.0,done,83
408,29,0,10.0,1.0,done,142
408,30,0,15.0,1.0,done,341
408,31,0,5.0,1.0,done,156
408,32,0,10.0,1.0,done,180
408,33,0,10.0,1.0,done,144
408,34,0,10.0,1.0,done,46
408,35,0,15.0,1.0,done,223
408,36,0,15.0,1.0,done,123
408,37,0,5.0,1.0,done,66
408,38,0,15.0,1.0,done,191
408,39,0,10.0,1.0,done,28
408,40,0,10.0,1.0,done,89
408,41,0,15.0,1.0,done,229
408,42,0,10.0,1.0,done,257
408,43,0,5.0,1.0,done,94
408,44,0,15.0,1.0,done,18
408,45,0,5.0,1.0,done,110
408,46,0,5.0,1.0,done,31
408,47,0,15.0,1.0,done,69
408,48,0,10.0,1.0,done,135
409,0,0,10.0,1.0,done,25
409,1,10.0,10.0,0.0,pending,
409,2,0,5.0,1.0,done,21
409,3,0,10.0,1.0,done,65
409,4,0,15.0,1.0,done,367
409,5,0,10.0,1.0,done,203
409,6,0,10.0,1.0,done,205
409,7,0,10.0,1.0,done,198
409,8,0,10.0,1.0,done,47
409,9,0,10.0,1.0,done,125
409,10,0,15.0,1.0,done,168
409,11,0,5.0,1.0,done,51
409,12,0,15.0,1.0,done,17
409,13,5.0,5.0,0.0,pending,
409,14,0,10.0,1.0,done,397
409,15,0,5.0,1.0,done,30
409,16,0,5.0,1.0,done,188
409,17,0,15.0,1.0,done,43
409,18,0,10.0,1.0,done,313
409,19,0,15.0,1.0,done,135
409,20,0,15.0,1.0,done,52
409,21,0,15.0,1.0,done,53
409,22,0,5.0,1.0,done,120
409,23,0,10.0,1.0,done,37
409,24,0,5.0,1.0,done,123
409,25,0,15.0,1.0,done,233
409,26,0,5.0,1.0,done,102
409,27,0,15.0,1.0,done,60
409,28,0,10.0,1.0,done,83
409,29,0,10.0,1.0,done,142
409,30,0,15.0,1.0,done,341
409,31,0,5.0,1.0,done,156
409,32,0,10.0,1.0,done,180
409,33,0,10.0,1.0,done,144
409,34,0,10.0,1.0,done,46
409,35,0,15.0,1.0,done,223
409,36,0,15.0,1.0,done,123
409,37,0,5.0,1.0,done,66
409,38,0,15.0,1.0,done,191
409,39,0,10.0,1.0,done,28
409,40,0,10.0,1.0,done,89
409,41,0,15.0,1.0,done,229
409,42,0,10.0,1.0,done,257
409,43,0,5.0,1.0,done,94
409,44,0,15.0,1.0,done,18
409,45,0,5.0,1.0,done,110
409,46,0,5.0,1.0,done,31
409,47,0,15.0,1.0,done,69
409,48,0,10.0,1.0,done,135
410,0,0,10.0,1.0,done,25
410,1,10.0,10.0,0.0,pending,
410,2,0,5.0,1.0,done,21
410,3,0,10.0,1.0,done,65
410,4,0,15.0,1.0,done,367
410,5,0,10.0,1.0,done,203
410,6,0,10.0,1.0,done,205
410,7,0,10.0,1.0,done,198
410,8,0,10.0,1.0,done,47
410,9,0,10.0,1.0,done,125
410,10,0,15.0,1.0,done,168
410,11,0,5.0,1.0,done,51
410,12,0,15.0,1.0,done,17
410,13,5.0,5.0,0.0,pending,
410,14,0,10.0,1.0,done,397
410,15,0,5.0,1.0,done,30
410,16,0,5.0,1.0,done,188
410,17,0,15.0,1.0,done,43
410,18,0,10.0,1.0,done,313
410,19,0,15.0,1.0,done,135
410,20,0,15.0,1.0,done,52
410,21,0,15.0,1.0,done,53
410,22,0,5.0,1.0,done,120
410,23,0,10.0,1.0,done,37
410,24,0,5.0,1.0,done,123
410,25,0,15.0,1.0,done,233
410,26,0,5.0,1.0,done,102
410,27,0,15.0,1.0,done,60
410,28,0,10.0,1.0,done,83
410,29,0,10.0,1.0,done,142
410,30,0,15.0,1.0,done,341
410,31,0,5.0,1.0,done,156
410,32,0,10.0,1.0,done,180
410,33,0,10.0,1.0,done,144
410,34,0,10.0,1.0,done,46
410,35,0,15.0,1.0,done,223
410,36,0,15.0,1.0,done,123
410,37,0,5.0,1.0,done,66
410,38,0,15.0,1.0,done,191
410,39,0,10.0,1.0,done,28
410,40,0,10.0,1.0,done,89
410,41,0,15.0,1.0,done,229
410,42,0,10.0,1.0,done,257
410,43,0,5.0,1.0,done,94
410,44,0,15.0,1.0,done,18
410,45,0,5.0,1.0,done,110
410,46,0,5.0,1.0,done,31
410,47,0,15.0,1.0,done,69
410,48,0,10.0,1.0,done,135
411,0,0,10.0,1.0,done,25
411,1,10.0,10.0,0.0,pending,
411,2,0,5.0,1.0,done,21
411,3,0,10.0,1.0,done,65
411,4,0,15.0,1.0,done,367
411,5,0,10.0,1.0,done,203
411,6,0,10.0,1.0,done,205
411,7,0,10.0,1.0,done,198
411,8,0,10.0,1.0,done,47
411,9,0,10.0,1.0,done,125
411,10,0,15.0,1.0,done,168
411,11,0,5.0,1.0,done,51
411,12,0,15.0,1.0,done,17
411,13,5.0,5.0,0.0,pending,
411,14,0,10.0,1.0,done,397
411,15,0,5.0,1.0,done,30
411,16,0,5.0,1.0,done,188
411,17,0,15.0,1.0,done,43
411,18,0,10.0,1.0,done,313
411,19,0,15.0,1.0,done,135
411,20,0,15.0,1.0,done,52
411,21,0,15.0,1.0,done,53
411,22,0,5.0,1.0,done,120
411,23,0,10.0,1.0,done,37
411,24,0,5.0,1.0,done,123
411,25,0,15.0,1.0,done,233
411,26,0,5.0,1.0,done,102
411,27,0,15.0,1.0,done,60
411,28,0,10.0,1.0,done,83
411,29,0,10.0,1.0,done,142
411,30,0,15.0,1.0,done,341
411,31,0,5.0,1.0,done,156
411,32,0,10.0,1.0,done,180
411,33,0,10.0,1.0,done,144
411,34,0,10.0,1.0,done,46
411,35,0,15.0,1.0,done,223
411,36,0,15.0,1.0,done,123
411,37,0,5.0,1.0,done,66
411,38,0,15.0,1.0,done,191
411,39,0,10.0,1.0,done,28
411,40,0,10.0,1.0,done,89
411,41,0,15.0,1.0,done,229
411,42,0,10.0,1.0,done,257
411,43,0,5.0,1.0,done,94
411,44,0,15.0,1.0,done,18
411,45,0,5.0,1.0,done,110
411,46,0,5.0,1.0,done,31
411,47,0,15.0,1.0,done,69
411,48,0,10.0,1.0,done,135
412,0,0,10.0,1.0,done,25
412,1,10.0,10.0,0.0,pending,
412,2,0,5.0,1.0,done,21
412,3,0,10.0,1.0,done,65
412,4,0,15.0,1.0,done,367
412,5,0,10.0,1.0,done,203
412,6,0,10.0,1.0,done,205
412,7,0,10.0,1.0,done,198
412,8,0,10.0,1.0,done,47
412,9,0,10.0,1.0,done,125
412,10,0,15.0,1.0,done,168
412,11,0,5.0,1.0,done,51
412,12,0,15.0,1.0,done,17
412,13,5.0,5.0,0.0,pending,
412,14,0,10.0,1.0,done,397
412,15,0,5.0,1.0,done,30
412,16,0,5.0,1.0,done,188
412,17,0,15.0,1.0,done,43
412,18,0,10.0,1.0,done,313
412,19,0,15.0,1.0,done,135
412,20,0,15.0,1.0,done,52
412,21,0,15.0,1.0,done,53
412,22,0,5.0,1.0,done,120
412,23,0,10.0,1.0,done,37
412,24,0,5.0,1.0,done,123
412,25,0,15.0,1.0,done,233
412,26,0,5.0,1.0,done,102
412,27,0,15.0,1.0,done,60
412,28,0,10.0,1.0,done,83
412,29,0,10.0,1.0,done,142
412,30,0,15.0,1.0,done,341
412,31,0,5.0,1.0,done,156
412,32,0,10.0,1.0,done,180
412,33,0,10.0,1.0,done,144
412,34,0,10.0,1.0,done,46
412,35,0,15.0,1.0,done,223
412,36,0,15.0,1.0,done,123
412,37,0,5.0,1.0,done,66
412,38,0,15.0,1.0,done,191
412,39,0,10.0,1.0,done,28
412,40,0,10.0,1.0,done,89
412,41,0,15.0,1.0,done,229
412,42,0,10.0,1.0,done,257
412,43,0,5.0,1.0,done,94
412,44,0,15.0,1.0,done,18
412,45,0,5.0,1.0,done,110
412,46,0,5.0,1.0,done,31
412,47,0,15.0,1.0,done,69
412,48,0,10.0,1.0,done,135
413,0,0,10.0,1.0,done,25
413,1,10.0,10.0,0.0,pending,
413,2,0,5.0,1.0,done,21
413,3,0,10.0,1.0,done,65
413,4,0,15.0,1.0,done,367
413,5,0,10.0,1.0,done,203
413,6,0,10.0,1.0,done,205
413,7,0,10.0,1.0,done,198
413,8,0,10.0,1.0,done,47
413,9,0,10.0,1.0,done,125
413,10,0,15.0,1.0,done,168
413,11,0,5.0,1.0,done,51
413,12,0,15.0,1.0,done,17
413,13,5.0,5.0,0.0,pending,
413,14,0,10.0,1.0,done,397
413,15,0,5.0,1.0,done,30
413,16,0,5.0,1.0,done,188
413,17,0,15.0,1.0,done,43
413,18,0,10.0,1.0,done,313
413,19,0,15.0,1.0,done,135
413,20,0,15.0,1.0,done,52
413,21,0,15.0,1.0,done,53
413,22,0,5.0,1.0,done,120
413,23,0,10.0,1.0,done,37
413,24,0,5.0,1.0,done,123
413,25,0,15.0,1.0,done,233
413,26,0,5.0,1.0,done,102
413,27,0,15.0,1.0,done,60
413,28,0,10.0,1.0,done,83
413,29,0,10.0,1.0,done,142
413,30,0,15.0,1.0,done,341
413,31,0,5.0,1.0,done,156
413,32,0,10.0,1.0,done,180
413,33,0,10.0,1.0,done,144
413,34,0,10.0,1.0,done,46
413,35,0,15.0,1.0,done,223
413,36,0,15.0,1.0,done,123
413,37,0,5.0,1.0,done,66
413,38,0,15.0,1.0,done,191
413,39,0,10.0,1.0,done,28
413,40,0,10.0,1.0,done,89
413,41,0,15.0,1.0,done,229
413,42,0,10.0,1.0,done,257
413,43,0,5.0,1.0,done,94
413,44,0,15.0,1.0,done,18
413,45,0,5.0,1.0,done,110
413,46,0,5.0,1.0,done,31
413,47,0,15.0,1.0,done,69
413,48,0,10.0,1.0,done,135
414,0,0,10.0,1.0,done,25
414,1,10.0,10.0,0.0,pending,
414,2,0,5.0,1.0,done,21
414,3,0,10.0,1.0,done,65
414,4,0,15.0,1.0,done,367
414,5,0,10.0,1.0,done,203
414,6,0,10.0,1.0,done,205
414,7,0,10.0,1.0,done,198
414,8,0,10.0,1.0,done,47
414,9,0,10.0,1.0,done,125
414,10,0,15.0,1.0,done,168
414,11,0,5.0,1.0,done,51
414,12,0,15.0,1.0,done,17
414,13,5.0,5.0,0.0,pending,
414,14,0,10.0,1.0,done,397
414,15,0,5.0,1.0,done,30
414,16,0,5.0,1.0,done,188
414,17,0,15.0,1.0,done,43
414,18,0,10.0,1.0,done,313
414,19,0,15.0,1.0,done,135
414,20,0,15.0,1.0,done,52
414,21,0,15.0,1.0,done,53
414,22,0,5.0,1.0,done,120
414,23,0,10.0,1.0,done,37
414,24,0,5.0,1.0,done,123
414,25,0,15.0,1.0,done,233
414,26,0,5.0,1.0,done,102
414,27,0,15.0,1.0,done,60
414,28,0,10.0,1.0,done,83
414,29,0,10.0,1.0,done,142
414,30,0,15.0,1.0,done,341
414,31,0,5.0,1.0,done,156
414,32,0,10.0,1.0,done,180
414,33,0,10.0,1.0,done,144
414,34,0,10.0,1.0,done,46
414,35,0,15.0,1.0,done,223
414,36,0,15.0,1.0,done,123
414,37,0,5.0,1.0,done,66
414,38,0,15.0,1.0,done,191
414,39,0,10.0,1.0,done,28
414,40,0,10.0,1.0,done,89
414,41,0,15.0,1.0,done,229
414,42,0,10.0,1.0,done,257
414,43,0,5.0,1.0,done,94
414,44,0,15.0,1.0,done,18
414,45,0,5.0,1.0,done,110
414,46,0,5.0,1.0,done,31
414,47,0,15.0,1.0,done,69
414,48,0,10.0,1.0,done,135
415,0,0,10.0,1.0,done,25
415,1,10.0,10.0,0.0,pending,
415,2,0,5.0,1.0,done,21
415,3,0,10.0,1.0,done,65
415,4,0,15.0,1.0,done,367
415,5,0,10.0,1.0,done,203
415,6,0,10.0,1.0,done,205
415,7,0,10.0,1.0,done,198
415,8,0,10.0,1.0,done,47
415,9,0,10.0,1.0,done,125
415,10,0,15.0,1.0,done,168
415,11,0,5.0,1.0,done,51
415,12,0,15.0,1.0,done,17
415,13,5.0,5.0,0.0,pending,
415,14,0,10.0,1.0,done,397
415,15,0,5.0,1.0,done,30
415,16,0,5.0,1.0,done,188
415,17,0,15.0,1.0,done,43
415,18,0,10.0,1.0,done,313
415,19,0,15.0,1.0,done,135
415,20,0,15.0,1.0,done,52
415,21,0,15.0,1.0,done,53
415,22,0,5.0,1.0,done,120
415,23,0,10.0,1.0,done,37
415,24,0,5.0,1.0,done,123
415,25,0,15.0,1.0,done,233
415,26,0,5.0,1.0,done,102
415,27,0,15.0,1.0,done,60
415,28,0,10.0,1.0,done,83
415,29,0,10.0,1.0,done,142
415,30,0,15.0,1.0,done,341
415,31,0,5.0,1.0,done,156
415,32,0,10.0,1.0,done,180
415,33,0,10.0,1.0,done,144
415,34,0,10.0,1.0,done,46
415,35,0,15.0,1.0,done,223
415,36,0,15.0,1.0,done,123
415,37,0,5.0,1.0,done,66
415,38,0,15.0,1.0,done,191
415,39,0,10.0,1.0,done,28
415,40,0,10.0,1.0,done,89
415,41,0,15.0,1.0,done,229
415,42,0,10.0,1.0,done,257
415,43,0,5.0,1.0,done,94
415,44,0,15.0,1.0,done,18
415,45,0,5.0,1.0,done,110
415,46,0,5.0,1.0,done,31
415,47,0,15.0,1.0,done,69
415,48,0,10.0,1.0,done,135
416,0,0,10.0,1.0,done,25
416,1,10.0,10.0,0.0,pending,
416,2,0,5.0,1.0,done,21
416,3,0,10.0,1.0,done,65
416,4,0,15.0,1.0,done,367
416,5,0,10.0,1.0,done,203
416,6,0,10.0,1.0,done,205
416,7,0,10.0,1.0,done,198
416,8,0,10.0,1.0,done,47
416,9,0,10.0,1.0,done,125
416,10,0,15.0,1.0,done,168
416,11,0,5.0,1.0,done,51
416,12,0,15.0,1.0,done,17
416,13,5.0,5.0,0.0,pending,
416,14,0,10.0,1.0,done,397
416,15,0,5.0,1.0,done,30
416,16,0,5.0,1.0,done,188
416,17,0,15.0,1.0,done,43
416,18,0,10.0,1.0,done,313
416,19,0,15.0,1.0,done,135
416,20,0,15.0,1.0,done,52
416,21,0,15.0,1.0,done,53
416,22,0,5.0,1.0,done,120
416,23,0,10.0,1.0,done,37
416,24,0,5.0,1.0,done,123
416,25,0,15.0,1.0,done,233
416,26,0,5.0,1.0,done,102
416,27,0,15.0,1.0,done,60
416,28,0,10.0,1.0,done,83
416,29,0,10.0,1.0,done,142
416,30,0,15.0,1.0,done,341
416,31,0,5.0,1.0,done,156
416,32,0,10.0,1.0,done,180
416,33,0,10.0,1.0,done,144
416,34,0,10.0,1.0,done,46
416,35,0,15.0,1.0,done,223
416,36,0,15.0,1.0,done,123
416,37,0,5.0,1.0,done,66
416,38,0,15.0,1.0,done,191
416,39,0,10.0,1.0,done,28
416,40,0,10.0,1.0,done,89
416,41,0,15.0,1.0,done,229
416,42,0,10.0,1.0,done,257
416,43,0,5.0,1.0,done,94
416,44,0,15.0,1.0,done,18
416,45,0,5.0,1.0,done,110
416,46,0,5.0,1.0,done,31
416,47,0,15.0,1.0,done,69
416,48,0,10.0,1.0,done,135
417,0,0,10.0,1.0,done,25
417,1,10.0,10.0,0.0,pending,
417,2,0,5.0,1.0,done,21
417,3,0,10.0,1.0,done,65
417,4,0,15.0,1.0,done,367
417,5,0,10.0,1.0,done,203
417,6,0,10.0,1.0,done,205
417,7,0,10.0,1.0,done,198
417,8,0,10.0,1.0,done,47
417,9,0,10.0,1.0,done,125
417,10,0,15.0,1.0,done,168
417,11,0,5.0,1.0,done,51
417,12,0,15.0,1.0,done,17
417,13,5.0,5.0,0.0,pending,
417,14,0,10.0,1.0,done,397
417,15,0,5.0,1.0,done,30
417,16,0,5.0,1.0,done,188
417,17,0,15.0,1.0,done,43
417,18,0,10.0,1.0,done,313
417,19,0,15.0,1.0,done,135
417,20,0,15.0,1.0,done,52
417,21,0,15.0,1.0,done,53
417,22,0,5.0,1.0,done,120
417,23,0,10.0,1.0,done,37
417,24,0,5.0,1.0,done,123
417,25,0,15.0,1.0,done,233
417,26,0,5.0,1.0,done,102
417,27,0,15.0,1.0,done,60
417,28,0,10.0,1.0,done,83
417,29,0,10.0,1.0,done,142
417,30,0,15.0,1.0,done,341
417,31,0,5.0,1.0,done,156
417,32,0,10.0,1.0,done,180
417,33,0,10.0,1.0,done,144
417,34,0,10.0,1.0,done,46
417,35,0,15.0,1.0,done,223
417,36,0,15.0,1.0,done,123
417,37,0,5.0,1.0,done,66
417,38,0,15.0,1.0,done,191
417,39,0,10.0,1.0,done,28
417,40,0,10.0,1.0,done,89
417,41,0,15.0,1.0,done,229
417,42,0,10.0,1.0,done,257
417,43,0,5.0,1.0,done,94
417,44,0,15.0,1.0,done,18
417,45,0,5.0,1.0,done,110
417,46,0,5.0,1.0,done,31
417,47,0,15.0,1.0,done,69
417,48,0,10.0,1.0,done,135
418,0,0,10.0,1.0,done,25
418,1,10.0,10.0,0.0,pending,
418,2,0,5.0,1.0,done,21
418,3,0,10.0,1.0,done,65
418,4,0,15.0,1.0,done,367
418,5,0,10.0,1.0,done,203
418,6,0,10.0,1.0,done,205
418,7,0,10.0,1.0,done,198
418,8,0,10.0,1.0,done,47
418,9,0,10.0,1.0,done,125
418,10,0,15.0,1.0,done,168
418,11,0,5.0,1.0,done,51
418,12,0,15.0,1.0,done,17
418,13,5.0,5.0,0.0,pending,
418,14,0,10.0,1.0,done,397
418,15,0,5.0,1.0,done,30
418,16,0,5.0,1.0,done,188
418,17,0,15.0,1.0,done,43
418,18,0,10.0,1.0,done,313
418,19,0,15.0,1.0,done,135
418,20,0,15.0,1.0,done,52
418,21,0,15.0,1.0,done,53
418,22,0,5.0,1.0,done,120
418,23,0,10.0,1.0,done,37
418,24,0,5.0,1.0,done,123
418,25,0,15.0,1.0,done,233
418,26,0,5.0,1.0,done,102
418,27,0,15.0,1.0,done,60
418,28,0,10.0,1.0,done,83
418,29,0,10.0,1.0,done,142
418,30,0,15.0,1.0,done,341
418,31,0,5.0,1.0,done,156
418,32,0,10.0,1.0,done,180
418,33,0,10.0,1.0,done,144
418,34,0,10.0,1.0,done,46
418,35,0,15.0,1.0,done,223
418,36,0,15.0,1.0,done,123
418,37,0,5.0,1.0,done,66
418,38,0,15.0,1.0,done,191
418,39,0,10.0,1.0,done,28
418,40,0,10.0,1.0,done,89
418,41,0,15.0,1.0,done,229
418,42,0,10.0,1.0,done,257
418,43,0,5.0,1.0,done,94
418,44,0,15.0,1.0,done,18
418,45,0,5.0,1.0,done,110
418,46,0,5.0,1.0,done,31
418,47,0,15.0,1.0,done,69
418,48,0,10.0,1.0,done,135
419,0,0,10.0,1.0,done,25
419,1,10.0,10.0,0.0,pending,
419,2,0,5.0,1.0,done,21
419,3,0,10.0,1.0,done,65
419,4,0,15.0,1.0,done,367
419,5,0,10.0,1.0,done,203
419,6,0,10.0,1.0,done,205
419,7,0,10.0,1.0,done,198
419,8,0,10.0,1.0,done,47
419,9,0,10.0,1.0,done,125
419,10,0,15.0,1.0,done,168
419,11,0,5.0,1.0,done,51
419,12,0,15.0,1.0,done,17
419,13,5.0,5.0,0.0,pending,
419,14,0,10.0,1.0,done,397
419,15,0,5.0,1.0,done,30
419,16,0,5.0,1.0,done,188
419,17,0,15.0,1.0,done,43
419,18,0,10.0,1.0,done,313
419,19,0,15.0,1.0,done,135
419,20,0,15.0,1.0,done,52
419,21,0,15.0,1.0,done,53
419,22,0,5.0,1.0,done,120
419,23,0,10.0,1.0,done,37
419,24,0,5.0,1.0,done,123
419,25,0,15.0,1.0,done,233
419,26,0,5.0,1.0,done,102
419,27,0,15.0,1.0,done,60
419,28,0,10.0,1.0,done,83
419,29,0,10.0,1.0,done,142
419,30,0,15.0,1.0,done,341
419,31,0,5.0,1.0,done,156
419,32,0,10.0,1.0,done,180
419,33,0,10.0,1.0,done,144
419,34,0,10.0,1.0,done,46
419,35,0,15.0,1.0,done,223
419,36,0,15.0,1.0,done,123
419,37,0,5.0,1.0,done,66
419,38,0,15.0,1.0,done,191
419,39,0,10.0,1.0,done,28
419,40,0,10.0,1.0,done,89
419,41,0,15.0,1.0,done,229
419,42,0,10.0,1.0,done,257
419,43,0,5.0,1.0,done,94
419,44,0,15.0,1.0,done,18
419,45,0,5.0,1.0,done,110
419,46,0,5.0,1.0,done,31
419,47,0,15.0,1.0,done,69
419,48,0,10.0,1.0,done,135
420,0,0,10.0,1.0,done,25
420,1,10.0,10.0,0.0,pending,
420,2,0,5.0,1.0,done,21
420,3,0,10.0,1.0,done,65
420,4,0,15.0,1.0,done,367
420,5,0,10.0,1.0,done,203
420,6,0,10.0,1.0,done,205
420,7,0,10.0,1.0,done,198
420,8,0,10.0,1.0,done,47
420,9,0,10.0,1.0,done,125
420,10,0,15.0,1.0,done,168
420,11,0,5.0,1.0,done,51
420,12,0,15.0,1.0,done,17
420,13,5.0,5.0,0.0,pending,
420,14,0,10.0,1.0,done,397
420,15,0,5.0,1.0,done,30
420,16,0,5.0,1.0,done,188
420,17,0,15.0,1.0,done,43
420,18,0,10.0,1.0,done,313
420,19,0,15.0,1.0,done,135
420,20,0,15.0,1.0,done,52
420,21,0,15.0,1.0,done,53
420,22,0,5.0,1.0,done,120
420,23,0,10.0,1.0,done,37
420,24,0,5.0,1.0,done,123
420,25,0,15.0,1.0,done,233
420,26,0,5.0,1.0,done,102
420,27,0,15.0,1.0,done,60
420,28,0,10.0,1.0,done,83
420,29,0,10.0,1.0,done,142
420,30,0,15.0,1.0,done,341
420,31,0,5.0,1.0,done,156
420,32,0,10.0,1.0,done,180
420,33,0,10.0,1.0,done,144
420,34,0,10.0,1.0,done,46
420,35,0,15.0,1.0,done,223
420,36,0,15.0,1.0,done,123
420,37,0,5.0,1.0,done,66
420,38,0,15.0,1.0,done,191
420,39,0,10.0,1.0,done,28
420,40,0,10.0,1.0,done,89
420,41,0,15.0,1.0,done,229
420,42,0,10.0,1.0,done,257
420,43,0,5.0,1.0,done,94
420,44,0,15.0,1.0,done,18
420,45,0,5.0,1.0,done,110
420,46,0,5.0,1.0,done,31
420,47,0,15.0,1.0,done,69
420,48,0,10.0,1.0,done,135
421,0,0,10.0,1.0,done,25
421,1,10.0,10.0,0.0,pending,
421,2,0,5.0,1.0,done,21
421,3,0,10.0,1.0,done,65
421,4,0,15.0,1.0,done,367
421,5,0,10.0,1.0,done,203
421,6,0,10.0,1.0,done,205
421,7,0,10.0,1.0,done,198
421,8,0,10.0,1.0,done,47
421,9,0,10.0,1.0,done,125
421,10,0,15.0,1.0,done,168
421,11,0,5.0,1.0,done,51
421,12,0,15.0,1.0,done,17
421,13,5.0,5.0,0.0,pending,
421,14,0,10.0,1.0,done,397
421,15,0,5.0,1.0,done,30
421,16,0,5.0,1.0,done,188
421,17,0,15.0,1.0,done,43
421,18,0,10.0,1.0,done,313
421,19,0,15.0,1.0,done,135
421,20,0,15.0,1.0,done,52
421,21,0,15.0,1.0,done,53
421,22,0,5.0,1.0,done,120
421,23,0,10.0,1.0,done,37
421,24,0,5.0,1.0,done,123
421,25,0,15.0,1.0,done,233
421,26,0,5.0,1.0,done,102
421,27,0,15.0,1.0,done,60
421,28,0,10.0,1.0,done,83
421,29,0,10.0,1.0,done,142
421,30,0,15.0,1.0,done,341
421,31,0,5.0,1.0,done,156
421,32,0,10.0,1.0,done,180
421,33,0,10.0,1.0,done,144
421,34,0,10.0,1.0,done,46
421,35,0,15.0,1.0,done,223
421,36,0,15.0,1.0,done,123
421,37,0,5.0,1.0,done,66
421,38,0,15.0,1.0,done,191
421,39,0,10.0,1.0,done,28
421,40,0,10.0,1.0,done,89
421,41,0,15.0,1.0,done,229
421,42,0,10.0,1.0,done,257
421,43,0,5.0,1.0,done,94
421,44,0,15.0,1.0,done,18
421,45,0,5.0,1.0,done,110
421,46,0,5.0,1.0,done,31
421,47,0,15.0,1.0,done,69
421,48,0,10.0,1.0,done,135
422,0,0,10.0,1.0,done,25
422,1,10.0,10.0,0.0,pending,
422,2,0,5.0,1.0,done,21
422,3,0,10.0,1.0,done,65
422,4,0,15.0,1.0,done,367
422,5,0,10.0,1.0,done,203
422,6,0,10.0,1.0,done,205
422,7,0,10.0,1.0,done,198
422,8,0,10.0,1.0,done,47
422,9,0,10.0,1.0,done,125
422,10,0,15.0,1.0,done,168
422,11,0,5.0,1.0,done,51
422,12,0,15.0,1.0,done,17
422,13,5.0,5.0,0.0,pending,
422,14,0,10.0,1.0,done,397
422,15,0,5.0,1.0,done,30
422,16,0,5.0,1.0,done,188
422,17,0,15.0,1.0,done,43
422,18,0,10.0,1.0,done,313
422,19,0,15.0,1.0,done,135
422,20,0,15.0,1.0,done,52
422,21,0,15.0,1.0,done,53
422,22,0,5.0,1.0,done,120
422,23,0,10.0,1.0,done,37
422,24,0,5.0,1.0,done,123
422,25,0,15.0,1.0,done,233
422,26,0,5.0,1.0,done,102
422,27,0,15.0,1.0,done,60
422,28,0,10.0,1.0,done,83
422,29,0,10.0,1.0,done,142
422,30,0,15.0,1.0,done,341
422,31,0,5.0,1.0,done,156
422,32,0,10.0,1.0,done,180
422,33,0,10.0,1.0,done,144
422,34,0,10.0,1.0,done,46
422,35,0,15.0,1.0,done,223
422,36,0,15.0,1.0,done,123
422,37,0,5.0,1.0,done,66
422,38,0,15.0,1.0,done,191
422,39,0,10.0,1.0,done,28
422,40,0,10.0,1.0,done,89
422,41,0,15.0,1.0,done,229
422,42,0,10.0,1.0,done,257
422,43,0,5.0,1.0,done,94
422,44,0,15.0,1.0,done,18
422,45,0,5.0,1.0,done,110
422,46,0,5.0,1.0,done,31
422,47,0,15.0,1.0,done,69
422,48,0,10.0,1.0,done,135
423,0,0,10.0,1.0,done,25
423,1,10.0,10.0,0.0,pending,
423,2,0,5.0,1.0,done,21
423,3,0,10.0,1.0,done,65
423,4,0,15.0,1.0,done,367
423,5,0,10.0,1.0,done,203
423,6,0,10.0,1.0,done,205
423,7,0,10.0,1.0,done,198
423,8,0,10.0,1.0,done,47
423,9,0,10.0,1.0,done,125
423,10,0,15.0,1.0,done,168
423,11,0,5.0,1.0,done,51
423,12,0,15.0,1.0,done,17
423,13,5.0,5.0,0.0,pending,
423,14,0,10.0,1.0,done,397
423,15,0,5.0,1.0,done,30
423,16,0,5.0,1.0,done,188
423,17,0,15.0,1.0,done,43
423,18,0,10.0,1.0,done,313
423,19,0,15.0,1.0,done,135
423,20,0,15.0,1.0,done,52
423,21,0,15.0,1.0,done,53
423,22,0,5.0,1.0,done,120
423,23,0,10.0,1.0,done,37
423,24,0,5.0,1.0,done,123
423,25,0,15.0,1.0,done,233
423,26,0,5.0,1.0,done,102
423,27,0,15.0,1.0,done,60
423,28,0,10.0,1.0,done,83
423,29,0,10.0,1.0,done,142
423,30,0,15.0,1.0,done,341
423,31,0,5.0,1.0,done,156
423,32,0,10.0,1.0,done,180
423,33,0,10.0,1.0,done,144
423,34,0,10.0,1.0,done,46
423,35,0,15.0,1.0,done,223
423,36,0,15.0,1.0,done,123
423,37,0,5.0,1.0,done,66
423,38,0,15.0,1.0,done,191
423,39,0,10.0,1.0,done,28
423,40,0,10.0,1.0,done,89
423,41,0,15.0,1.0,done,229
423,42,0,10.0,1.0,done,257
423,43,0,5.0,1.0,done,94
423,44,0,15.0,1.0,done,18
423,45,0,5.0,1.0,done,110
423,46,0,5.0,1.0,done,31
423,47,0,15.0,1.0,done,69
423,48,0,10.0,1.0,done,135
424,0,0,10.0,1.0,done,25
424,1,10.0,10.0,0.0,pending,
424,2,0,5.0,1.0,done,21
424,3,0,10.0,1.0,done,65
424,4,0,15.0,1.0,done,367
424,5,0,10.0,1.0,done,203
424,6,0,10.0,1.0,done,205
424,7,0,10.0,1.0,done,198
424,8,0,10.0,1.0,done,47
424,9,0,10.0,1.0,done,125
424,10,0,15.0,1.0,done,168
424,11,0,5.0,1.0,done,51
424,12,0,15.0,1.0,done,17
424,13,5.0,5.0,0.0,pending,
424,14,0,10.0,1.0,done,397
424,15,0,5.0,1.0,done,30
424,16,0,5.0,1.0,done,188
424,17,0,15.0,1.0,done,43
424,18,0,10.0,1.0,done,313
424,19,0,15.0,1.0,done,135
424,20,0,15.0,1.0,done,52
424,21,0,15.0,1.0,done,53
424,22,0,5.0,1.0,done,120
424,23,0,10.0,1.0,done,37
424,24,0,5.0,1.0,done,123
424,25,0,15.0,1.0,done,233
424,26,0,5.0,1.0,done,102
424,27,0,15.0,1.0,done,60
424,28,0,10.0,1.0,done,83
424,29,0,10.0,1.0,done,142
424,30,0,15.0,1.0,done,341
424,31,0,5.0,1.0,done,156
424,32,0,10.0,1.0,done,180
424,33,0,10.0,1.0,done,144
424,34,0,10.0,1.0,done,46
424,35,0,15.0,1.0,done,223
424,36,0,15.0,1.0,done,123
424,37,0,5.0,1.0,done,66
424,38,0,15.0,1.0,done,191
424,39,0,10.0,1.0,done,28
424,40,0,10.0,1.0,done,89
424,41,0,15.0,1.0,done,229
424,42,0,10.0,1.0,done,257
424,43,0,5.0,1.0,done,94
424,44,0,15.0,1.0,done,18
424,45,0,5.0,1.0,done,110
424,46,0,5.0,1.0,done,31
424,47,0,15.0,1.0,done,69
424,48,0,10.0,1.0,done,135
425,0,0,10.0,1.0,done,25
425,1,10.0,10.0,0.0,pending,
425,2,0,5.0,1.0,done,21
425,3,0,10.0,1.0,done,65
425,4,0,15.0,1.0,done,367
425,5,0,10.0,1.0,done,203
425,6,0,10.0,1.0,done,205
425,7,0,10.0,1.0,done,198
425,8,0,10.0,1.0,done,47
425,9,0,10.0,1.0,done,125
425,10,0,15.0,1.0,done,168
425,11,0,5.0,1.0,done,51
425,12,0,15.0,1.0,done,17
425,13,5.0,5.0,0.0,pending,
425,14,0,10.0,1.0,done,397
425,15,0,5.0,1.0,done,30
425,16,0,5.0,1.0,done,188
425,17,0,15.0,1.0,done,43
425,18,0,10.0,1.0,done,313
425,19,0,15.0,1.0,done,135
425,20,0,15.0,1.0,done,52
425,21,0,15.0,1.0,done,53
425,22,0,5.0,1.0,done,120
425,23,0,10.0,1.0,done,37
425,24,0,5.0,1.0,done,123
425,25,0,15.0,1.0,done,233
425,26,0,5.0,1.0,done,102
425,27,0,15.0,1.0,done,60
425,28,0,10.0,1.0,done,83
425,29,0,10.0,1.0,done,142
425,30,0,15.0,1.0,done,341
425,31,0,5.0,1.0,done,156
425,32,0,10.0,1.0,done,180
425,33,0,10.0,1.0,done,144
425,34,0,10.0,1.0,done,46
425,35,0,15.0,1.0,done,223
425,36,0,15.0,1.0,done,123
425,37,0,5.0,1.0,done,66
425,38,0,15.0,1.0,done,191
425,39,0,10.0,1.0,done,28
425,40,0,10.0,1.0,done,89
425,41,0,15.0,1.0,done,229
425,42,0,10.0,1.0,done,257
425,43,0,5.0,1.0,done,94
425,44,0,15.0,1.0,done,18
425,45,0,5.0,1.0,done,110
425,46,0,5.0,1.0,done,31
425,47,0,15.0,1.0,done,69
425,48,0,10.0,1.0,done,135
426,0,0,10.0,1.0,done,25
426,1,10.0,10.0,0.0,pending,
426,2,0,5.0,1.0,done,21
426,3,0,10.0,1.0,done,65
426,4,0,15.0,1.0,done,367
426,5,0,10.0,1.0,done,203
426,6,0,10.0,1.0,done,205
426,7,0,10.0,1.0,done,198
426,8,0,10.0,1.0,done,47
426,9,0,10.0,1.0,done,125
426,10,0,15.0,1.0,done,168
426,11,0,5.0,1.0,done,51
426,12,0,15.0,1.0,done,17
426,13,5.0,5.0,0.0,pending,
426,14,0,10.0,1.0,done,397
426,15,0,5.0,1.0,done,30
426,16,0,5.0,1.0,done,188
426,17,0,15.0,1.0,done,43
426,18,0,10.0,1.0,done,313
426,19,0,15.0,1.0,done,135
426,20,0,15.0,1.0,done,52
426,21,0,15.0,1.0,done,53
426,22,0,5.0,1.0,done,120
426,23,0,10.0,1.0,done,37
426,24,0,5.0,1.0,done,123
426,25,0,15.0,1.0,done,233
426,26,0,5.0,1.0,done,102
426,27,0,15.0,1.0,done,60
426,28,0,10.0,1.0,done,83
426,29,0,10.0,1.0,done,142
426,30,0,15.0,1.0,done,341
426,31,0,5.0,1.0,done,156
426,32,0,10.0,1.0,done,180
426,33,0,10.0,1.0,done,144
426,34,0,10.0,1.0,done,46
426,35,0,15.0,1.0,done,223
426,36,0,15.0,1.0,done,123
426,37,0,5.0,1.0,done,66
426,38,0,15.0,1.0,done,191
426,39,0,10.0,1.0,done,28
426,40,0,10.0,1.0,done,89
426,41,0,15.0,1.0,done,229
426,42,0,10.0,1.0,done,257
426,43,0,5.0,1.0,done,94
426,44,0,15.0,1.0,done,18
426,45,0,5.0,1.0,done,110
426,46,0,5.0,1.0,done,31
426,47,0,15.0,1.0,done,69
426,48,0,10.0,1.0,done,135
427,0,0,10.0,1.0,done,25
427,1,10.0,10.0,0.0,pending,
427,2,0,5.0,1.0,done,21
427,3,0,10.0,1.0,done,65
427,4,0,15.0,1.0,done,367
427,5,0,10.0,1.0,done,203
427,6,0,10.0,1.0,done,205
427,7,0,10.0,1.0,done,198
427,8,0,10.0,1.0,done,47
427,9,0,10.0,1.0,done,125
427,10,0,15.0,1.0,done,168
427,11,0,5.0,1.0,done,51
427,12,0,15.0,1.0,done,17
427,13,5.0,5.0,0.0,pending,
427,14,0,10.0,1.0,done,397
427,15,0,5.0,1.0,done,30
427,16,0,5.0,1.0,done,188
427,17,0,15.0,1.0,done,43
427,18,0,10.0,1.0,done,313
427,19,0,15.0,1.0,done,135
427,20,0,15.0,1.0,done,52
427,21,0,15.0,1.0,done,53
427,22,0,5.0,1.0,done,120
427,23,0,10.0,1.0,done,37
427,24,0,5.0,1.0,done,123
427,25,0,15.0,1.0,done,233
427,26,0,5.0,1.0,done,102
427,27,0,15.0,1.0,done,60
427,28,0,10.0,1.0,done,83
427,29,0,10.0,1.0,done,142
427,30,0,15.0,1.0,done,341
427,31,0,5.0,1.0,done,156
427,32,0,10.0,1.0,done,180
427,33,0,10.0,1.0,done,144
427,34,0,10.0,1.0,done,46
427,35,0,15.0,1.0,done,223
427,36,0,15.0,1.0,done,123
427,37,0,5.0,1.0,done,66
427,38,0,15.0,1.0,done,191
427,39,0,10.0,1.0,done,28
427,40,0,10.0,1.0,done,89
427,41,0,15.0,1.0,done,229
427,42,0,10.0,1.0,done,257
427,43,0,5.0,1.0,done,94
427,44,0,15.0,1.0,done,18
427,45,0,5.0,1.0,done,110
427,46,0,5.0,1.0,done,31
427,47,0,15.0,1.0,done,69
427,48,0,10.0,1.0,done,135
428,0,0,10.0,1.0,done,25
428,1,10.0,10.0,0.0,pending,
428,2,0,5.0,1.0,done,21
428,3,0,10.0,1.0,done,65
428,4,0,15.0,1.0,done,367
428,5,0,10.0,1.0,done,203
428,6,0,10.0,1.0,done,205
428,7,0,10.0,1.0,done,198
428,8,0,10.0,1.0,done,47
428,9,0,10.0,1.0,done,125
428,10,0,15.0,1.0,done,168
428,11,0,5.0,1.0,done,51
428,12,0,15.0,1.0,done,17
428,13,5.0,5.0,0.0,pending,
428,14,0,10.0,1.0,done,397
428,15,0,5.0,1.0,done,30
428,16,0,5.0,1.0,done,188
428,17,0,15.0,1.0,done,43
428,18,0,10.0,1.0,done,313
428,19,0,15.0,1.0,done,135
428,20,0,15.0,1.0,done,52
428,21,0,15.0,1.0,done,53
428,22,0,5.0,1.0,done,120
428,23,0,10.0,1.0,done,37
428,24,0,5.0,1.0,done,123
428,25,0,15.0,1.0,done,233
428,26,0,5.0,1.0,done,102
428,27,0,15.0,1.0,done,60
428,28,0,10.0,1.0,done,83
428,29,0,10.0,1.0,done,142
428,30,0,15.0,1.0,done,341
428,31,0,5.0,1.0,done,156
428,32,0,10.0,1.0,done,180
428,33,0,10.0,1.0,done,144
428,34,0,10.0,1.0,done,46
428,35,0,15.0,1.0,done,223
428,36,0,15.0,1.0,done,123
428,37,0,5.0,1.0,done,66
428,38,0,15.0,1.0,done,191
428,39,0,10.0,1.0,done,28
428,40,0,10.0,1.0,done,89
428,41,0,15.0,1.0,done,229
428,42,0,10.0,1.0,done,257
428,43,0,5.0,1.0,done,94
428,44,0,15.0,1.0,done,18
428,45,0,5.0,1.0,done,110
428,46,0,5.0,1.0,done,31
428,47,0,15.0,1.0,done,69
428,48,0,10.0,1.0,done,135
429,0,0,10.0,1.0,done,25
429,1,10.0,10.0,0.0,pending,
429,2,0,5.0,1.0,done,21
429,3,0,10.0,1.0,done,65
429,4,0,15.0,1.0,done,367
429,5,0,10.0,1.0,done,203
429,6,0,10.0,1.0,done,205
429,7,0,10.0,1.0,done,198
429,8,0,10.0,1.0,done,47
429,9,0,10.0,1.0,done,125
429,10,0,15.0,1.0,done,168
429,11,0,5.0,1.0,done,51
429,12,0,15.0,1.0,done,17
429,13,5.0,5.0,0.0,pending,
429,14,0,10.0,1.0,done,397
429,15,0,5.0,1.0,done,30
429,16,0,5.0,1.0,done,188
429,17,0,15.0,1.0,done,43
429,18,0,10.0,1.0,done,313
429,19,0,15.0,1.0,done,135
429,20,0,15.0,1.0,done,52
429,21,0,15.0,1.0,done,53
429,22,0,5.0,1.0,done,120
429,23,0,10.0,1.0,done,37
429,24,0,5.0,1.0,done,123
429,25,0,15.0,1.0,done,233
429,26,0,5.0,1.0,done,102
429,27,0,15.0,1.0,done,60
429,28,0,10.0,1.0,done,83
429,29,0,10.0,1.0,done,142
429,30,0,15.0,1.0,done,341
429,31,0,5.0,1.0,done,156
429,32,0,10.0,1.0,done,180
429,33,0,10.0,1.0,done,144
429,34,0,10.0,1.0,done,46
429,35,0,15.0,1.0,done,223
429,36,0,15.0,1.0,done,123
429,37,0,5.0,1.0,done,66
429,38,0,15.0,1.0,done,191
429,39,0,10.0,1.0,done,28
429,40,0,10.0,1.0,done,89
429,41,0,15.0,1.0,done,229
429,42,0,10.0,1.0,done,257
429,43,0,5.0,1.0,done,94
429,44,0,15.0,1.0,done,18
429,45,0,5.0,1.0,done,110
429,46,0,5.0,1.0,done,31
429,47,0,15.0,1.0,done,69
429,48,0,10.0,1.0,done,135
430,0,0,10.0,1.0,done,25
430,1,10.0,10.0,0.0,pending,
430,2,0,5.0,1.0,done,21
430,3,0,10.0,1.0,done,65
430,4,0,15.0,1.0,done,367
430,5,0,10.0,1.0,done,203
430,6,0,10.0,1.0,done,205
430,7,0,10.0,1.0,done,198
430,8,0,10.0,1.0,done,47
430,9,0,10.0,1.0,done,125
430,10,0,15.0,1.0,done,168
430,11,0,5.0,1.0,done,51
430,12,0,15.0,1.0,done,17
430,13,5.0,5.0,0.0,pending,
430,14,0,10.0,1.0,done,397
430,15,0,5.0,1.0,done,30
430,16,0,5.0,1.0,done,188
430,17,0,15.0,1.0,done,43
430,18,0,10.0,1.0,done,313
430,19,0,15.0,1.0,done,135
430,20,0,15.0,1.0,done,52
430,21,0,15.0,1.0,done,53
430,22,0,5.0,1.0,done,120
430,23,0,10.0,1.0,done,37
430,24,0,5.0,1.0,done,123
430,25,0,15.0,1.0,done,233
430,26,0,5.0,1.0,done,102
430,27,0,15.0,1.0,done,60
430,28,0,10.0,1.0,done,83
430,29,0,10.0,1.0,done,142
430,30,0,15.0,1.0,done,341
430,31,0,5.0,1.0,done,156
430,32,0,10.0,1.0,done,180
430,33,0,10.0,1.0,done,144
430,34,0,10.0,1.0,done,46
430,35,0,15.0,1.0,done,223
430,36,0,15.0,1.0,done,123
430,37,0,5.0,1.0,done,66
430,38,0,15.0,1.0,done,191
430,39,0,10.0,1.0,done,28
430,40,0,10.0,1.0,done,89
430,41,0,15.0,1.0,done,229
430,42,0,10.0,1.0,done,257
430,43,0,5.0,1.0,done,94
430,44,0,15.0,1.0,done,18
430,45,0,5.0,1.0,done,110
430,46,0,5.0,1.0,done,31
430,47,0,15.0,1.0,done,69
430,48,0,10.0,1.0,done,135
431,0,0,10.0,1.0,done,25
431,1,10.0,10.0,0.0,pending,
431,2,0,5.0,1.0,done,21
431,3,0,10.0,1.0,done,65
431,4,0,15.0,1.0,done,367
431,5,0,10.0,1.0,done,203
431,6,0,10.0,1.0,done,205
431,7,0,10.0,1.0,done,198
431,8,0,10.0,1.0,done,47
431,9,0,10.0,1.0,done,125
431,10,0,15.0,1.0,done,168
431,11,0,5.0,1.0,done,51
431,12,0,15.0,1.0,done,17
431,13,5.0,5.0,0.0,pending,
431,14,0,10.0,1.0,done,397
431,15,0,5.0,1.0,done,30
431,16,0,5.0,1.0,done,188
431,17,0,15.0,1.0,done,43
431,18,0,10.0,1.0,done,313
431,19,0,15.0,1.0,done,135
431,20,0,15.0,1.0,done,52
431,21,0,15.0,1.0,done,53
431,22,0,5.0,1.0,done,120
431,23,0,10.0,1.0,done,37
431,24,0,5.0,1.0,done,123
431,25,0,15.0,1.0,done,233
431,26,0,5.0,1.0,done,102
431,27,0,15.0,1.0,done,60
431,28,0,10.0,1.0,done,83
431,29,0,10.0,1.0,done,142
431,30,0,15.0,1.0,done,341
431,31,0,5.0,1.0,done,156
431,32,0,10.0,1.0,done,180
431,33,0,10.0,1.0,done,144
431,34,0,10.0,1.0,done,46
431,35,0,15.0,1.0,done,223
431,36,0,15.0,1.0,done,123
431,37,0,5.0,1.0,done,66
431,38,0,15.0,1.0,done,191
431,39,0,10.0,1.0,done,28
431,40,0,10.0,1.0,done,89
431,41,0,15.0,1.0,done,229
431,42,0,10.0,1.0,done,257
431,43,0,5.0,1.0,done,94
431,44,0,15.0,1.0,done,18
431,45,0,5.0,1.0,done,110
431,46,0,5.0,1.0,done,31
431,47,0,15.0,1.0,done,69
431,48,0,10.0,1.0,done,135
432,0,0,10.0,1.0,done,25
432,1,10.0,10.0,0.0,pending,
432,2,0,5.0,1.0,done,21
432,3,0,10.0,1.0,done,65
432,4,0,15.0,1.0,done,367
432,5,0,10.0,1.0,done,203
432,6,0,10.0,1.0,done,205
432,7,0,10.0,1.0,done,198
432,8,0,10.0,1.0,done,47
432,9,0,10.0,1.0,done,125
432,10,0,15.0,1.0,done,168
432,11,0,5.0,1.0,done,51
432,12,0,15.0,1.0,done,17
432,13,5.0,5.0,0.0,pending,
432,14,0,10.0,1.0,done,397
432,15,0,5.0,1.0,done,30
432,16,0,5.0,1.0,done,188
432,17,0,15.0,1.0,done,43
432,18,0,10.0,1.0,done,313
432,19,0,15.0,1.0,done,135
432,20,0,15.0,1.0,done,52
432,21,0,15.0,1.0,done,53
432,22,0,5.0,1.0,done,120
432,23,0,10.0,1.0,done,37
432,24,0,5.0,1.0,done,123
432,25,0,15.0,1.0,done,233
432,26,0,5.0,1.0,done,102
432,27,0,15.0,1.0,done,60
432,28,0,10.0,1.0,done,83
432,29,0,10.0,1.0,done,142
432,30,0,15.0,1.0,done,341
432,31,0,5.0,1.0,done,156
432,32,0,10.0,1.0,done,180
432,33,0,10.0,1.0,done,144
432,34,0,10.0,1.0,done,46
432,35,0,15.0,1.0,done,223
432,36,0,15.0,1.0,done,123
432,37,0,5.0,1.0,done,66
432,38,0,15.0,1.0,done,191
432,39,0,10.0,1.0,done,28
432,40,0,10.0,1.0,done,89
432,41,0,15.0,1.0,done,229
432,42,0,10.0,1.0,done,257
432,43,0,5.0,1.0,done,94
432,44,0,15.0,1.0,done,18
432,45,0,5.0,1.0,done,110
432,46,0,5.0,1.0,done,31
432,47,0,15.0,1.0,done,69
432,48,0,10.0,1.0,done,135
433,0,0,10.0,1.0,done,25
433,1,10.0,10.0,0.0,pending,
433,2,0,5.0,1.0,done,21
433,3,0,10.0,1.0,done,65
433,4,0,15.0,1.0,done,367
433,5,0,10.0,1.0,done,203
433,6,0,10.0,1.0,done,205
433,7,0,10.0,1.0,done,198
433,8,0,10.0,1.0,done,47
433,9,0,10.0,1.0,done,125
433,10,0,15.0,1.0,done,168
433,11,0,5.0,1.0,done,51
433,12,0,15.0,1.0,done,17
433,13,5.0,5.0,0.0,pending,
433,14,0,10.0,1.0,done,397
433,15,0,5.0,1.0,done,30
433,16,0,5.0,1.0,done,188
433,17,0,15.0,1.0,done,43
433,18,0,10.0,1.0,done,313
433,19,0,15.0,1.0,done,135
433,20,0,15.0,1.0,done,52
433,21,0,15.0,1.0,done,53
433,22,0,5.0,1.0,done,120
433,23,0,10.0,1.0,done,37
433,24,0,5.0,1.0,done,123
433,25,0,15.0,1.0,done,233
433,26,0,5.0,1.0,done,102
433,27,0,15.0,1.0,done,60
433,28,0,10.0,1.0,done,83
433,29,0,10.0,1.0,done,142
433,30,0,15.0,1.0,done,341
433,31,0,5.0,1.0,done,156
433,32,0,10.0,1.0,done,180
433,33,0,10.0,1.0,done,144
433,34,0,10.0,1.0,done,46
433,35,0,15.0,1.0,done,223
433,36,0,15.0,1.0,done,123
433,37,0,5.0,1.0,done,66
433,38,0,15.0,1.0,done,191
433,39,0,10.0,1.0,done,28
433,40,0,10.0,1.0,done,89
433,41,0,15.0,1.0,done,229
433,42,0,10.0,1.0,done,257
433,43,0,5.0,1.0,done,94
433,44,0,15.0,1.0,done,18
433,45,0,5.0,1.0,done,110
433,46,0,5.0,1.0,done,31
433,47,0,15.0,1.0,done,69
433,48,0,10.0,1.0,done,135
434,0,0,10.0,1.0,done,25
434,1,10.0,10.0,0.0,pending,
434,2,0,5.0,1.0,done,21
434,3,0,10.0,1.0,done,65
434,4,0,15.0,1.0,done,367
434,5,0,10.0,1.0,done,203
434,6,0,10.0,1.0,done,205
434,7,0,10.0,1.0,done,198
434,8,0,10.0,1.0,done,47
434,9,0,10.0,1.0,done,125
434,10,0,15.0,1.0,done,168
434,11,0,5.0,1.0,done,51
434,12,0,15.0,1.0,done,17
434,13,5.0,5.0,0.0,pending,
434,14,0,10.0,1.0,done,397
434,15,0,5.0,1.0,done,30
434,16,0,5.0,1.0,done,188
434,17,0,15.0,1.0,done,43
434,18,0,10.0,1.0,done,313
434,19,0,15.0,1.0,done,135
434,20,0,15.0,1.0,done,52
434,21,0,15.0,1.0,done,53
434,22,0,5.0,1.0,done,120
434,23,0,10.0,1.0,done,37
434,24,0,5.0,1.0,done,123
434,25,0,15.0,1.0,done,233
434,26,0,5.0,1.0,done,102
434,27,0,15.0,1.0,done,60
434,28,0,10.0,1.0,done,83
434,29,0,10.0,1.0,done,142
434,30,0,15.0,1.0,done,341
434,31,0,5.0,1.0,done,156
434,32,0,10.0,1.0,done,180
434,33,0,10.0,1.0,done,144
434,34,0,10.0,1.0,done,46
434,35,0,15.0,1.0,done,223
434,36,0,15.0,1.0,done,123
434,37,0,5.0,1.0,done,66
434,38,0,15.0,1.0,done,191
434,39,0,10.0,1.0,done,28
434,40,0,10.0,1.0,done,89
434,41,0,15.0,1.0,done,229
434,42,0,10.0,1.0,done,257
434,43,0,5.0,1.0,done,94
434,44,0,15.0,1.0,done,18
434,45,0,5.0,1.0,done,110
434,46,0,5.0,1.0,done,31
434,47,0,15.0,1.0,done,69
434,48,0,10.0,1.0,done,135
435,0,0,10.0,1.0,done,25
435,1,10.0,10.0,0.0,pending,
435,2,0,5.0,1.0,done,21
435,3,0,10.0,1.0,done,65
435,4,0,15.0,1.0,done,367
435,5,0,10.0,1.0,done,203
435,6,0,10.0,1.0,done,205
435,7,0,10.0,1.0,done,198
435,8,0,10.0,1.0,done,47
435,9,0,10.0,1.0,done,125
435,10,0,15.0,1.0,done,168
435,11,0,5.0,1.0,done,51
435,12,0,15.0,1.0,done,17
435,13,5.0,5.0,0.0,pending,
435,14,0,10.0,1.0,done,397
435,15,0,5.0,1.0,done,30
435,16,0,5.0,1.0,done,188
435,17,0,15.0,1.0,done,43
435,18,0,10.0,1.0,done,313
435,19,0,15.0,1.0,done,135
435,20,0,15.0,1.0,done,52
435,21,0,15.0,1.0,done,53
435,22,0,5.0,1.0,done,120
435,23,0,10.0,1.0,done,37
435,24,0,5.0,1.0,done,123
435,25,0,15.0,1.0,done,233
435,26,0,5.0,1.0,done,102
435,27,0,15.0,1.0,done,60
435,28,0,10.0,1.0,done,83
435,29,0,10.0,1.0,done,142
435,30,0,15.0,1.0,done,341
435,31,0,5.0,1.0,done,156
435,32,0,10.0,1.0,done,180
435,33,0,10.0,1.0,done,144
435,34,0,10.0,1.0,done,46
435,35,0,15.0,1.0,done,223
435,36,0,15.0,1.0,done,123
435,37,0,5.0,1.0,done,66
435,38,0,15.0,1.0,done,191
435,39,0,10.0,1.0,done,28
435,40,0,10.0,1.0,done,89
435,41,0,15.0,1.0,done,229
435,42,0,10.0,1.0,done,257
435,43,0,5.0,1.0,done,94
435,44,0,15.0,1.0,done,18
435,45,0,5.0,1.0,done,110
435,46,0,5.0,1.0,done,31
435,47,0,15.0,1.0,done,69
435,48,0,10.0,1.0,done,135
436,0,0,10.0,1.0,done,25
436,1,10.0,10.0,0.0,pending,
436,2,0,5.0,1.0,done,21
436,3,0,10.0,1.0,done,65
436,4,0,15.0,1.0,done,367
436,5,0,10.0,1.0,done,203
436,6,0,10.0,1.0,done,205
436,7,0,10.0,1.0,done,198
436,8,0,10.0,1.0,done,47
436,9,0,10.0,1.0,done,125
436,10,0,15.0,1.0,done,168
436,11,0,5.0,1.0,done,51
436,12,0,15.0,1.0,done,17
436,13,5.0,5.0,0.0,pending,
436,14,0,10.0,1.0,done,397
436,15,0,5.0,1.0,done,30
436,16,0,5.0,1.0,done,188
436,17,0,15.0,1.0,done,43
436,18,0,10.0,1.0,done,313
436,19,0,15.0,1.0,done,135
436,20,0,15.0,1.0,done,52
436,21,0,15.0,1.0,done,53
436,22,0,5.0,1.0,done,120
436,23,0,10.0,1.0,done,37
436,24,0,5.0,1.0,done,123
436,25,0,15.0,1.0,done,233
436,26,0,5.0,1.0,done,102
436,27,0,15.0,1.0,done,60
436,28,0,10.0,1.0,done,83
436,29,0,10.0,1.0,done,142
436,30,0,15.0,1.0,done,341
436,31,0,5.0,1.0,done,156
436,32,0,10.0,1.0,done,180
436,33,0,10.0,1.0,done,144
436,34,0,10.0,1.0,done,46
436,35,0,15.0,1.0,done,223
436,36,0,15.0,1.0,done,123
436,37,0,5.0,1.0,done,66
436,38,0,15.0,1.0,done,191
436,39,0,10.0,1.0,done,28
436,40,0,10.0,1.0,done,89
436,41,0,15.0,1.0,done,229
436,42,0,10.0,1.0,done,257
436,43,0,5.0,1.0,done,94
436,44,0,15.0,1.0,done,18
436,45,0,5.0,1.0,done,110
436,46,0,5.0,1.0,done,31
436,47,0,15.0,1.0,done,69
436,48,0,10.0,1.0,done,135
437,0,0,10.0,1.0,done,25
437,1,10.0,10.0,0.0,pending,
437,2,0,5.0,1.0,done,21
437,3,0,10.0,1.0,done,65
437,4,0,15.0,1.0,done,367
437,5,0,10.0,1.0,done,203
437,6,0,10.0,1.0,done,205
437,7,0,10.0,1.0,done,198
437,8,0,10.0,1.0,done,47
437,9,0,10.0,1.0,done,125
437,10,0,15.0,1.0,done,168
437,11,0,5.0,1.0,done,51
437,12,0,15.0,1.0,done,17
437,13,5.0,5.0,0.0,pending,
437,14,0,10.0,1.0,done,397
437,15,0,5.0,1.0,done,30
437,16,0,5.0,1.0,done,188
437,17,0,15.0,1.0,done,43
437,18,0,10.0,1.0,done,313
437,19,0,15.0,1.0,done,135
437,20,0,15.0,1.0,done,52
437,21,0,15.0,1.0,done,53
437,22,0,5.0,1.0,done,120
437,23,0,10.0,1.0,done,37
437,24,0,5.0,1.0,done,123
437,25,0,15.0,1.0,done,233
437,26,0,5.0,1.0,done,102
437,27,0,15.0,1.0,done,60
437,28,0,10.0,1.0,done,83
437,29,0,10.0,1.0,done,142
437,30,0,15.0,1.0,done,341
437,31,0,5.0,1.0,done,156
437,32,0,10.0,1.0,done,180
437,33,0,10.0,1.0,done,144
437,34,0,10.0,1.0,done,46
437,35,0,15.0,1.0,done,223
437,36,0,15.0,1.0,done,123
437,37,0,5.0,1.0,done,66
437,38,0,15.0,1.0,done,191
437,39,0,10.0,1.0,done,28
437,40,0,10.0,1.0,done,89
437,41,0,15.0,1.0,done,229
437,42,0,10.0,1.0,done,257
437,43,0,5.0,1.0,done,94
437,44,0,15.0,1.0,done,18
437,45,0,5.0,1.0,done,110
437,46,0,5.0,1.0,done,31
437,47,0,15.0,1.0,done,69
437,48,0,10.0,1.0,done,135
438,0,0,10.0,1.0,done,25
438,1,10.0,10.0,0.0,pending,
438,2,0,5.0,1.0,done,21
438,3,0,10.0,1.0,done,65
438,4,0,15.0,1.0,done,367
438,5,0,10.0,1.0,done,203
438,6,0,10.0,1.0,done,205
438,7,0,10.0,1.0,done,198
438,8,0,10.0,1.0,done,47
438,9,0,10.0,1.0,done,125
438,10,0,15.0,1.0,done,168
438,11,0,5.0,1.0,done,51
438,12,0,15.0,1.0,done,17
438,13,5.0,5.0,0.0,pending,
438,14,0,10.0,1.0,done,397
438,15,0,5.0,1.0,done,30
438,16,0,5.0,1.0,done,188
438,17,0,15.0,1.0,done,43
438,18,0,10.0,1.0,done,313
438,19,0,15.0,1.0,done,135
438,20,0,15.0,1.0,done,52
438,21,0,15.0,1.0,done,53
438,22,0,5.0,1.0,done,120
438,23,0,10.0,1.0,done,37
438,24,0,5.0,1.0,done,123
438,25,0,15.0,1.0,done,233
438,26,0,5.0,1.0,done,102
438,27,0,15.0,1.0,done,60
438,28,0,10.0,1.0,done,83
438,29,0,10.0,1.0,done,142
438,30,0,15.0,1.0,done,341
438,31,0,5.0,1.0,done,156
438,32,0,10.0,1.0,done,180
438,33,0,10.0,1.0,done,144
438,34,0,10.0,1.0,done,46
438,35,0,15.0,1.0,done,223
438,36,0,15.0,1.0,done,123
438,37,0,5.0,1.0,done,66
438,38,0,15.0,1.0,done,191
438,39,0,10.0,1.0,done,28
438,40,0,10.0,1.0,done,89
438,41,0,15.0,1.0,done,229
438,42,0,10.0,1.0,done,257
438,43,0,5.0,1.0,done,94
438,44,0,15.0,1.0,done,18
438,45,0,5.0,1.0,done,110
438,46,0,5.0,1.0,done,31
438,47,0,15.0,1.0,done,69
438,48,0,10.0,1.0,done,135
439,0,0,10.0,1.0,done,25
439,1,10.0,10.0,0.0,pending,
439,2,0,5.0,1.0,done,21
439,3,0,10.0,1.0,done,65
439,4,0,15.0,1.0,done,367
439,5,0,10.0,1.0,done,203
439,6,0,10.0,1.0,done,205
439,7,0,10.0,1.0,done,198
439,8,0,10.0,1.0,done,47
439,9,0,10.0,1.0,done,125
439,10,0,15.0,1.0,done,168
439,11,0,5.0,1.0,done,51
439,12,0,15.0,1.0,done,17
439,13,5.0,5.0,0.0,pending,
439,14,0,10.0,1.0,done,397
439,15,0,5.0,1.0,done,30
439,16,0,5.0,1.0,done,188
439,17,0,15.0,1.0,done,43
439,18,0,10.0,1.0,done,313
439,19,0,15.0,1.0,done,135
439,20,0,15.0,1.0,done,52
439,21,0,15.0,1.0,done,53
439,22,0,5.0,1.0,done,120
439,23,0,10.0,1.0,done,37
439,24,0,5.0,1.0,done,123
439,25,0,15.0,1.0,done,233
439,26,0,5.0,1.0,done,102
439,27,0,15.0,1.0,done,60
439,28,0,10.0,1.0,done,83
439,29,0,10.0,1.0,done,142
439,30,0,15.0,1.0,done,341
439,31,0,5.0,1.0,done,156
439,32,0,10.0,1.0,done,180
439,33,0,10.0,1.0,done,144
439,34,0,10.0,1.0,done,46
439,35,0,15.0,1.0,done,223
439,36,0,15.0,1.0,done,123
439,37,0,5.0,1.0,done,66
439,38,0,15.0,1.0,done,191
439,39,0,10.0,1.0,done,28
439,40,0,10.0,1.0,done,89
439,41,0,15.0,1.0,done,229
439,42,0,10.0,1.0,done,257
439,43,0,5.0,1.0,done,94
439,44,0,15.0,1.0,done,18
439,45,0,5.0,1.0,done,110
439,46,0,5.0,1.0,done,31
439,47,0,15.0,1.0,done,69
439,48,0,10.0,1.0,done,135
440,0,0,10.0,1.0,done,25
440,1,10.0,10.0,0.0,pending,
440,2,0,5.0,1.0,done,21
440,3,0,10.0,1.0,done,65
440,4,0,15.0,1.0,done,367
440,5,0,10.0,1.0,done,203
440,6,0,10.0,1.0,done,205
440,7,0,10.0,1.0,done,198
440,8,0,10.0,1.0,done,47
440,9,0,10.0,1.0,done,125
440,10,0,15.0,1.0,done,168
440,11,0,5.0,1.0,done,51
440,12,0,15.0,1.0,done,17
440,13,5.0,5.0,0.0,pending,
440,14,0,10.0,1.0,done,397
440,15,0,5.0,1.0,done,30
440,16,0,5.0,1.0,done,188
440,17,0,15.0,1.0,done,43
440,18,0,10.0,1.0,done,313
440,19,0,15.0,1.0,done,135
440,20,0,15.0,1.0,done,52
440,21,0,15.0,1.0,done,53
440,22,0,5.0,1.0,done,120
440,23,0,10.0,1.0,done,37
440,24,0,5.0,1.0,done,123
440,25,0,15.0,1.0,done,233
440,26,0,5.0,1.0,done,102
440,27,0,15.0,1.0,done,60
440,28,0,10.0,1.0,done,83
440,29,0,10.0,1.0,done,142
440,30,0,15.0,1.0,done,341
440,31,0,5.0,1.0,done,156
440,32,0,10.0,1.0,done,180
440,33,0,10.0,1.0,done,144
440,34,0,10.0,1.0,done,46
440,35,0,15.0,1.0,done,223
440,36,0,15.0,1.0,done,123
440,37,0,5.0,1.0,done,66
440,38,0,15.0,1.0,done,191
440,39,0,10.0,1.0,done,28
440,40,0,10.0,1.0,done,89
440,41,0,15.0,1.0,done,229
440,42,0,10.0,1.0,done,257
440,43,0,5.0,1.0,done,94
440,44,0,15.0,1.0,done,18
440,45,0,5.0,1.0,done,110
440,46,0,5.0,1.0,done,31
440,47,0,15.0,1.0,done,69
440,48,0,10.0,1.0,done,135
441,0,0,10.0,1.0,done,25
441,1,10.0,10.0,0.0,pending,
441,2,0,5.0,1.0,done,21
441,3,0,10.0,1.0,done,65
441,4,0,15.0,1.0,done,367
441,5,0,10.0,1.0,done,203
441,6,0,10.0,1.0,done,205
441,7,0,10.0,1.0,done,198
441,8,0,10.0,1.0,done,47
441,9,0,10.0,1.0,done,125
441,10,0,15.0,1.0,done,168
441,11,0,5.0,1.0,done,51
441,12,0,15.0,1.0,done,17
441,13,5.0,5.0,0.0,pending,
441,14,0,10.0,1.0,done,397
441,15,0,5.0,1.0,done,30
441,16,0,5.0,1.0,done,188
441,17,0,15.0,1.0,done,43
441,18,0,10.0,1.0,done,313
441,19,0,15.0,1.0,done,135
441,20,0,15.0,1.0,done,52
441,21,0,15.0,1.0,done,53
441,22,0,5.0,1.0,done,120
441,23,0,10.0,1.0,done,37
441,24,0,5.0,1.0,done,123
441,25,0,15.0,1.0,done,233
441,26,0,5.0,1.0,done,102
441,27,0,15.0,1.0,done,60
441,28,0,10.0,1.0,done,83
441,29,0,10.0,1.0,done,142
441,30,0,15.0,1.0,done,341
441,31,0,5.0,1.0,done,156
441,32,0,10.0,1.0,done,180
441,33,0,10.0,1.0,done,144
441,34,0,10.0,1.0,done,46
441,35,0,15.0,1.0,done,223
441,36,0,15.0,1.0,done,123
441,37,0,5.0,1.0,done,66
441,38,0,15.0,1.0,done,191
441,39,0,10.0,1.0,done,28
441,40,0,10.0,1.0,done,89
441,41,0,15.0,1.0,done,229
441,42,0,10.0,1.0,done,257
441,43,0,5.0,1.0,done,94
441,44,0,15.0,1.0,done,18
441,45,0,5.0,1.0,done,110
441,46,0,5.0,1.0,done,31
441,47,0,15.0,1.0,done,69
441,48,0,10.0,1.0,done,135
442,0,0,10.0,1.0,done,25
442,1,10.0,10.0,0.0,pending,
442,2,0,5.0,1.0,done,21
442,3,0,10.0,1.0,done,65
442,4,0,15.0,1.0,done,367
442,5,0,10.0,1.0,done,203
442,6,0,10.0,1.0,done,205
442,7,0,10.0,1.0,done,198
442,8,0,10.0,1.0,done,47
442,9,0,10.0,1.0,done,125
442,10,0,15.0,1.0,done,168
442,11,0,5.0,1.0,done,51
442,12,0,15.0,1.0,done,17
442,13,5.0,5.0,0.0,pending,
442,14,0,10.0,1.0,done,397
442,15,0,5.0,1.0,done,30
442,16,0,5.0,1.0,done,188
442,17,0,15.0,1.0,done,43
442,18,0,10.0,1.0,done,313
442,19,0,15.0,1.0,done,135
442,20,0,15.0,1.0,done,52
442,21,0,15.0,1.0,done,53
442,22,0,5.0,1.0,done,120
442,23,0,10.0,1.0,done,37
442,24,0,5.0,1.0,done,123
442,25,0,15.0,1.0,done,233
442,26,0,5.0,1.0,done,102
442,27,0,15.0,1.0,done,60
442,28,0,10.0,1.0,done,83
442,29,0,10.0,1.0,done,142
442,30,0,15.0,1.0,done,341
442,31,0,5.0,1.0,done,156
442,32,0,10.0,1.0,done,180
442,33,0,10.0,1.0,done,144
442,34,0,10.0,1.0,done,46
442,35,0,15.0,1.0,done,223
442,36,0,15.0,1.0,done,123
442,37,0,5.0,1.0,done,66
442,38,0,15.0,1.0,done,191
442,39,0,10.0,1.0,done,28
442,40,0,10.0,1.0,done,89
442,41,0,15.0,1.0,done,229
442,42,0,10.0,1.0,done,257
442,43,0,5.0,1.0,done,94
442,44,0,15.0,1.0,done,18
442,45,0,5.0,1.0,done,110
442,46,0,5.0,1.0,done,31
442,47,0,15.0,1.0,done,69
442,48,0,10.0,1.0,done,135
443,0,0,10.0,1.0,done,25
443,1,10.0,10.0,0.0,pending,
443,2,0,5.0,1.0,done,21
443,3,0,10.0,1.0,done,65
443,4,0,15.0,1.0,done,367
443,5,0,10.0,1.0,done,203
443,6,0,10.0,1.0,done,205
443,7,0,10.0,1.0,done,198
443,8,0,10.0,1.0,done,47
443,9,0,10.0,1.0,done,125
443,10,0,15.0,1.0,done,168
443,11,0,5.0,1.0,done,51
443,12,0,15.0,1.0,done,17
443,13,5.0,5.0,0.0,pending,
443,14,0,10.0,1.0,done,397
443,15,0,5.0,1.0,done,30
443,16,0,5.0,1.0,done,188
443,17,0,15.0,1.0,done,43
443,18,0,10.0,1.0,done,313
443,19,0,15.0,1.0,done,135
443,20,0,15.0,1.0,done,52
443,21,0,15.0,1.0,done,53
443,22,0,5.0,1.0,done,120
443,23,0,10.0,1.0,done,37
443,24,0,5.0,1.0,done,123
443,25,0,15.0,1.0,done,233
443,26,0,5.0,1.0,done,102
443,27,0,15.0,1.0,done,60
443,28,0,10.0,1.0,done,83
443,29,0,10.0,1.0,done,142
443,30,0,15.0,1.0,done,341
443,31,0,5.0,1.0,done,156
443,32,0,10.0,1.0,done,180
443,33,0,10.0,1.0,done,144
443,34,0,10.0,1.0,done,46
443,35,0,15.0,1.0,done,223
443,36,0,15.0,1.0,done,123
443,37,0,5.0,1.0,done,66
443,38,0,15.0,1.0,done,191
443,39,0,10.0,1.0,done,28
443,40,0,10.0,1.0,done,89
443,41,0,15.0,1.0,done,229
443,42,0,10.0,1.0,done,257
443,43,0,5.0,1.0,done,94
443,44,0,15.0,1.0,done,18
443,45,0,5.0,1.0,done,110
443,46,0,5.0,1.0,done,31
443,47,0,15.0,1.0,done,69
443,48,0,10.0,1.0,done,135
444,0,0,10.0,1.0,done,25
444,1,10.0,10.0,0.0,pending,
444,2,0,5.0,1.0,done,21
444,3,0,10.0,1.0,done,65
444,4,0,15.0,1.0,done,367
444,5,0,10.0,1.0,done,203
444,6,0,10.0,1.0,done,205
444,7,0,10.0,1.0,done,198
444,8,0,10.0,1.0,done,47
444,9,0,10.0,1.0,done,125
444,10,0,15.0,1.0,done,168
444,11,0,5.0,1.0,done,51
444,12,0,15.0,1.0,done,17
444,13,5.0,5.0,0.0,pending,
444,14,0,10.0,1.0,done,397
444,15,0,5.0,1.0,done,30
444,16,0,5.0,1.0,done,188
444,17,0,15.0,1.0,done,43
444,18,0,10.0,1.0,done,313
444,19,0,15.0,1.0,done,135
444,20,0,15.0,1.0,done,52
444,21,0,15.0,1.0,done,53
444,22,0,5.0,1.0,done,120
444,23,0,10.0,1.0,done,37
444,24,0,5.0,1.0,done,123
444,25,0,15.0,1.0,done,233
444,26,0,5.0,1.0,done,102
444,27,0,15.0,1.0,done,60
444,28,0,10.0,1.0,done,83
444,29,0,10.0,1.0,done,142
444,30,0,15.0,1.0,done,341
444,31,0,5.0,1.0,done,156
444,32,0,10.0,1.0,done,180
444,33,0,10.0,1.0,done,144
444,34,0,10.0,1.0,done,46
444,35,0,15.0,1.0,done,223
444,36,0,15.0,1.0,done,123
444,37,0,5.0,1.0,done,66
444,38,0,15.0,1.0,done,191
444,39,0,10.0,1.0,done,28
444,40,0,10.0,1.0,done,89
444,41,0,15.0,1.0,done,229
444,42,0,10.0,1.0,done,257
444,43,0,5.0,1.0,done,94
444,44,0,15.0,1.0,done,18
444,45,0,5.0,1.0,done,110
444,46,0,5.0,1.0,done,31
444,47,0,15.0,1.0,done,69
444,48,0,10.0,1.0,done,135
445,0,0,10.0,1.0,done,25
445,1,10.0,10.0,0.0,pending,
445,2,0,5.0,1.0,done,21
445,3,0,10.0,1.0,done,65
445,4,0,15.0,1.0,done,367
445,5,0,10.0,1.0,done,203
445,6,0,10.0,1.0,done,205
445,7,0,10.0,1.0,done,198
445,8,0,10.0,1.0,done,47
445,9,0,10.0,1.0,done,125
445,10,0,15.0,1.0,done,168
445,11,0,5.0,1.0,done,51
445,12,0,15.0,1.0,done,17
445,13,5.0,5.0,0.0,pending,
445,14,0,10.0,1.0,done,397
445,15,0,5.0,1.0,done,30
445,16,0,5.0,1.0,done,188
445,17,0,15.0,1.0,done,43
445,18,0,10.0,1.0,done,313
445,19,0,15.0,1.0,done,135
445,20,0,15.0,1.0,done,52
445,21,0,15.0,1.0,done,53
445,22,0,5.0,1.0,done,120
445,23,0,10.0,1.0,done,37
445,24,0,5.0,1.0,done,123
445,25,0,15.0,1.0,done,233
445,26,0,5.0,1.0,done,102
445,27,0,15.0,1.0,done,60
445,28,0,10.0,1.0,done,83
445,29,0,10.0,1.0,done,142
445,30,0,15.0,1.0,done,341
445,31,0,5.0,1.0,done,156
445,32,0,10.0,1.0,done,180
445,33,0,10.0,1.0,done,144
445,34,0,10.0,1.0,done,46
445,35,0,15.0,1.0,done,223
445,36,0,15.0,1.0,done,123
445,37,0,5.0,1.0,done,66
445,38,0,15.0,1.0,done,191
445,39,0,10.0,1.0,done,28
445,40,0,10.0,1.0,done,89
445,41,0,15.0,1.0,done,229
445,42,0,10.0,1.0,done,257
445,43,0,5.0,1.0,done,94
445,44,0,15.0,1.0,done,18
445,45,0,5.0,1.0,done,110
445,46,0,5.0,1.0,done,31
445,47,0,15.0,1.0,done,69
445,48,0,10.0,1.0,done,135
446,0,0,10.0,1.0,done,25
446,1,10.0,10.0,0.0,pending,
446,2,0,5.0,1.0,done,21
446,3,0,10.0,1.0,done,65
446,4,0,15.0,1.0,done,367
446,5,0,10.0,1.0,done,203
446,6,0,10.0,1.0,done,205
446,7,0,10.0,1.0,done,198
446,8,0,10.0,1.0,done,47
446,9,0,10.0,1.0,done,125
446,10,0,15.0,1.0,done,168
446,11,0,5.0,1.0,done,51
446,12,0,15.0,1.0,done,17
446,13,5.0,5.0,0.0,pending,
446,14,0,10.0,1.0,done,397
446,15,0,5.0,1.0,done,30
446,16,0,5.0,1.0,done,188
446,17,0,15.0,1.0,done,43
446,18,0,10.0,1.0,done,313
446,19,0,15.0,1.0,done,135
446,20,0,15.0,1.0,done,52
446,21,0,15.0,1.0,done,53
446,22,0,5.0,1.0,done,120
446,23,0,10.0,1.0,done,37
446,24,0,5.0,1.0,done,123
446,25,0,15.0,1.0,done,233
446,26,0,5.0,1.0,done,102
446,27,0,15.0,1.0,done,60
446,28,0,10.0,1.0,done,83
446,29,0,10.0,1.0,done,142
446,30,0,15.0,1.0,done,341
446,31,0,5.0,1.0,done,156
446,32,0,10.0,1.0,done,180
446,33,0,10.0,1.0,done,144
446,34,0,10.0,1.0,done,46
446,35,0,15.0,1.0,done,223
446,36,0,15.0,1.0,done,123
446,37,0,5.0,1.0,done,66
446,38,0,15.0,1.0,done,191
446,39,0,10.0,1.0,done,28
446,40,0,10.0,1.0,done,89
446,41,0,15.0,1.0,done,229
446,42,0,10.0,1.0,done,257
446,43,0,5.0,1.0,done,94
446,44,0,15.0,1.0,done,18
446,45,0,5.0,1.0,done,110
446,46,0,5.0,1.0,done,31
446,47,0,15.0,1.0,done,69
446,48,0,10.0,1.0,done,135
447,0,0,10.0,1.0,done,25
447,1,10.0,10.0,0.0,pending,
447,2,0,5.0,1.0,done,21
447,3,0,10.0,1.0,done,65
447,4,0,15.0,1.0,done,367
447,5,0,10.0,1.0,done,203
447,6,0,10.0,1.0,done,205
447,7,0,10.0,1.0,done,198
447,8,0,10.0,1.0,done,47
447,9,0,10.0,1.0,done,125
447,10,0,15.0,1.0,done,168
447,11,0,5.0,1.0,done,51
447,12,0,15.0,1.0,done,17
447,13,5.0,5.0,0.0,pending,
447,14,0,10.0,1.0,done,397
447,15,0,5.0,1.0,done,30
447,16,0,5.0,1.0,done,188
447,17,0,15.0,1.0,done,43
447,18,0,10.0,1.0,done,313
447,19,0,15.0,1.0,done,135
447,20,0,15.0,1.0,done,52
447,21,0,15.0,1.0,done,53
447,22,0,5.0,1.0,done,120
447,23,0,10.0,1.0,done,37
447,24,0,5.0,1.0,done,123
447,25,0,15.0,1.0,done,233
447,26,0,5.0,1.0,done,102
447,27,0,15.0,1.0,done,60
447,28,0,10.0,1.0,done,83
447,29,0,10.0,1.0,done,142
447,30,0,15.0,1.0,done,341
447,31,0,5.0,1.0,done,156
447,32,0,10.0,1.0,done,180
447,33,0,10.0,1.0,done,144
447,34,0,10.0,1.0,done,46
447,35,0,15.0,1.0,done,223
447,36,0,15.0,1.0,done,123
447,37,0,5.0,1.0,done,66
447,38,0,15.0,1.0,done,191
447,39,0,10.0,1.0,done,28
447,40,0,10.0,1.0,done,89
447,41,0,15.0,1.0,done,229
447,42,0,10.0,1.0,done,257
447,43,0,5.0,1.0,done,94
447,44,0,15.0,1.0,done,18
447,45,0,5.0,1.0,done,110
447,46,0,5.0,1.0,done,31
447,47,0,15.0,1.0,done,69
447,48,0,10.0,1.0,done,135
448,0,0,10.0,1.0,done,25
448,1,10.0,10.0,0.0,pending,
448,2,0,5.0,1.0,done,21
448,3,0,10.0,1.0,done,65
448,4,0,15.0,1.0,done,367
448,5,0,10.0,1.0,done,203
448,6,0,10.0,1.0,done,205
448,7,0,10.0,1.0,done,198
448,8,0,10.0,1.0,done,47
448,9,0,10.0,1.0,done,125
448,10,0,15.0,1.0,done,168
448,11,0,5.0,1.0,done,51
448,12,0,15.0,1.0,done,17
448,13,5.0,5.0,0.0,pending,
448,14,0,10.0,1.0,done,397
448,15,0,5.0,1.0,done,30
448,16,0,5.0,1.0,done,188
448,17,0,15.0,1.0,done,43
448,18,0,10.0,1.0,done,313
448,19,0,15.0,1.0,done,135
448,20,0,15.0,1.0,done,52
448,21,0,15.0,1.0,done,53
448,22,0,5.0,1.0,done,120
448,23,0,10.0,1.0,done,37
448,24,0,5.0,1.0,done,123
448,25,0,15.0,1.0,done,233
448,26,0,5.0,1.0,done,102
448,27,0,15.0,1.0,done,60
448,28,0,10.0,1.0,done,83
448,29,0,10.0,1.0,done,142
448,30,0,15.0,1.0,done,341
448,31,0,5.0,1.0,done,156
448,32,0,10.0,1.0,done,180
448,33,0,10.0,1.0,done,144
448,34,0,10.0,1.0,done,46
448,35,0,15.0,1.0,done,223
448,36,0,15.0,1.0,done,123
448,37,0,5.0,1.0,done,66
448,38,0,15.0,1.0,done,191
448,39,0,10.0,1.0,done,28
448,40,0,10.0,1.0,done,89
448,41,0,15.0,1.0,done,229
448,42,0,10.0,1.0,done,257
448,43,0,5.0,1.0,done,94
448,44,0,15.0,1.0,done,18
448,45,0,5.0,1.0,done,110
448,46,0,5.0,1.0,done,31
448,47,0,15.0,1.0,done,69
448,48,0,10.0,1.0,done,135
449,0,0,10.0,1.0,done,25
449,1,10.0,10.0,0.0,pending,
449,2,0,5.0,1.0,done,21
449,3,0,10.0,1.0,done,65
449,4,0,15.0,1.0,done,367
449,5,0,10.0,1.0,done,203
449,6,0,10.0,1.0,done,205
449,7,0,10.0,1.0,done,198
449,8,0,10.0,1.0,done,47
449,9,0,10.0,1.0,done,125
449,10,0,15.0,1.0,done,168
449,11,0,5.0,1.0,done,51
449,12,0,15.0,1.0,done,17
449,13,5.0,5.0,0.0,pending,
449,14,0,10.0,1.0,done,397
449,15,0,5.0,1.0,done,30
449,16,0,5.0,1.0,done,188
449,17,0,15.0,1.0,done,43
449,18,0,10.0,1.0,done,313
449,19,0,15.0,1.0,done,135
449,20,0,15.0,1.0,done,52
449,21,0,15.0,1.0,done,53
449,22,0,5.0,1.0,done,120
449,23,0,10.0,1.0,done,37
449,24,0,5.0,1.0,done,123
449,25,0,15.0,1.0,done,233
449,26,0,5.0,1.0,done,102
449,27,0,15.0,1.0,done,60
449,28,0,10.0,1.0,done,83
449,29,0,10.0,1.0,done,142
449,30,0,15.0,1.0,done,341
449,31,0,5.0,1.0,done,156
449,32,0,10.0,1.0,done,180
449,33,0,10.0,1.0,done,144
449,34,0,10.0,1.0,done,46
449,35,0,15.0,1.0,done,223
449,36,0,15.0,1.0,done,123
449,37,0,5.0,1.0,done,66
449,38,0,15.0,1.0,done,191
449,39,0,10.0,1.0,done,28
449,40,0,10.0,1.0,done,89
449,41,0,15.0,1.0,done,229
449,42,0,10.0,1.0,done,257
449,43,0,5.0,1.0,done,94
449,44,0,15.0,1.0,done,18
449,45,0,5.0,1.0,done,110
449,46,0,5.0,1.0,done,31
449,47,0,15.0,1.0,done,69
449,48,0,10.0,1.0,done,135
450,0,0,10.0,1.0,done,25
450,1,10.0,10.0,0.0,pending,
450,2,0,5.0,1.0,done,21
450,3,0,10.0,1.0,done,65
450,4,0,15.0,1.0,done,367
450,5,0,10.0,1.0,done,203
450,6,0,10.0,1.0,done,205
450,7,0,10.0,1.0,done,198
450,8,0,10.0,1.0,done,47
450,9,0,10.0,1.0,done,125
450,10,0,15.0,1.0,done,168
450,11,0,5.0,1.0,done,51
450,12,0,15.0,1.0,done,17
450,13,5.0,5.0,0.0,pending,
450,14,0,10.0,1.0,done,397
450,15,0,5.0,1.0,done,30
450,16,0,5.0,1.0,done,188
450,17,0,15.0,1.0,done,43
450,18,0,10.0,1.0,done,313
450,19,0,15.0,1.0,done,135
450,20,0,15.0,1.0,done,52
450,21,0,15.0,1.0,done,53
450,22,0,5.0,1.0,done,120
450,23,0,10.0,1.0,done,37
450,24,0,5.0,1.0,done,123
450,25,0,15.0,1.0,done,233
450,26,0,5.0,1.0,done,102
450,27,0,15.0,1.0,done,60
450,28,0,10.0,1.0,done,83
450,29,0,10.0,1.0,done,142
450,30,0,15.0,1.0,done,341
450,31,0,5.0,1.0,done,156
450,32,0,10.0,1.0,done,180
450,33,0,10.0,1.0,done,144
450,34,0,10.0,1.0,done,46
450,35,0,15.0,1.0,done,223
450,36,0,15.0,1.0,done,123
450,37,0,5.0,1.0,done,66
450,38,0,15.0,1.0,done,191
450,39,0,10.0,1.0,done,28
450,40,0,10.0,1.0,done,89
450,41,0,15.0,1.0,done,229
450,42,0,10.0,1.0,done,257
450,43,0,5.0,1.0,done,94
450,44,0,15.0,1.0,done,18
450,45,0,5.0,1.0,done,110
450,46,0,5.0,1.0,done,31
450,47,0,15.0,1.0,done,69
450,48,0,10.0,1.0,done,135
451,0,0,10.0,1.0,done,25
451,1,10.0,10.0,0.0,pending,
451,2,0,5.0,1.0,done,21
451,3,0,10.0,1.0,done,65
451,4,0,15.0,1.0,done,367
451,5,0,10.0,1.0,done,203
451,6,0,10.0,1.0,done,205
451,7,0,10.0,1.0,done,198
451,8,0,10.0,1.0,done,47
451,9,0,10.0,1.0,done,125
451,10,0,15.0,1.0,done,168
451,11,0,5.0,1.0,done,51
451,12,0,15.0,1.0,done,17
451,13,5.0,5.0,0.0,pending,
451,14,0,10.0,1.0,done,397
451,15,0,5.0,1.0,done,30
451,16,0,5.0,1.0,done,188
451,17,0,15.0,1.0,done,43
451,18,0,10.0,1.0,done,313
451,19,0,15.0,1.0,done,135
451,20,0,15.0,1.0,done,52
451,21,0,15.0,1.0,done,53
451,22,0,5.0,1.0,done,120
451,23,0,10.0,1.0,done,37
451,24,0,5.0,1.0,done,123
451,25,0,15.0,1.0,done,233
451,26,0,5.0,1.0,done,102
451,27,0,15.0,1.0,done,60
451,28,0,10.0,1.0,done,83
451,29,0,10.0,1.0,done,142
451,30,0,15.0,1.0,done,341
451,31,0,5.0,1.0,done,156
451,32,0,10.0,1.0,done,180
451,33,0,10.0,1.0,done,144
451,34,0,10.0,1.0,done,46
451,35,0,15.0,1.0,done,223
451,36,0,15.0,1.0,done,123
451,37,0,5.0,1.0,done,66
451,38,0,15.0,1.0,done,191
451,39,0,10.0,1.0,done,28
451,40,0,10.0,1.0,done,89
451,41,0,15.0,1.0,done,229
451,42,0,10.0,1.0,done,257
451,43,0,5.0,1.0,done,94
451,44,0,15.0,1.0,done,18
451,45,0,5.0,1.0,done,110
451,46,0,5.0,1.0,done,31
451,47,0,15.0,1.0,done,69
451,48,0,10.0,1.0,done,135
452,0,0,10.0,1.0,done,25
452,1,10.0,10.0,0.0,pending,
452,2,0,5.0,1.0,done,21
452,3,0,10.0,1.0,done,65
452,4,0,15.0,1.0,done,367
452,5,0,10.0,1.0,done,203
452,6,0,10.0,1.0,done,205
452,7,0,10.0,1.0,done,198
452,8,0,10.0,1.0,done,47
452,9,0,10.0,1.0,done,125
452,10,0,15.0,1.0,done,168
452,11,0,5.0,1.0,done,51
452,12,0,15.0,1.0,done,17
452,13,5.0,5.0,0.0,pending,
452,14,0,10.0,1.0,done,397
452,15,0,5.0,1.0,done,30
452,16,0,5.0,1.0,done,188
452,17,0,15.0,1.0,done,43
452,18,0,10.0,1.0,done,313
452,19,0,15.0,1.0,done,135
452,20,0,15.0,1.0,done,52
452,21,0,15.0,1.0,done,53
452,22,0,5.0,1.0,done,120
452,23,0,10.0,1.0,done,37
452,24,0,5.0,1.0,done,123
452,25,0,15.0,1.0,done,233
452,26,0,5.0,1.0,done,102
452,27,0,15.0,1.0,done,60
452,28,0,10.0,1.0,done,83
452,29,0,10.0,1.0,done,142
452,30,0,15.0,1.0,done,341
452,31,0,5.0,1.0,done,156
452,32,0,10.0,1.0,done,180
452,33,0,10.0,1.0,done,144
452,34,0,10.0,1.0,done,46
452,35,0,15.0,1.0,done,223
452,36,0,15.0,1.0,done,123
452,37,0,5.0,1.0,done,66
452,38,0,15.0,1.0,done,191
452,39,0,10.0,1.0,done,28
452,40,0,10.0,1.0,done,89
452,41,0,15.0,1.0,done,229
452,42,0,10.0,1.0,done,257
452,43,0,5.0,1.0,done,94
452,44,0,15.0,1.0,done,18
452,45,0,5.0,1.0,done,110
452,46,0,5.0,1.0,done,31
452,47,0,15.0,1.0,done,69
452,48,0,10.0,1.0,done,135
453,0,0,10.0,1.0,done,25
453,1,10.0,10.0,0.0,pending,
453,2,0,5.0,1.0,done,21
453,3,0,10.0,1.0,done,65
453,4,0,15.0,1.0,done,367
453,5,0,10.0,1.0,done,203
453,6,0,10.0,1.0,done,205
453,7,0,10.0,1.0,done,198
453,8,0,10.0,1.0,done,47
453,9,0,10.0,1.0,done,125
453,10,0,15.0,1.0,done,168
453,11,0,5.0,1.0,done,51
453,12,0,15.0,1.0,done,17
453,13,5.0,5.0,0.0,pending,
453,14,0,10.0,1.0,done,397
453,15,0,5.0,1.0,done,30
453,16,0,5.0,1.0,done,188
453,17,0,15.0,1.0,done,43
453,18,0,10.0,1.0,done,313
453,19,0,15.0,1.0,done,135
453,20,0,15.0,1.0,done,52
453,21,0,15.0,1.0,done,53
453,22,0,5.0,1.0,done,120
453,23,0,10.0,1.0,done,37
453,24,0,5.0,1.0,done,123
453,25,0,15.0,1.0,done,233
453,26,0,5.0,1.0,done,102
453,27,0,15.0,1.0,done,60
453,28,0,10.0,1.0,done,83
453,29,0,10.0,1.0,done,142
453,30,0,15.0,1.0,done,341
453,31,0,5.0,1.0,done,156
453,32,0,10.0,1.0,done,180
453,33,0,10.0,1.0,done,144
453,34,0,10.0,1.0,done,46
453,35,0,15.0,1.0,done,223
453,36,0,15.0,1.0,done,123
453,37,0,5.0,1.0,done,66
453,38,0,15.0,1.0,done,191
453,39,0,10.0,1.0,done,28
453,40,0,10.0,1.0,done,89
453,41,0,15.0,1.0,done,229
453,42,0,10.0,1.0,done,257
453,43,0,5.0,1.0,done,94
453,44,0,15.0,1.0,done,18
453,45,0,5.0,1.0,done,110
453,46,0,5.0,1.0,done,31
453,47,0,15.0,1.0,done,69
453,48,0,10.0,1.0,done,135
454,0,0,10.0,1.0,done,25
454,1,10.0,10.0,0.0,pending,
454,2,0,5.0,1.0,done,21
454,3,0,10.0,1.0,done,65
454,4,0,15.0,1.0,done,367
454,5,0,10.0,1.0,done,203
454,6,0,10.0,1.0,done,205
454,7,0,10.0,1.0,done,198
454,8,0,10.0,1.0,done,47
454,9,0,10.0,1.0,done,125
454,10,0,15.0,1.0,done,168
454,11,0,5.0,1.0,done,51
454,12,0,15.0,1.0,done,17
454,13,5.0,5.0,0.0,pending,
454,14,0,10.0,1.0,done,397
454,15,0,5.0,1.0,done,30
454,16,0,5.0,1.0,done,188
454,17,0,15.0,1.0,done,43
454,18,0,10.0,1.0,done,313
454,19,0,15.0,1.0,done,135
454,20,0,15.0,1.0,done,52
454,21,0,15.0,1.0,done,53
454,22,0,5.0,1.0,done,120
454,23,0,10.0,1.0,done,37
454,24,0,5.0,1.0,done,123
454,25,0,15.0,1.0,done,233
454,26,0,5.0,1.0,done,102
454,27,0,15.0,1.0,done,60
454,28,0,10.0,1.0,done,83
454,29,0,10.0,1.0,done,142
454,30,0,15.0,1.0,done,341
454,31,0,5.0,1.0,done,156
454,32,0,10.0,1.0,done,180
454,33,0,10.0,1.0,done,144
454,34,0,10.0,1.0,done,46
454,35,0,15.0,1.0,done,223
454,36,0,15.0,1.0,done,123
454,37,0,5.0,1.0,done,66
454,38,0,15.0,1.0,done,191
454,39,0,10.0,1.0,done,28
454,40,0,10.0,1.0,done,89
454,41,0,15.0,1.0,done,229
454,42,0,10.0,1.0,done,257
454,43,0,5.0,1.0,done,94
454,44,0,15.0,1.0,done,18
454,45,0,5.0,1.0,done,110
454,46,0,5.0,1.0,done,31
454,47,0,15.0,1.0,done,69
454,48,0,10.0,1.0,done,135
455,0,0,10.0,1.0,done,25
455,1,10.0,10.0,0.0,pending,
455,2,0,5.0,1.0,done,21
455,3,0,10.0,1.0,done,65
455,4,0,15.0,1.0,done,367
455,5,0,10.0,1.0,done,203
455,6,0,10.0,1.0,done,205
455,7,0,10.0,1.0,done,198
455,8,0,10.0,1.0,done,47
455,9,0,10.0,1.0,done,125
455,10,0,15.0,1.0,done,168
455,11,0,5.0,1.0,done,51
455,12,0,15.0,1.0,done,17
455,13,5.0,5.0,0.0,pending,
455,14,0,10.0,1.0,done,397
455,15,0,5.0,1.0,done,30
455,16,0,5.0,1.0,done,188
455,17,0,15.0,1.0,done,43
455,18,0,10.0,1.0,done,313
455,19,0,15.0,1.0,done,135
455,20,0,15.0,1.0,done,52
455,21,0,15.0,1.0,done,53
455,22,0,5.0,1.0,done,120
455,23,0,10.0,1.0,done,37
455,24,0,5.0,1.0,done,123
455,25,0,15.0,1.0,done,233
455,26,0,5.0,1.0,done,102
455,27,0,15.0,1.0,done,60
455,28,0,10.0,1.0,done,83
455,29,0,10.0,1.0,done,142
455,30,0,15.0,1.0,done,341
455,31,0,5.0,1.0,done,156
455,32,0,10.0,1.0,done,180
455,33,0,10.0,1.0,done,144
455,34,0,10.0,1.0,done,46
455,35,0,15.0,1.0,done,223
455,36,0,15.0,1.0,done,123
455,37,0,5.0,1.0,done,66
455,38,0,15.0,1.0,done,191
455,39,0,10.0,1.0,done,28
455,40,0,10.0,1.0,done,89
455,41,0,15.0,1.0,done,229
455,42,0,10.0,1.0,done,257
455,43,0,5.0,1.0,done,94
455,44,0,15.0,1.0,done,18
455,45,0,5.0,1.0,done,110
455,46,0,5.0,1.0,done,31
455,47,0,15.0,1.0,done,69
455,48,0,10.0,1.0,done,135
456,0,0,10.0,1.0,done,25
456,1,10.0,10.0,0.0,pending,
456,2,0,5.0,1.0,done,21
456,3,0,10.0,1.0,done,65
456,4,0,15.0,1.0,done,367
456,5,0,10.0,1.0,done,203
456,6,0,10.0,1.0,done,205
456,7,0,10.0,1.0,done,198
456,8,0,10.0,1.0,done,47
456,9,0,10.0,1.0,done,125
456,10,0,15.0,1.0,done,168
456,11,0,5.0,1.0,done,51
456,12,0,15.0,1.0,done,17
456,13,5.0,5.0,0.0,pending,
456,14,0,10.0,1.0,done,397
456,15,0,5.0,1.0,done,30
456,16,0,5.0,1.0,done,188
456,17,0,15.0,1.0,done,43
456,18,0,10.0,1.0,done,313
456,19,0,15.0,1.0,done,135
456,20,0,15.0,1.0,done,52
456,21,0,15.0,1.0,done,53
456,22,0,5.0,1.0,done,120
456,23,0,10.0,1.0,done,37
456,24,0,5.0,1.0,done,123
456,25,0,15.0,1.0,done,233
456,26,0,5.0,1.0,done,102
456,27,0,15.0,1.0,done,60
456,28,0,10.0,1.0,done,83
456,29,0,10.0,1.0,done,142
456,30,0,15.0,1.0,done,341
456,31,0,5.0,1.0,done,156
456,32,0,10.0,1.0,done,180
456,33,0,10.0,1.0,done,144
456,34,0,10.0,1.0,done,46
456,35,0,15.0,1.0,done,223
456,36,0,15.0,1.0,done,123
456,37,0,5.0,1.0,done,66
456,38,0,15.0,1.0,done,191
456,39,0,10.0,1.0,done,28
456,40,0,10.0,1.0,done,89
456,41,0,15.0,1.0,done,229
456,42,0,10.0,1.0,done,257
456,43,0,5.0,1.0,done,94
456,44,0,15.0,1.0,done,18
456,45,0,5.0,1.0,done,110
456,46,0,5.0,1.0,done,31
456,47,0,15.0,1.0,done,69
456,48,0,10.0,1.0,done,135
457,0,0,10.0,1.0,done,25
457,1,10.0,10.0,0.0,pending,
457,2,0,5.0,1.0,done,21
457,3,0,10.0,1.0,done,65
457,4,0,15.0,1.0,done,367
457,5,0,10.0,1.0,done,203
457,6,0,10.0,1.0,done,205
457,7,0,10.0,1.0,done,198
457,8,0,10.0,1.0,done,47
457,9,0,10.0,1.0,done,125
457,10,0,15.0,1.0,done,168
457,11,0,5.0,1.0,done,51
457,12,0,15.0,1.0,done,17
457,13,5.0,5.0,0.0,pending,
457,14,0,10.0,1.0,done,397
457,15,0,5.0,1.0,done,30
457,16,0,5.0,1.0,done,188
457,17,0,15.0,1.0,done,43
457,18,0,10.0,1.0,done,313
457,19,0,15.0,1.0,done,135
457,20,0,15.0,1.0,done,52
457,21,0,15.0,1.0,done,53
457,22,0,5.0,1.0,done,120
457,23,0,10.0,1.0,done,37
457,24,0,5.0,1.0,done,123
457,25,0,15.0,1.0,done,233
457,26,0,5.0,1.0,done,102
457,27,0,15.0,1.0,done,60
457,28,0,10.0,1.0,done,83
457,29,0,10.0,1.0,done,142
457,30,0,15.0,1.0,done,341
457,31,0,5.0,1.0,done,156
457,32,0,10.0,1.0,done,180
457,33,0,10.0,1.0,done,144
457,34,0,10.0,1.0,done,46
457,35,0,15.0,1.0,done,223
457,36,0,15.0,1.0,done,123
457,37,0,5.0,1.0,done,66
457,38,0,15.0,1.0,done,191
457,39,0,10.0,1.0,done,28
457,40,0,10.0,1.0,done,89
457,41,0,15.0,1.0,done,229
457,42,0,10.0,1.0,done,257
457,43,0,5.0,1.0,done,94
457,44,0,15.0,1.0,done,18
457,45,0,5.0,1.0,done,110
457,46,0,5.0,1.0,done,31
457,47,0,15.0,1.0,done,69
457,48,0,10.0,1.0,done,135
458,0,0,10.0,1.0,done,25
458,1,10.0,10.0,0.0,pending,
458,2,0,5.0,1.0,done,21
458,3,0,10.0,1.0,done,65
458,4,0,15.0,1.0,done,367
458,5,0,10.0,1.0,done,203
458,6,0,10.0,1.0,done,205
458,7,0,10.0,1.0,done,198
458,8,0,10.0,1.0,done,47
458,9,0,10.0,1.0,done,125
458,10,0,15.0,1.0,done,168
458,11,0,5.0,1.0,done,51
458,12,0,15.0,1.0,done,17
458,13,5.0,5.0,0.0,pending,
458,14,0,10.0,1.0,done,397
458,15,0,5.0,1.0,done,30
458,16,0,5.0,1.0,done,188
458,17,0,15.0,1.0,done,43
458,18,0,10.0,1.0,done,313
458,19,0,15.0,1.0,done,135
458,20,0,15.0,1.0,done,52
458,21,0,15.0,1.0,done,53
458,22,0,5.0,1.0,done,120
458,23,0,10.0,1.0,done,37
458,24,0,5.0,1.0,done,123
458,25,0,15.0,1.0,done,233
458,26,0,5.0,1.0,done,102
458,27,0,15.0,1.0,done,60
458,28,0,10.0,1.0,done,83
458,29,0,10.0,1.0,done,142
458,30,0,15.0,1.0,done,341
458,31,0,5.0,1.0,done,156
458,32,0,10.0,1.0,done,180
458,33,0,10.0,1.0,done,144
458,34,0,10.0,1.0,done,46
458,35,0,15.0,1.0,done,223
458,36,0,15.0,1.0,done,123
458,37,0,5.0,1.0,done,66
458,38,0,15.0,1.0,done,191
458,39,0,10.0,1.0,done,28
458,40,0,10.0,1.0,done,89
458,41,0,15.0,1.0,done,229
458,42,0,10.0,1.0,done,257
458,43,0,5.0,1.0,done,94
458,44,0,15.0,1.0,done,18
458,45,0,5.0,1.0,done,110
458,46,0,5.0,1.0,done,31
458,47,0,15.0,1.0,done,69
458,48,0,10.0,1.0,done,135
459,0,0,10.0,1.0,done,25
459,1,10.0,10.0,0.0,pending,
459,2,0,5.0,1.0,done,21
459,3,0,10.0,1.0,done,65
459,4,0,15.0,1.0,done,367
459,5,0,10.0,1.0,done,203
459,6,0,10.0,1.0,done,205
459,7,0,10.0,1.0,done,198
459,8,0,10.0,1.0,done,47
459,9,0,10.0,1.0,done,125
459,10,0,15.0,1.0,done,168
459,11,0,5.0,1.0,done,51
459,12,0,15.0,1.0,done,17
459,13,5.0,5.0,0.0,pending,
459,14,0,10.0,1.0,done,397
459,15,0,5.0,1.0,done,30
459,16,0,5.0,1.0,done,188
459,17,0,15.0,1.0,done,43
459,18,0,10.0,1.0,done,313
459,19,0,15.0,1.0,done,135
459,20,0,15.0,1.0,done,52
459,21,0,15.0,1.0,done,53
459,22,0,5.0,1.0,done,120
459,23,0,10.0,1.0,done,37
459,24,0,5.0,1.0,done,123
459,25,0,15.0,1.0,done,233
459,26,0,5.0,1.0,done,102
459,27,0,15.0,1.0,done,60
459,28,0,10.0,1.0,done,83
459,29,0,10.0,1.0,done,142
459,30,0,15.0,1.0,done,341
459,31,0,5.0,1.0,done,156
459,32,0,10.0,1.0,done,180
459,33,0,10.0,1.0,done,144
459,34,0,10.0,1.0,done,46
459,35,0,15.0,1.0,done,223
459,36,0,15.0,1.0,done,123
459,37,0,5.0,1.0,done,66
459,38,0,15.0,1.0,done,191
459,39,0,10.0,1.0,done,28
459,40,0,10.0,1.0,done,89
459,41,0,15.0,1.0,done,229
459,42,0,10.0,1.0,done,257
459,43,0,5.0,1.0,done,94
459,44,0,15.0,1.0,done,18
459,45,0,5.0,1.0,done,110
459,46,0,5.0,1.0,done,31
459,47,0,15.0,1.0,done,69
459,48,0,10.0,1.0,done,135
460,0,0,10.0,1.0,done,25
460,1,10.0,10.0,0.0,pending,
460,2,0,5.0,1.0,done,21
460,3,0,10.0,1.0,done,65
460,4,0,15.0,1.0,done,367
460,5,0,10.0,1.0,done,203
460,6,0,10.0,1.0,done,205
460,7,0,10.0,1.0,done,198
460,8,0,10.0,1.0,done,47
460,9,0,10.0,1.0,done,125
460,10,0,15.0,1.0,done,168
460,11,0,5.0,1.0,done,51
460,12,0,15.0,1.0,done,17
460,13,5.0,5.0,0.0,pending,
460,14,0,10.0,1.0,done,397
460,15,0,5.0,1.0,done,30
460,16,0,5.0,1.0,done,188
460,17,0,15.0,1.0,done,43
460,18,0,10.0,1.0,done,313
460,19,0,15.0,1.0,done,135
460,20,0,15.0,1.0,done,52
460,21,0,15.0,1.0,done,53
460,22,0,5.0,1.0,done,120
460,23,0,10.0,1.0,done,37
460,24,0,5.0,1.0,done,123
460,25,0,15.0,1.0,done,233
460,26,0,5.0,1.0,done,102
460,27,0,15.0,1.0,done,60
460,28,0,10.0,1.0,done,83
460,29,0,10.0,1.0,done,142
460,30,0,15.0,1.0,done,341
460,31,0,5.0,1.0,done,156
460,32,0,10.0,1.0,done,180
460,33,0,10.0,1.0,done,144
460,34,0,10.0,1.0,done,46
460,35,0,15.0,1.0,done,223
460,36,0,15.0,1.0,done,123
460,37,0,5.0,1.0,done,66
460,38,0,15.0,1.0,done,191
460,39,0,10.0,1.0,done,28
460,40,0,10.0,1.0,done,89
460,41,0,15.0,1.0,done,229
460,42,0,10.0,1.0,done,257
460,43,0,5.0,1.0,done,94
460,44,0,15.0,1.0,done,18
460,45,0,5.0,1.0,done,110
460,46,0,5.0,1.0,done,31
460,47,0,15.0,1.0,done,69
460,48,0,10.0,1.0,done,135
461,0,0,10.0,1.0,done,25
461,1,10.0,10.0,0.0,pending,
461,2,0,5.0,1.0,done,21
461,3,0,10.0,1.0,done,65
461,4,0,15.0,1.0,done,367
461,5,0,10.0,1.0,done,203
461,6,0,10.0,1.0,done,205
461,7,0,10.0,1.0,done,198
461,8,0,10.0,1.0,done,47
461,9,0,10.0,1.0,done,125
461,10,0,15.0,1.0,done,168
461,11,0,5.0,1.0,done,51
461,12,0,15.0,1.0,done,17
461,13,5.0,5.0,0.0,pending,
461,14,0,10.0,1.0,done,397
461,15,0,5.0,1.0,done,30
461,16,0,5.0,1.0,done,188
461,17,0,15.0,1.0,done,43
461,18,0,10.0,1.0,done,313
461,19,0,15.0,1.0,done,135
461,20,0,15.0,1.0,done,52
461,21,0,15.0,1.0,done,53
461,22,0,5.0,1.0,done,120
461,23,0,10.0,1.0,done,37
461,24,0,5.0,1.0,done,123
461,25,0,15.0,1.0,done,233
461,26,0,5.0,1.0,done,102
461,27,0,15.0,1.0,done,60
461,28,0,10.0,1.0,done,83
461,29,0,10.0,1.0,done,142
461,30,0,15.0,1.0,done,341
461,31,0,5.0,1.0,done,156
461,32,0,10.0,1.0,done,180
461,33,0,10.0,1.0,done,144
461,34,0,10.0,1.0,done,46
461,35,0,15.0,1.0,done,223
461,36,0,15.0,1.0,done,123
461,37,0,5.0,1.0,done,66
461,38,0,15.0,1.0,done,191
461,39,0,10.0,1.0,done,28
461,40,0,10.0,1.0,done,89
461,41,0,15.0,1.0,done,229
461,42,0,10.0,1.0,done,257
461,43,0,5.0,1.0,done,94
461,44,0,15.0,1.0,done,18
461,45,0,5.0,1.0,done,110
461,46,0,5.0,1.0,done,31
461,47,0,15.0,1.0,done,69
461,48,0,10.0,1.0,done,135
462,0,0,10.0,1.0,done,25
462,1,10.0,10.0,0.0,pending,
462,2,0,5.0,1.0,done,21
462,3,0,10.0,1.0,done,65
462,4,0,15.0,1.0,done,367
462,5,0,10.0,1.0,done,203
462,6,0,10.0,1.0,done,205
462,7,0,10.0,1.0,done,198
462,8,0,10.0,1.0,done,47
462,9,0,10.0,1.0,done,125
462,10,0,15.0,1.0,done,168
462,11,0,5.0,1.0,done,51
462,12,0,15.0,1.0,done,17
462,13,5.0,5.0,0.0,pending,
462,14,0,10.0,1.0,done,397
462,15,0,5.0,1.0,done,30
462,16,0,5.0,1.0,done,188
462,17,0,15.0,1.0,done,43
462,18,0,10.0,1.0,done,313
462,19,0,15.0,1.0,done,135
462,20,0,15.0,1.0,done,52
462,21,0,15.0,1.0,done,53
462,22,0,5.0,1.0,done,120
462,23,0,10.0,1.0,done,37
462,24,0,5.0,1.0,done,123
462,25,0,15.0,1.0,done,233
462,26,0,5.0,1.0,done,102
462,27,0,15.0,1.0,done,60
462,28,0,10.0,1.0,done,83
462,29,0,10.0,1.0,done,142
462,30,0,15.0,1.0,done,341
462,31,0,5.0,1.0,done,156
462,32,0,10.0,1.0,done,180
462,33,0,10.0,1.0,done,144
462,34,0,10.0,1.0,done,46
462,35,0,15.0,1.0,done,223
462,36,0,15.0,1.0,done,123
462,37,0,5.0,1.0,done,66
462,38,0,15.0,1.0,done,191
462,39,0,10.0,1.0,done,28
462,40,0,10.0,1.0,done,89
462,41,0,15.0,1.0,done,229
462,42,0,10.0,1.0,done,257
462,43,0,5.0,1.0,done,94
462,44,0,15.0,1.0,done,18
462,45,0,5.0,1.0,done,110
462,46,0,5.0,1.0,done,31
462,47,0,15.0,1.0,done,69
462,48,0,10.0,1.0,done,135
463,0,0,10.0,1.0,done,25
463,1,10.0,10.0,0.0,pending,
463,2,0,5.0,1.0,done,21
463,3,0,10.0,1.0,done,65
463,4,0,15.0,1.0,done,367
463,5,0,10.0,1.0,done,203
463,6,0,10.0,1.0,done,205
463,7,0,10.0,1.0,done,198
463,8,0,10.0,1.0,done,47
463,9,0,10.0,1.0,done,125
463,10,0,15.0,1.0,done,168
463,11,0,5.0,1.0,done,51
463,12,0,15.0,1.0,done,17
463,13,5.0,5.0,0.0,pending,
463,14,0,10.0,1.0,done,397
463,15,0,5.0,1.0,done,30
463,16,0,5.0,1.0,done,188
463,17,0,15.0,1.0,done,43
463,18,0,10.0,1.0,done,313
463,19,0,15.0,1.0,done,135
463,20,0,15.0,1.0,done,52
463,21,0,15.0,1.0,done,53
463,22,0,5.0,1.0,done,120
463,23,0,10.0,1.0,done,37
463,24,0,5.0,1.0,done,123
463,25,0,15.0,1.0,done,233
463,26,0,5.0,1.0,done,102
463,27,0,15.0,1.0,done,60
463,28,0,10.0,1.0,done,83
463,29,0,10.0,1.0,done,142
463,30,0,15.0,1.0,done,341
463,31,0,5.0,1.0,done,156
463,32,0,10.0,1.0,done,180
463,33,0,10.0,1.0,done,144
463,34,0,10.0,1.0,done,46
463,35,0,15.0,1.0,done,223
463,36,0,15.0,1.0,done,123
463,37,0,5.0,1.0,done,66
463,38,0,15.0,1.0,done,191
463,39,0,10.0,1.0,done,28
463,40,0,10.0,1.0,done,89
463,41,0,15.0,1.0,done,229
463,42,0,10.0,1.0,done,257
463,43,0,5.0,1.0,done,94
463,44,0,15.0,1.0,done,18
463,45,0,5.0,1.0,done,110
463,46,0,5.0,1.0,done,31
463,47,0,15.0,1.0,done,69
463,48,0,10.0,1.0,done,135
464,0,0,10.0,1.0,done,25
464,1,10.0,10.0,0.0,pending,
464,2,0,5.0,1.0,done,21
464,3,0,10.0,1.0,done,65
464,4,0,15.0,1.0,done,367
464,5,0,10.0,1.0,done,203
464,6,0,10.0,1.0,done,205
464,7,0,10.0,1.0,done,198
464,8,0,10.0,1.0,done,47
464,9,0,10.0,1.0,done,125
464,10,0,15.0,1.0,done,168
464,11,0,5.0,1.0,done,51
464,12,0,15.0,1.0,done,17
464,13,5.0,5.0,0.0,pending,
464,14,0,10.0,1.0,done,397
464,15,0,5.0,1.0,done,30
464,16,0,5.0,1.0,done,188
464,17,0,15.0,1.0,done,43
464,18,0,10.0,1.0,done,313
464,19,0,15.0,1.0,done,135
464,20,0,15.0,1.0,done,52
464,21,0,15.0,1.0,done,53
464,22,0,5.0,1.0,done,120
464,23,0,10.0,1.0,done,37
464,24,0,5.0,1.0,done,123
464,25,0,15.0,1.0,done,233
464,26,0,5.0,1.0,done,102
464,27,0,15.0,1.0,done,60
464,28,0,10.0,1.0,done,83
464,29,0,10.0,1.0,done,142
464,30,0,15.0,1.0,done,341
464,31,0,5.0,1.0,done,156
464,32,0,10.0,1.0,done,180
464,33,0,10.0,1.0,done,144
464,34,0,10.0,1.0,done,46
464,35,0,15.0,1.0,done,223
464,36,0,15.0,1.0,done,123
464,37,0,5.0,1.0,done,66
464,38,0,15.0,1.0,done,191
464,39,0,10.0,1.0,done,28
464,40,0,10.0,1.0,done,89
464,41,0,15.0,1.0,done,229
464,42,0,10.0,1.0,done,257
464,43,0,5.0,1.0,done,94
464,44,0,15.0,1.0,done,18
464,45,0,5.0,1.0,done,110
464,46,0,5.0,1.0,done,31
464,47,0,15.0,1.0,done,69
464,48,0,10.0,1.0,done,135
465,0,0,10.0,1.0,done,25
465,1,10.0,10.0,0.0,pending,
465,2,0,5.0,1.0,done,21
465,3,0,10.0,1.0,done,65
465,4,0,15.0,1.0,done,367
465,5,0,10.0,1.0,done,203
465,6,0,10.0,1.0,done,205
465,7,0,10.0,1.0,done,198
465,8,0,10.0,1.0,done,47
465,9,0,10.0,1.0,done,125
465,10,0,15.0,1.0,done,168
465,11,0,5.0,1.0,done,51
465,12,0,15.0,1.0,done,17
465,13,5.0,5.0,0.0,pending,
465,14,0,10.0,1.0,done,397
465,15,0,5.0,1.0,done,30
465,16,0,5.0,1.0,done,188
465,17,0,15.0,1.0,done,43
465,18,0,10.0,1.0,done,313
465,19,0,15.0,1.0,done,135
465,20,0,15.0,1.0,done,52
465,21,0,15.0,1.0,done,53
465,22,0,5.0,1.0,done,120
465,23,0,10.0,1.0,done,37
465,24,0,5.0,1.0,done,123
465,25,0,15.0,1.0,done,233
465,26,0,5.0,1.0,done,102
465,27,0,15.0,1.0,done,60
465,28,0,10.0,1.0,done,83
465,29,0,10.0,1.0,done,142
465,30,0,15.0,1.0,done,341
465,31,0,5.0,1.0,done,156
465,32,0,10.0,1.0,done,180
465,33,0,10.0,1.0,done,144
465,34,0,10.0,1.0,done,46
465,35,0,15.0,1.0,done,223
465,36,0,15.0,1.0,done,123
465,37,0,5.0,1.0,done,66
465,38,0,15.0,1.0,done,191
465,39,0,10.0,1.0,done,28
465,40,0,10.0,1.0,done,89
465,41,0,15.0,1.0,done,229
465,42,0,10.0,1.0,done,257
465,43,0,5.0,1.0,done,94
465,44,0,15.0,1.0,done,18
465,45,0,5.0,1.0,done,110
465,46,0,5.0,1.0,done,31
465,47,0,15.0,1.0,done,69
465,48,0,10.0,1.0,done,135
466,0,0,10.0,1.0,done,25
466,1,10.0,10.0,0.0,pending,
466,2,0,5.0,1.0,done,21
466,3,0,10.0,1.0,done,65
466,4,0,15.0,1.0,done,367
466,5,0,10.0,1.0,done,203
466,6,0,10.0,1.0,done,205
466,7,0,10.0,1.0,done,198
466,8,0,10.0,1.0,done,47
466,9,0,10.0,1.0,done,125
466,10,0,15.0,1.0,done,168
466,11,0,5.0,1.0,done,51
466,12,0,15.0,1.0,done,17
466,13,5.0,5.0,0.0,pending,
466,14,0,10.0,1.0,done,397
466,15,0,5.0,1.0,done,30
466,16,0,5.0,1.0,done,188
466,17,0,15.0,1.0,done,43
466,18,0,10.0,1.0,done,313
466,19,0,15.0,1.0,done,135
466,20,0,15.0,1.0,done,52
466,21,0,15.0,1.0,done,53
466,22,0,5.0,1.0,done,120
466,23,0,10.0,1.0,done,37
466,24,0,5.0,1.0,done,123
466,25,0,15.0,1.0,done,233
466,26,0,5.0,1.0,done,102
466,27,0,15.0,1.0,done,60
466,28,0,10.0,1.0,done,83
466,29,0,10.0,1.0,done,142
466,30,0,15.0,1.0,done,341
466,31,0,5.0,1.0,done,156
466,32,0,10.0,1.0,done,180
466,33,0,10.0,1.0,done,144
466,34,0,10.0,1.0,done,46
466,35,0,15.0,1.0,done,223
466,36,0,15.0,1.0,done,123
466,37,0,5.0,1.0,done,66
466,38,0,15.0,1.0,done,191
466,39,0,10.0,1.0,done,28
466,40,0,10.0,1.0,done,89
466,41,0,15.0,1.0,done,229
466,42,0,10.0,1.0,done,257
466,43,0,5.0,1.0,done,94
466,44,0,15.0,1.0,done,18
466,45,0,5.0,1.0,done,110
466,46,0,5.0,1.0,done,31
466,47,0,15.0,1.0,done,69
466,48,0,10.0,1.0,done,135
467,0,0,10.0,1.0,done,25
467,1,10.0,10.0,0.0,pending,
467,2,0,5.0,1.0,done,21
467,3,0,10.0,1.0,done,65
467,4,0,15.0,1.0,done,367
467,5,0,10.0,1.0,done,203
467,6,0,10.0,1.0,done,205
467,7,0,10.0,1.0,done,198
467,8,0,10.0,1.0,done,47
467,9,0,10.0,1.0,done,125
467,10,0,15.0,1.0,done,168
467,11,0,5.0,1.0,done,51
467,12,0,15.0,1.0,done,17
467,13,5.0,5.0,0.0,pending,
467,14,0,10.0,1.0,done,397
467,15,0,5.0,1.0,done,30
467,16,0,5.0,1.0,done,188
467,17,0,15.0,1.0,done,43
467,18,0,10.0,1.0,done,313
467,19,0,15.0,1.0,done,135
467,20,0,15.0,1.0,done,52
467,21,0,15.0,1.0,done,53
467,22,0,5.0,1.0,done,120
467,23,0,10.0,1.0,done,37
467,24,0,5.0,1.0,done,123
467,25,0,15.0,1.0,done,233
467,26,0,5.0,1.0,done,102
467,27,0,15.0,1.0,done,60
467,28,0,10.0,1.0,done,83
467,29,0,10.0,1.0,done,142
467,30,0,15.0,1.0,done,341
467,31,0,5.0,1.0,done,156
467,32,0,10.0,1.0,done,180
467,33,0,10.0,1.0,done,144
467,34,0,10.0,1.0,done,46
467,35,0,15.0,1.0,done,223
467,36,0,15.0,1.0,done,123
467,37,0,5.0,1.0,done,66
467,38,0,15.0,1.0,done,191
467,39,0,10.0,1.0,done,28
467,40,0,10.0,1.0,done,89
467,41,0,15.0,1.0,done,229
467,42,0,10.0,1.0,done,257
467,43,0,5.0,1.0,done,94
467,44,0,15.0,1.0,done,18
467,45,0,5.0,1.0,done,110
467,46,0,5.0,1.0,done,31
467,47,0,15.0,1.0,done,69
467,48,0,10.0,1.0,done,135
468,0,0,10.0,1.0,done,25
468,1,10.0,10.0,0.0,pending,
468,2,0,5.0,1.0,done,21
468,3,0,10.0,1.0,done,65
468,4,0,15.0,1.0,done,367
468,5,0,10.0,1.0,done,203
468,6,0,10.0,1.0,done,205
468,7,0,10.0,1.0,done,198
468,8,0,10.0,1.0,done,47
468,9,0,10.0,1.0,done,125
468,10,0,15.0,1.0,done,168
468,11,0,5.0,1.0,done,51
468,12,0,15.0,1.0,done,17
468,13,5.0,5.0,0.0,pending,
468,14,0,10.0,1.0,done,397
468,15,0,5.0,1.0,done,30
468,16,0,5.0,1.0,done,188
468,17,0,15.0,1.0,done,43
468,18,0,10.0,1.0,done,313
468,19,0,15.0,1.0,done,135
468,20,0,15.0,1.0,done,52
468,21,0,15.0,1.0,done,53
468,22,0,5.0,1.0,done,120
468,23,0,10.0,1.0,done,37
468,24,0,5.0,1.0,done,123
468,25,0,15.0,1.0,done,233
468,26,0,5.0,1.0,done,102
468,27,0,15.0,1.0,done,60
468,28,0,10.0,1.0,done,83
468,29,0,10.0,1.0,done,142
468,30,0,15.0,1.0,done,341
468,31,0,5.0,1.0,done,156
468,32,0,10.0,1.0,done,180
468,33,0,10.0,1.0,done,144
468,34,0,10.0,1.0,done,46
468,35,0,15.0,1.0,done,223
468,36,0,15.0,1.0,done,123
468,37,0,5.0,1.0,done,66
468,38,0,15.0,1.0,done,191
468,39,0,10.0,1.0,done,28
468,40,0,10.0,1.0,done,89
468,41,0,15.0,1.0,done,229
468,42,0,10.0,1.0,done,257
468,43,0,5.0,1.0,done,94
468,44,0,15.0,1.0,done,18
468,45,0,5.0,1.0,done,110
468,46,0,5.0,1.0,done,31
468,47,0,15.0,1.0,done,69
468,48,0,10.0,1.0,done,135
469,0,0,10.0,1.0,done,25
469,1,10.0,10.0,0.0,pending,
469,2,0,5.0,1.0,done,21
469,3,0,10.0,1.0,done,65
469,4,0,15.0,1.0,done,367
469,5,0,10.0,1.0,done,203
469,6,0,10.0,1.0,done,205
469,7,0,10.0,1.0,done,198
469,8,0,10.0,1.0,done,47
469,9,0,10.0,1.0,done,125
469,10,0,15.0,1.0,done,168
469,11,0,5.0,1.0,done,51
469,12,0,15.0,1.0,done,17
469,13,5.0,5.0,0.0,pending,
469,14,0,10.0,1.0,done,397
469,15,0,5.0,1.0,done,30
469,16,0,5.0,1.0,done,188
469,17,0,15.0,1.0,done,43
469,18,0,10.0,1.0,done,313
469,19,0,15.0,1.0,done,135
469,20,0,15.0,1.0,done,52
469,21,0,15.0,1.0,done,53
469,22,0,5.0,1.0,done,120
469,23,0,10.0,1.0,done,37
469,24,0,5.0,1.0,done,123
469,25,0,15.0,1.0,done,233
469,26,0,5.0,1.0,done,102
469,27,0,15.0,1.0,done,60
469,28,0,10.0,1.0,done,83
469,29,0,10.0,1.0,done,142
469,30,0,15.0,1.0,done,341
469,31,0,5.0,1.0,done,156
469,32,0,10.0,1.0,done,180
469,33,0,10.0,1.0,done,144
469,34,0,10.0,1.0,done,46
469,35,0,15.0,1.0,done,223
469,36,0,15.0,1.0,done,123
469,37,0,5.0,1.0,done,66
469,38,0,15.0,1.0,done,191
469,39,0,10.0,1.0,done,28
469,40,0,10.0,1.0,done,89
469,41,0,15.0,1.0,done,229
469,42,0,10.0,1.0,done,257
469,43,0,5.0,1.0,done,94
469,44,0,15.0,1.0,done,18
469,45,0,5.0,1.0,done,110
469,46,0,5.0,1.0,done,31
469,47,0,15.0,1.0,done,69
469,48,0,10.0,1.0,done,135
470,0,0,10.0,1.0,done,25
470,1,10.0,10.0,0.0,pending,
470,2,0,5.0,1.0,done,21
470,3,0,10.0,1.0,done,65
470,4,0,15.0,1.0,done,367
470,5,0,10.0,1.0,done,203
470,6,0,10.0,1.0,done,205
470,7,0,10.0,1.0,done,198
470,8,0,10.0,1.0,done,47
470,9,0,10.0,1.0,done,125
470,10,0,15.0,1.0,done,168
470,11,0,5.0,1.0,done,51
470,12,0,15.0,1.0,done,17
470,13,5.0,5.0,0.0,pending,
470,14,0,10.0,1.0,done,397
470,15,0,5.0,1.0,done,30
470,16,0,5.0,1.0,done,188
470,17,0,15.0,1.0,done,43
470,18,0,10.0,1.0,done,313
470,19,0,15.0,1.0,done,135
470,20,0,15.0,1.0,done,52
470,21,0,15.0,1.0,done,53
470,22,0,5.0,1.0,done,120
470,23,0,10.0,1.0,done,37
470,24,0,5.0,1.0,done,123
470,25,0,15.0,1.0,done,233
470,26,0,5.0,1.0,done,102
470,27,0,15.0,1.0,done,60
470,28,0,10.0,1.0,done,83
470,29,0,10.0,1.0,done,142
470,30,0,15.0,1.0,done,341
470,31,0,5.0,1.0,done,156
470,32,0,10.0,1.0,done,180
470,33,0,10.0,1.0,done,144
470,34,0,10.0,1.0,done,46
470,35,0,15.0,1.0,done,223
470,36,0,15.0,1.0,done,123
470,37,0,5.0,1.0,done,66
470,38,0,15.0,1.0,done,191
470,39,0,10.0,1.0,done,28
470,40,0,10.0,1.0,done,89
470,41,0,15.0,1.0,done,229
470,42,0,10.0,1.0,done,257
470,43,0,5.0,1.0,done,94
470,44,0,15.0,1.0,done,18
470,45,0,5.0,1.0,done,110
470,46,0,5.0,1.0,done,31
470,47,0,15.0,1.0,done,69
470,48,0,10.0,1.0,done,135
471,0,0,10.0,1.0,done,25
471,1,10.0,10.0,0.0,pending,
471,2,0,5.0,1.0,done,21
471,3,0,10.0,1.0,done,65
471,4,0,15.0,1.0,done,367
471,5,0,10.0,1.0,done,203
471,6,0,10.0,1.0,done,205
471,7,0,10.0,1.0,done,198
471,8,0,10.0,1.0,done,47
471,9,0,10.0,1.0,done,125
471,10,0,15.0,1.0,done,168
471,11,0,5.0,1.0,done,51
471,12,0,15.0,1.0,done,17
471,13,5.0,5.0,0.0,pending,
471,14,0,10.0,1.0,done,397
471,15,0,5.0,1.0,done,30
471,16,0,5.0,1.0,done,188
471,17,0,15.0,1.0,done,43
471,18,0,10.0,1.0,done,313
471,19,0,15.0,1.0,done,135
471,20,0,15.0,1.0,done,52
471,21,0,15.0,1.0,done,53
471,22,0,5.0,1.0,done,120
471,23,0,10.0,1.0,done,37
471,24,0,5.0,1.0,done,123
471,25,0,15.0,1.0,done,233
471,26,0,5.0,1.0,done,102
471,27,0,15.0,1.0,done,60
471,28,0,10.0,1.0,done,83
471,29,0,10.0,1.0,done,142
471,30,0,15.0,1.0,done,341
471,31,0,5.0,1.0,done,156
471,32,0,10.0,1.0,done,180
471,33,0,10.0,1.0,done,144
471,34,0,10.0,1.0,done,46
471,35,0,15.0,1.0,done,223
471,36,0,15.0,1.0,done,123
471,37,0,5.0,1.0,done,66
471,38,0,15.0,1.0,done,191
471,39,0,10.0,1.0,done,28
471,40,0,10.0,1.0,done,89
471,41,0,15.0,1.0,done,229
471,42,0,10.0,1.0,done,257
471,43,0,5.0,1.0,done,94
471,44,0,15.0,1.0,done,18
471,45,0,5.0,1.0,done,110
471,46,0,5.0,1.0,done,31
471,47,0,15.0,1.0,done,69
471,48,0,10.0,1.0,done,135
472,0,0,10.0,1.0,done,25
472,1,10.0,10.0,0.0,pending,
472,2,0,5.0,1.0,done,21
472,3,0,10.0,1.0,done,65
472,4,0,15.0,1.0,done,367
472,5,0,10.0,1.0,done,203
472,6,0,10.0,1.0,done,205
472,7,0,10.0,1.0,done,198
472,8,0,10.0,1.0,done,47
472,9,0,10.0,1.0,done,125
472,10,0,15.0,1.0,done,168
472,11,0,5.0,1.0,done,51
472,12,0,15.0,1.0,done,17
472,13,5.0,5.0,0.0,pending,
472,14,0,10.0,1.0,done,397
472,15,0,5.0,1.0,done,30
472,16,0,5.0,1.0,done,188
472,17,0,15.0,1.0,done,43
472,18,0,10.0,1.0,done,313
472,19,0,15.0,1.0,done,135
472,20,0,15.0,1.0,done,52
472,21,0,15.0,1.0,done,53
472,22,0,5.0,1.0,done,120
472,23,0,10.0,1.0,done,37
472,24,0,5.0,1.0,done,123
472,25,0,15.0,1.0,done,233
472,26,0,5.0,1.0,done,102
472,27,0,15.0,1.0,done,60
472,28,0,10.0,1.0,done,83
472,29,0,10.0,1.0,done,142
472,30,0,15.0,1.0,done,341
472,31,0,5.0,1.0,done,156
472,32,0,10.0,1.0,done,180
472,33,0,10.0,1.0,done,144
472,34,0,10.0,1.0,done,46
472,35,0,15.0,1.0,done,223
472,36,0,15.0,1.0,done,123
472,37,0,5.0,1.0,done,66
472,38,0,15.0,1.0,done,191
472,39,0,10.0,1.0,done,28
472,40,0,10.0,1.0,done,89
472,41,0,15.0,1.0,done,229
472,42,0,10.0,1.0,done,257
472,43,0,5.0,1.0,done,94
472,44,0,15.0,1.0,done,18
472,45,0,5.0,1.0,done,110
472,46,0,5.0,1.0,done,31
472,47,0,15.0,1.0,done,69
472,48,0,10.0,1.0,done,135
473,0,0,10.0,1.0,done,25
473,1,10.0,10.0,0.0,pending,
473,2,0,5.0,1.0,done,21
473,3,0,10.0,1.0,done,65
473,4,0,15.0,1.0,done,367
473,5,0,10.0,1.0,done,203
473,6,0,10.0,1.0,done,205
473,7,0,10.0,1.0,done,198
473,8,0,10.0,1.0,done,47
473,9,0,10.0,1.0,done,125
473,10,0,15.0,1.0,done,168
473,11,0,5.0,1.0,done,51
473,12,0,15.0,1.0,done,17
473,13,5.0,5.0,0.0,pending,
473,14,0,10.0,1.0,done,397
473,15,0,5.0,1.0,done,30
473,16,0,5.0,1.0,done,188
473,17,0,15.0,1.0,done,43
473,18,0,10.0,1.0,done,313
473,19,0,15.0,1.0,done,135
473,20,0,15.0,1.0,done,52
473,21,0,15.0,1.0,done,53
473,22,0,5.0,1.0,done,120
473,23,0,10.0,1.0,done,37
473,24,0,5.0,1.0,done,123
473,25,0,15.0,1.0,done,233
473,26,0,5.0,1.0,done,102
473,27,0,15.0,1.0,done,60
473,28,0,10.0,1.0,done,83
473,29,0,10.0,1.0,done,142
473,30,0,15.0,1.0,done,341
473,31,0,5.0,1.0,done,156
473,32,0,10.0,1.0,done,180
473,33,0,10.0,1.0,done,144
473,34,0,10.0,1.0,done,46
473,35,0,15.0,1.0,done,223
473,36,0,15.0,1.0,done,123
473,37,0,5.0,1.0,done,66
473,38,0,15.0,1.0,done,191
473,39,0,10.0,1.0,done,28
473,40,0,10.0,1.0,done,89
473,41,0,15.0,1.0,done,229
473,42,0,10.0,1.0,done,257
473,43,0,5.0,1.0,done,94
473,44,0,15.0,1.0,done,18
473,45,0,5.0,1.0,done,110
473,46,0,5.0,1.0,done,31
473,47,0,15.0,1.0,done,69
473,48,0,10.0,1.0,done,135
474,0,0,10.0,1.0,done,25
474,1,10.0,10.0,0.0,pending,
474,2,0,5.0,1.0,done,21
474,3,0,10.0,1.0,done,65
474,4,0,15.0,1.0,done,367
474,5,0,10.0,1.0,done,203
474,6,0,10.0,1.0,done,205
474,7,0,10.0,1.0,done,198
474,8,0,10.0,1.0,done,47
474,9,0,10.0,1.0,done,125
474,10,0,15.0,1.0,done,168
474,11,0,5.0,1.0,done,51
474,12,0,15.0,1.0,done,17
474,13,5.0,5.0,0.0,pending,
474,14,0,10.0,1.0,done,397
474,15,0,5.0,1.0,done,30
474,16,0,5.0,1.0,done,188
474,17,0,15.0,1.0,done,43
474,18,0,10.0,1.0,done,313
474,19,0,15.0,1.0,done,135
474,20,0,15.0,1.0,done,52
474,21,0,15.0,1.0,done,53
474,22,0,5.0,1.0,done,120
474,23,0,10.0,1.0,done,37
474,24,0,5.0,1.0,done,123
474,25,0,15.0,1.0,done,233
474,26,0,5.0,1.0,done,102
474,27,0,15.0,1.0,done,60
474,28,0,10.0,1.0,done,83
474,29,0,10.0,1.0,done,142
474,30,0,15.0,1.0,done,341
474,31,0,5.0,1.0,done,156
474,32,0,10.0,1.0,done,180
474,33,0,10.0,1.0,done,144
474,34,0,10.0,1.0,done,46
474,35,0,15.0,1.0,done,223
474,36,0,15.0,1.0,done,123
474,37,0,5.0,1.0,done,66
474,38,0,15.0,1.0,done,191
474,39,0,10.0,1.0,done,28
474,40,0,10.0,1.0,done,89
474,41,0,15.0,1.0,done,229
474,42,0,10.0,1.0,done,257
474,43,0,5.0,1.0,done,94
474,44,0,15.0,1.0,done,18
474,45,0,5.0,1.0,done,110
474,46,0,5.0,1.0,done,31
474,47,0,15.0,1.0,done,69
474,48,0,10.0,1.0,done,135
475,0,0,10.0,1.0,done,25
475,1,10.0,10.0,0.0,pending,
475,2,0,5.0,1.0,done,21
475,3,0,10.0,1.0,done,65
475,4,0,15.0,1.0,done,367
475,5,0,10.0,1.0,done,203
475,6,0,10.0,1.0,done,205
475,7,0,10.0,1.0,done,198
475,8,0,10.0,1.0,done,47
475,9,0,10.0,1.0,done,125
475,10,0,15.0,1.0,done,168
475,11,0,5.0,1.0,done,51
475,12,0,15.0,1.0,done,17
475,13,5.0,5.0,0.0,pending,
475,14,0,10.0,1.0,done,397
475,15,0,5.0,1.0,done,30
475,16,0,5.0,1.0,done,188
475,17,0,15.0,1.0,done,43
475,18,0,10.0,1.0,done,313
475,19,0,15.0,1.0,done,135
475,20,0,15.0,1.0,done,52
475,21,0,15.0,1.0,done,53
475,22,0,5.0,1.0,done,120
475,23,0,10.0,1.0,done,37
475,24,0,5.0,1.0,done,123
475,25,0,15.0,1.0,done,233
475,26,0,5.0,1.0,done,102
475,27,0,15.0,1.0,done,60
475,28,0,10.0,1.0,done,83
475,29,0,10.0,1.0,done,142
475,30,0,15.0,1.0,done,341
475,31,0,5.0,1.0,done,156
475,32,0,10.0,1.0,done,180
475,33,0,10.0,1.0,done,144
475,34,0,10.0,1.0,done,46
475,35,0,15.0,1.0,done,223
475,36,0,15.0,1.0,done,123
475,37,0,5.0,1.0,done,66
475,38,0,15.0,1.0,done,191
475,39,0,10.0,1.0,done,28
475,40,0,10.0,1.0,done,89
475,41,0,15.0,1.0,done,229
475,42,0,10.0,1.0,done,257
475,43,0,5.0,1.0,done,94
475,44,0,15.0,1.0,done,18
475,45,0,5.0,1.0,done,110
475,46,0,5.0,1.0,done,31
475,47,0,15.0,1.0,done,69
475,48,0,10.0,1.0,done,135
476,0,0,10.0,1.0,done,25
476,1,10.0,10.0,0.0,pending,
476,2,0,5.0,1.0,done,21
476,3,0,10.0,1.0,done,65
476,4,0,15.0,1.0,done,367
476,5,0,10.0,1.0,done,203
476,6,0,10.0,1.0,done,205
476,7,0,10.0,1.0,done,198
476,8,0,10.0,1.0,done,47
476,9,0,10.0,1.0,done,125
476,10,0,15.0,1.0,done,168
476,11,0,5.0,1.0,done,51
476,12,0,15.0,1.0,done,17
476,13,5.0,5.0,0.0,pending,
476,14,0,10.0,1.0,done,397
476,15,0,5.0,1.0,done,30
476,16,0,5.0,1.0,done,188
476,17,0,15.0,1.0,done,43
476,18,0,10.0,1.0,done,313
476,19,0,15.0,1.0,done,135
476,20,0,15.0,1.0,done,52
476,21,0,15.0,1.0,done,53
476,22,0,5.0,1.0,done,120
476,23,0,10.0,1.0,done,37
476,24,0,5.0,1.0,done,123
476,25,0,15.0,1.0,done,233
476,26,0,5.0,1.0,done,102
476,27,0,15.0,1.0,done,60
476,28,0,10.0,1.0,done,83
476,29,0,10.0,1.0,done,142
476,30,0,15.0,1.0,done,341
476,31,0,5.0,1.0,done,156
476,32,0,10.0,1.0,done,180
476,33,0,10.0,1.0,done,144
476,34,0,10.0,1.0,done,46
476,35,0,15.0,1.0,done,223
476,36,0,15.0,1.0,done,123
476,37,0,5.0,1.0,done,66
476,38,0,15.0,1.0,done,191
476,39,0,10.0,1.0,done,28
476,40,0,10.0,1.0,done,89
476,41,0,15.0,1.0,done,229
476,42,0,10.0,1.0,done,257
476,43,0,5.0,1.0,done,94
476,44,0,15.0,1.0,done,18
476,45,0,5.0,1.0,done,110
476,46,0,5.0,1.0,done,31
476,47,0,15.0,1.0,done,69
476,48,0,10.0,1.0,done,135
477,0,0,10.0,1.0,done,25
477,1,10.0,10.0,0.0,pending,
477,2,0,5.0,1.0,done,21
477,3,0,10.0,1.0,done,65
477,4,0,15.0,1.0,done,367
477,5,0,10.0,1.0,done,203
477,6,0,10.0,1.0,done,205
477,7,0,10.0,1.0,done,198
477,8,0,10.0,1.0,done,47
477,9,0,10.0,1.0,done,125
477,10,0,15.0,1.0,done,168
477,11,0,5.0,1.0,done,51
477,12,0,15.0,1.0,done,17
477,13,5.0,5.0,0.0,pending,
477,14,0,10.0,1.0,done,397
477,15,0,5.0,1.0,done,30
477,16,0,5.0,1.0,done,188
477,17,0,15.0,1.0,done,43
477,18,0,10.0,1.0,done,313
477,19,0,15.0,1.0,done,135
477,20,0,15.0,1.0,done,52
477,21,0,15.0,1.0,done,53
477,22,0,5.0,1.0,done,120
477,23,0,10.0,1.0,done,37
477,24,0,5.0,1.0,done,123
477,25,0,15.0,1.0,done,233
477,26,0,5.0,1.0,done,102
477,27,0,15.0,1.0,done,60
477,28,0,10.0,1.0,done,83
477,29,0,10.0,1.0,done,142
477,30,0,15.0,1.0,done,341
477,31,0,5.0,1.0,done,156
477,32,0,10.0,1.0,done,180
477,33,0,10.0,1.0,done,144
477,34,0,10.0,1.0,done,46
477,35,0,15.0,1.0,done,223
477,36,0,15.0,1.0,done,123
477,37,0,5.0,1.0,done,66
477,38,0,15.0,1.0,done,191
477,39,0,10.0,1.0,done,28
477,40,0,10.0,1.0,done,89
477,41,0,15.0,1.0,done,229
477,42,0,10.0,1.0,done,257
477,43,0,5.0,1.0,done,94
477,44,0,15.0,1.0,done,18
477,45,0,5.0,1.0,done,110
477,46,0,5.0,1.0,done,31
477,47,0,15.0,1.0,done,69
477,48,0,10.0,1.0,done,135
478,0,0,10.0,1.0,done,25
478,1,10.0,10.0,0.0,pending,
478,2,0,5.0,1.0,done,21
478,3,0,10.0,1.0,done,65
478,4,0,15.0,1.0,done,367
478,5,0,10.0,1.0,done,203
478,6,0,10.0,1.0,done,205
478,7,0,10.0,1.0,done,198
478,8,0,10.0,1.0,done,47
478,9,0,10.0,1.0,done,125
478,10,0,15.0,1.0,done,168
478,11,0,5.0,1.0,done,51
478,12,0,15.0,1.0,done,17
478,13,5.0,5.0,0.0,pending,
478,14,0,10.0,1.0,done,397
478,15,0,5.0,1.0,done,30
478,16,0,5.0,1.0,done,188
478,17,0,15.0,1.0,done,43
478,18,0,10.0,1.0,done,313
478,19,0,15.0,1.0,done,135
478,20,0,15.0,1.0,done,52
478,21,0,15.0,1.0,done,53
478,22,0,5.0,1.0,done,120
478,23,0,10.0,1.0,done,37
478,24,0,5.0,1.0,done,123
478,25,0,15.0,1.0,done,233
478,26,0,5.0,1.0,done,102
478,27,0,15.0,1.0,done,60
478,28,0,10.0,1.0,done,83
478,29,0,10.0,1.0,done,142
478,30,0,15.0,1.0,done,341
478,31,0,5.0,1.0,done,156
478,32,0,10.0,1.0,done,180
478,33,0,10.0,1.0,done,144
478,34,0,10.0,1.0,done,46
478,35,0,15.0,1.0,done,223
478,36,0,15.0,1.0,done,123
478,37,0,5.0,1.0,done,66
478,38,0,15.0,1.0,done,191
478,39,0,10.0,1.0,done,28
478,40,0,10.0,1.0,done,89
478,41,0,15.0,1.0,done,229
478,42,0,10.0,1.0,done,257
478,43,0,5.0,1.0,done,94
478,44,0,15.0,1.0,done,18
478,45,0,5.0,1.0,done,110
478,46,0,5.0,1.0,done,31
478,47,0,15.0,1.0,done,69
478,48,0,10.0,1.0,done,135
479,0,0,10.0,1.0,done,25
479,1,10.0,10.0,0.0,pending,
479,2,0,5.0,1.0,done,21
479,3,0,10.0,1.0,done,65
479,4,0,15.0,1.0,done,367
479,5,0,10.0,1.0,done,203
479,6,0,10.0,1.0,done,205
479,7,0,10.0,1.0,done,198
479,8,0,10.0,1.0,done,47
479,9,0,10.0,1.0,done,125
479,10,0,15.0,1.0,done,168
479,11,0,5.0,1.0,done,51
479,12,0,15.0,1.0,done,17
479,13,5.0,5.0,0.0,pending,
479,14,0,10.0,1.0,done,397
479,15,0,5.0,1.0,done,30
479,16,0,5.0,1.0,done,188
479,17,0,15.0,1.0,done,43
479,18,0,10.0,1.0,done,313
479,19,0,15.0,1.0,done,135
479,20,0,15.0,1.0,done,52
479,21,0,15.0,1.0,done,53
479,22,0,5.0,1.0,done,120
479,23,0,10.0,1.0,done,37
479,24,0,5.0,1.0,done,123
479,25,0,15.0,1.0,done,233
479,26,0,5.0,1.0,done,102
479,27,0,15.0,1.0,done,60
479,28,0,10.0,1.0,done,83
479,29,0,10.0,1.0,done,142
479,30,0,15.0,1.0,done,341
479,31,0,5.0,1.0,done,156
479,32,0,10.0,1.0,done,180
479,33,0,10.0,1.0,done,144
479,34,0,10.0,1.0,done,46
479,35,0,15.0,1.0,done,223
479,36,0,15.0,1.0,done,123
479,37,0,5.0,1.0,done,66
479,38,0,15.0,1.0,done,191
479,39,0,10.0,1.0,done,28
479,40,0,10.0,1.0,done,89
479,41,0,15.0,1.0,done,229
479,42,0,10.0,1.0,done,257
479,43,0,5.0,1.0,done,94
479,44,0,15.0,1.0,done,18
479,45,0,5.0,1.0,done,110
479,46,0,5.0,1.0,done,31
479,47,0,15.0,1.0,done,69
479,48,0,10.0,1.0,done,135
480,0,0,10.0,1.0,done,25
480,1,10.0,10.0,0.0,pending,
480,2,0,5.0,1.0,done,21
480,3,0,10.0,1.0,done,65
480,4,0,15.0,1.0,done,367
480,5,0,10.0,1.0,done,203
480,6,0,10.0,1.0,done,205
480,7,0,10.0,1.0,done,198
480,8,0,10.0,1.0,done,47
480,9,0,10.0,1.0,done,125
480,10,0,15.0,1.0,done,168
480,11,0,5.0,1.0,done,51
480,12,0,15.0,1.0,done,17
480,13,5.0,5.0,0.0,pending,
480,14,0,10.0,1.0,done,397
480,15,0,5.0,1.0,done,30
480,16,0,5.0,1.0,done,188
480,17,0,15.0,1.0,done,43
480,18,0,10.0,1.0,done,313
480,19,0,15.0,1.0,done,135
480,20,0,15.0,1.0,done,52
480,21,0,15.0,1.0,done,53
480,22,0,5.0,1.0,done,120
480,23,0,10.0,1.0,done,37
480,24,0,5.0,1.0,done,123
480,25,0,15.0,1.0,done,233
480,26,0,5.0,1.0,done,102
480,27,0,15.0,1.0,done,60
480,28,0,10.0,1.0,done,83
480,29,0,10.0,1.0,done,142
480,30,0,15.0,1.0,done,341
480,31,0,5.0,1.0,done,156
480,32,0,10.0,1.0,done,180
480,33,0,10.0,1.0,done,144
480,34,0,10.0,1.0,done,46
480,35,0,15.0,1.0,done,223
480,36,0,15.0,1.0,done,123
480,37,0,5.0,1.0,done,66
480,38,0,15.0,1.0,done,191
480,39,0,10.0,1.0,done,28
480,40,0,10.0,1.0,done,89
480,41,0,15.0,1.0,done,229
480,42,0,10.0,1.0,done,257
480,43,0,5.0,1.0,done,94
480,44,0,15.0,1.0,done,18
480,45,0,5.0,1.0,done,110
480,46,0,5.0,1.0,done,31
480,47,0,15.0,1.0,done,69
480,48,0,10.0,1.0,done,135
481,0,0,10.0,1.0,done,25
481,1,10.0,10.0,0.0,pending,
481,2,0,5.0,1.0,done,21
481,3,0,10.0,1.0,done,65
481,4,0,15.0,1.0,done,367
481,5,0,10.0,1.0,done,203
481,6,0,10.0,1.0,done,205
481,7,0,10.0,1.0,done,198
481,8,0,10.0,1.0,done,47
481,9,0,10.0,1.0,done,125
481,10,0,15.0,1.0,done,168
481,11,0,5.0,1.0,done,51
481,12,0,15.0,1.0,done,17
481,13,5.0,5.0,0.0,pending,
481,14,0,10.0,1.0,done,397
481,15,0,5.0,1.0,done,30
481,16,0,5.0,1.0,done,188
481,17,0,15.0,1.0,done,43
481,18,0,10.0,1.0,done,313
481,19,0,15.0,1.0,done,135
481,20,0,15.0,1.0,done,52
481,21,0,15.0,1.0,done,53
481,22,0,5.0,1.0,done,120
481,23,0,10.0,1.0,done,37
481,24,0,5.0,1.0,done,123
481,25,0,15.0,1.0,done,233
481,26,0,5.0,1.0,done,102
481,27,0,15.0,1.0,done,60
481,28,0,10.0,1.0,done,83
481,29,0,10.0,1.0,done,142
481,30,0,15.0,1.0,done,341
481,31,0,5.0,1.0,done,156
481,32,0,10.0,1.0,done,180
481,33,0,10.0,1.0,done,144
481,34,0,10.0,1.0,done,46
481,35,0,15.0,1.0,done,223
481,36,0,15.0,1.0,done,123
481,37,0,5.0,1.0,done,66
481,38,0,15.0,1.0,done,191
481,39,0,10.0,1.0,done,28
481,40,0,10.0,1.0,done,89
481,41,0,15.0,1.0,done,229
481,42,0,10.0,1.0,done,257
481,43,0,5.0,1.0,done,94
481,44,0,15.0,1.0,done,18
481,45,0,5.0,1.0,done,110
481,46,0,5.0,1.0,done,31
481,47,0,15.0,1.0,done,69
481,48,0,10.0,1.0,done,135
482,0,0,10.0,1.0,done,25
482,1,10.0,10.0,0.0,pending,
482,2,0,5.0,1.0,done,21
482,3,0,10.0,1.0,done,65
482,4,0,15.0,1.0,done,367
482,5,0,10.0,1.0,done,203
482,6,0,10.0,1.0,done,205
482,7,0,10.0,1.0,done,198
482,8,0,10.0,1.0,done,47
482,9,0,10.0,1.0,done,125
482,10,0,15.0,1.0,done,168
482,11,0,5.0,1.0,done,51
482,12,0,15.0,1.0,done,17
482,13,5.0,5.0,0.0,pending,
482,14,0,10.0,1.0,done,397
482,15,0,5.0,1.0,done,30
482,16,0,5.0,1.0,done,188
482,17,0,15.0,1.0,done,43
482,18,0,10.0,1.0,done,313
482,19,0,15.0,1.0,done,135
482,20,0,15.0,1.0,done,52
482,21,0,15.0,1.0,done,53
482,22,0,5.0,1.0,done,120
482,23,0,10.0,1.0,done,37
482,24,0,5.0,1.0,done,123
482,25,0,15.0,1.0,done,233
482,26,0,5.0,1.0,done,102
482,27,0,15.0,1.0,done,60
482,28,0,10.0,1.0,done,83
482,29,0,10.0,1.0,done,142
482,30,0,15.0,1.0,done,341
482,31,0,5.0,1.0,done,156
482,32,0,10.0,1.0,done,180
482,33,0,10.0,1.0,done,144
482,34,0,10.0,1.0,done,46
482,35,0,15.0,1.0,done,223
482,36,0,15.0,1.0,done,123
482,37,0,5.0,1.0,done,66
482,38,0,15.0,1.0,done,191
482,39,0,10.0,1.0,done,28
482,40,0,10.0,1.0,done,89
482,41,0,15.0,1.0,done,229
482,42,0,10.0,1.0,done,257
482,43,0,5.0,1.0,done,94
482,44,0,15.0,1.0,done,18
482,45,0,5.0,1.0,done,110
482,46,0,5.0,1.0,done,31
482,47,0,15.0,1.0,done,69
482,48,0,10.0,1.0,done,135
483,0,0,10.0,1.0,done,25
483,1,10.0,10.0,0.0,pending,
483,2,0,5.0,1.0,done,21
483,3,0,10.0,1.0,done,65
483,4,0,15.0,1.0,done,367
483,5,0,10.0,1.0,done,203
483,6,0,10.0,1.0,done,205
483,7,0,10.0,1.0,done,198
483,8,0,10.0,1.0,done,47
483,9,0,10.0,1.0,done,125
483,10,0,15.0,1.0,done,168
483,11,0,5.0,1.0,done,51
483,12,0,15.0,1.0,done,17
483,13,5.0,5.0,0.0,pending,
483,14,0,10.0,1.0,done,397
483,15,0,5.0,1.0,done,30
483,16,0,5.0,1.0,done,188
483,17,0,15.0,1.0,done,43
483,18,0,10.0,1.0,done,313
483,19,0,15.0,1.0,done,135
483,20,0,15.0,1.0,done,52
483,21,0,15.0,1.0,done,53
483,22,0,5.0,1.0,done,120
483,23,0,10.0,1.0,done,37
483,24,0,5.0,1.0,done,123
483,25,0,15.0,1.0,done,233
483,26,0,5.0,1.0,done,102
483,27,0,15.0,1.0,done,60
483,28,0,10.0,1.0,done,83
483,29,0,10.0,1.0,done,142
483,30,0,15.0,1.0,done,341
483,31,0,5.0,1.0,done,156
483,32,0,10.0,1.0,done,180
483,33,0,10.0,1.0,done,144
483,34,0,10.0,1.0,done,46
483,35,0,15.0,1.0,done,223
483,36,0,15.0,1.0,done,123
483,37,0,5.0,1.0,done,66
483,38,0,15.0,1.0,done,191
483,39,0,10.0,1.0,done,28
483,40,0,10.0,1.0,done,89
483,41,0,15.0,1.0,done,229
483,42,0,10.0,1.0,done,257
483,43,0,5.0,1.0,done,94
483,44,0,15.0,1.0,done,18
483,45,0,5.0,1.0,done,110
483,46,0,5.0,1.0,done,31
483,47,0,15.0,1.0,done,69
483,48,0,10.0,1.0,done,135
484,0,0,10.0,1.0,done,25
484,1,10.0,10.0,0.0,pending,
484,2,0,5.0,1.0,done,21
484,3,0,10.0,1.0,done,65
484,4,0,15.0,1.0,done,367
484,5,0,10.0,1.0,done,203
484,6,0,10.0,1.0,done,205
484,7,0,10.0,1.0,done,198
484,8,0,10.0,1.0,done,47
484,9,0,10.0,1.0,done,125
484,10,0,15.0,1.0,done,168
484,11,0,5.0,1.0,done,51
484,12,0,15.0,1.0,done,17
484,13,5.0,5.0,0.0,pending,
484,14,0,10.0,1.0,done,397
484,15,0,5.0,1.0,done,30
484,16,0,5.0,1.0,done,188
484,17,0,15.0,1.0,done,43
484,18,0,10.0,1.0,done,313
484,19,0,15.0,1.0,done,135
484,20,0,15.0,1.0,done,52
484,21,0,15.0,1.0,done,53
484,22,0,5.0,1.0,done,120
484,23,0,10.0,1.0,done,37
484,24,0,5.0,1.0,done,123
484,25,0,15.0,1.0,done,233
484,26,0,5.0,1.0,done,102
484,27,0,15.0,1.0,done,60
484,28,0,10.0,1.0,done,83
484,29,0,10.0,1.0,done,142
484,30,0,15.0,1.0,done,341
484,31,0,5.0,1.0,done,156
484,32,0,10.0,1.0,done,180
484,33,0,10.0,1.0,done,144
484,34,0,10.0,1.0,done,46
484,35,0,15.0,1.0,done,223
484,36,0,15.0,1.0,done,123
484,37,0,5.0,1.0,done,66
484,38,0,15.0,1.0,done,191
484,39,0,10.0,1.0,done,28
484,40,0,10.0,1.0,done,89
484,41,0,15.0,1.0,done,229
484,42,0,10.0,1.0,done,257
484,43,0,5.0,1.0,done,94
484,44,0,15.0,1.0,done,18
484,45,0,5.0,1.0,done,110
484,46,0,5.0,1.0,done,31
484,47,0,15.0,1.0,done,69
484,48,0,10.0,1.0,done,135
485,0,0,10.0,1.0,done,25
485,1,10.0,10.0,0.0,pending,
485,2,0,5.0,1.0,done,21
485,3,0,10.0,1.0,done,65
485,4,0,15.0,1.0,done,367
485,5,0,10.0,1.0,done,203
485,6,0,10.0,1.0,done,205
485,7,0,10.0,1.0,done,198
485,8,0,10.0,1.0,done,47
485,9,0,10.0,1.0,done,125
485,10,0,15.0,1.0,done,168
485,11,0,5.0,1.0,done,51
485,12,0,15.0,1.0,done,17
485,13,5.0,5.0,0.0,pending,
485,14,0,10.0,1.0,done,397
485,15,0,5.0,1.0,done,30
485,16,0,5.0,1.0,done,188
485,17,0,15.0,1.0,done,43
485,18,0,10.0,1.0,done,313
485,19,0,15.0,1.0,done,135
485,20,0,15.0,1.0,done,52
485,21,0,15.0,1.0,done,53
485,22,0,5.0,1.0,done,120
485,23,0,10.0,1.0,done,37
485,24,0,5.0,1.0,done,123
485,25,0,15.0,1.0,done,233
485,26,0,5.0,1.0,done,102
485,27,0,15.0,1.0,done,60
485,28,0,10.0,1.0,done,83
485,29,0,10.0,1.0,done,142
485,30,0,15.0,1.0,done,341
485,31,0,5.0,1.0,done,156
485,32,0,10.0,1.0,done,180
485,33,0,10.0,1.0,done,144
485,34,0,10.0,1.0,done,46
485,35,0,15.0,1.0,done,223
485,36,0,15.0,1.0,done,123
485,37,0,5.0,1.0,done,66
485,38,0,15.0,1.0,done,191
485,39,0,10.0,1.0,done,28
485,40,0,10.0,1.0,done,89
485,41,0,15.0,1.0,done,229
485,42,0,10.0,1.0,done,257
485,43,0,5.0,1.0,done,94
485,44,0,15.0,1.0,done,18
485,45,0,5.0,1.0,done,110
485,46,0,5.0,1.0,done,31
485,47,0,15.0,1.0,done,69
485,48,0,10.0,1.0,done,135
486,0,0,10.0,1.0,done,25
486,1,10.0,10.0,0.0,pending,
486,2,0,5.0,1.0,done,21
486,3,0,10.0,1.0,done,65
486,4,0,15.0,1.0,done,367
486,5,0,10.0,1.0,done,203
486,6,0,10.0,1.0,done,205
486,7,0,10.0,1.0,done,198
486,8,0,10.0,1.0,done,47
486,9,0,10.0,1.0,done,125
486,10,0,15.0,1.0,done,168
486,11,0,5.0,1.0,done,51
486,12,0,15.0,1.0,done,17
486,13,5.0,5.0,0.0,pending,
486,14,0,10.0,1.0,done,397
486,15,0,5.0,1.0,done,30
486,16,0,5.0,1.0,done,188
486,17,0,15.0,1.0,done,43
486,18,0,10.0,1.0,done,313
486,19,0,15.0,1.0,done,135
486,20,0,15.0,1.0,done,52
486,21,0,15.0,1.0,done,53
486,22,0,5.0,1.0,done,120
486,23,0,10.0,1.0,done,37
486,24,0,5.0,1.0,done,123
486,25,0,15.0,1.0,done,233
486,26,0,5.0,1.0,done,102
486,27,0,15.0,1.0,done,60
486,28,0,10.0,1.0,done,83
486,29,0,10.0,1.0,done,142
486,30,0,15.0,1.0,done,341
486,31,0,5.0,1.0,done,156
486,32,0,10.0,1.0,done,180
486,33,0,10.0,1.0,done,144
486,34,0,10.0,1.0,done,46
486,35,0,15.0,1.0,done,223
486,36,0,15.0,1.0,done,123
486,37,0,5.0,1.0,done,66
486,38,0,15.0,1.0,done,191
486,39,0,10.0,1.0,done,28
486,40,0,10.0,1.0,done,89
486,41,0,15.0,1.0,done,229
486,42,0,10.0,1.0,done,257
486,43,0,5.0,1.0,done,94
486,44,0,15.0,1.0,done,18
486,45,0,5.0,1.0,done,110
486,46,0,5.0,1.0,done,31
486,47,0,15.0,1.0,done,69
486,48,0,10.0,1.0,done,135
487,0,0,10.0,1.0,done,25
487,1,10.0,10.0,0.0,pending,
487,2,0,5.0,1.0,done,21
487,3,0,10.0,1.0,done,65
487,4,0,15.0,1.0,done,367
487,5,0,10.0,1.0,done,203
487,6,0,10.0,1.0,done,205
487,7,0,10.0,1.0,done,198
487,8,0,10.0,1.0,done,47
487,9,0,10.0,1.0,done,125
487,10,0,15.0,1.0,done,168
487,11,0,5.0,1.0,done,51
487,12,0,15.0,1.0,done,17
487,13,5.0,5.0,0.0,pending,
487,14,0,10.0,1.0,done,397
487,15,0,5.0,1.0,done,30
487,16,0,5.0,1.0,done,188
487,17,0,15.0,1.0,done,43
487,18,0,10.0,1.0,done,313
487,19,0,15.0,1.0,done,135
487,20,0,15.0,1.0,done,52
487,21,0,15.0,1.0,done,53
487,22,0,5.0,1.0,done,120
487,23,0,10.0,1.0,done,37
487,24,0,5.0,1.0,done,123
487,25,0,15.0,1.0,done,233
487,26,0,5.0,1.0,done,102
487,27,0,15.0,1.0,done,60
487,28,0,10.0,1.0,done,83
487,29,0,10.0,1.0,done,142
487,30,0,15.0,1.0,done,341
487,31,0,5.0,1.0,done,156
487,32,0,10.0,1.0,done,180
487,33,0,10.0,1.0,done,144
487,34,0,10.0,1.0,done,46
487,35,0,15.0,1.0,done,223
487,36,0,15.0,1.0,done,123
487,37,0,5.0,1.0,done,66
487,38,0,15.0,1.0,done,191
487,39,0,10.0,1.0,done,28
487,40,0,10.0,1.0,done,89
487,41,0,15.0,1.0,done,229
487,42,0,10.0,1.0,done,257
487,43,0,5.0,1.0,done,94
487,44,0,15.0,1.0,done,18
487,45,0,5.0,1.0,done,110
487,46,0,5.0,1.0,done,31
487,47,0,15.0,1.0,done,69
487,48,0,10.0,1.0,done,135
488,0,0,10.0,1.0,done,25
488,1,10.0,10.0,0.0,pending,
488,2,0,5.0,1.0,done,21
488,3,0,10.0,1.0,done,65
488,4,0,15.0,1.0,done,367
488,5,0,10.0,1.0,done,203
488,6,0,10.0,1.0,done,205
488,7,0,10.0,1.0,done,198
488,8,0,10.0,1.0,done,47
488,9,0,10.0,1.0,done,125
488,10,0,15.0,1.0,done,168
488,11,0,5.0,1.0,done,51
488,12,0,15.0,1.0,done,17
488,13,5.0,5.0,0.0,pending,
488,14,0,10.0,1.0,done,397
488,15,0,5.0,1.0,done,30
488,16,0,5.0,1.0,done,188
488,17,0,15.0,1.0,done,43
488,18,0,10.0,1.0,done,313
488,19,0,15.0,1.0,done,135
488,20,0,15.0,1.0,done,52
488,21,0,15.0,1.0,done,53
488,22,0,5.0,1.0,done,120
488,23,0,10.0,1.0,done,37
488,24,0,5.0,1.0,done,123
488,25,0,15.0,1.0,done,233
488,26,0,5.0,1.0,done,102
488,27,0,15.0,1.0,done,60
488,28,0,10.0,1.0,done,83
488,29,0,10.0,1.0,done,142
488,30,0,15.0,1.0,done,341
488,31,0,5.0,1.0,done,156
488,32,0,10.0,1.0,done,180
488,33,0,10.0,1.0,done,144
488,34,0,10.0,1.0,done,46
488,35,0,15.0,1.0,done,223
488,36,0,15.0,1.0,done,123
488,37,0,5.0,1.0,done,66
488,38,0,15.0,1.0,done,191
488,39,0,10.0,1.0,done,28
488,40,0,10.0,1.0,done,89
488,41,0,15.0,1.0,done,229
488,42,0,10.0,1.0,done,257
488,43,0,5.0,1.0,done,94
488,44,0,15.0,1.0,done,18
488,45,0,5.0,1.0,done,110
488,46,0,5.0,1.0,done,31
488,47,0,15.0,1.0,done,69
488,48,0,10.0,1.0,done,135
489,0,0,10.0,1.0,done,25
489,1,10.0,10.0,0.0,pending,
489,2,0,5.0,1.0,done,21
489,3,0,10.0,1.0,done,65
489,4,0,15.0,1.0,done,367
489,5,0,10.0,1.0,done,203
489,6,0,10.0,1.0,done,205
489,7,0,10.0,1.0,done,198
489,8,0,10.0,1.0,done,47
489,9,0,10.0,1.0,done,125
489,10,0,15.0,1.0,done,168
489,11,0,5.0,1.0,done,51
489,12,0,15.0,1.0,done,17
489,13,5.0,5.0,0.0,pending,
489,14,0,10.0,1.0,done,397
489,15,0,5.0,1.0,done,30
489,16,0,5.0,1.0,done,188
489,17,0,15.0,1.0,done,43
489,18,0,10.0,1.0,done,313
489,19,0,15.0,1.0,done,135
489,20,0,15.0,1.0,done,52
489,21,0,15.0,1.0,done,53
489,22,0,5.0,1.0,done,120
489,23,0,10.0,1.0,done,37
489,24,0,5.0,1.0,done,123
489,25,0,15.0,1.0,done,233
489,26,0,5.0,1.0,done,102
489,27,0,15.0,1.0,done,60
489,28,0,10.0,1.0,done,83
489,29,0,10.0,1.0,done,142
489,30,0,15.0,1.0,done,341
489,31,0,5.0,1.0,done,156
489,32,0,10.0,1.0,done,180
489,33,0,10.0,1.0,done,144
489,34,0,10.0,1.0,done,46
489,35,0,15.0,1.0,done,223
489,36,0,15.0,1.0,done,123
489,37,0,5.0,1.0,done,66
489,38,0,15.0,1.0,done,191
489,39,0,10.0,1.0,done,28
489,40,0,10.0,1.0,done,89
489,41,0,15.0,1.0,done,229
489,42,0,10.0,1.0,done,257
489,43,0,5.0,1.0,done,94
489,44,0,15.0,1.0,done,18
489,45,0,5.0,1.0,done,110
489,46,0,5.0,1.0,done,31
489,47,0,15.0,1.0,done,69
489,48,0,10.0,1.0,done,135
490,0,0,10.0,1.0,done,25
490,1,10.0,10.0,0.0,pending,
490,2,0,5.0,1.0,done,21
490,3,0,10.0,1.0,done,65
490,4,0,15.0,1.0,done,367
490,5,0,10.0,1.0,done,203
490,6,0,10.0,1.0,done,205
490,7,0,10.0,1.0,done,198
490,8,0,10.0,1.0,done,47
490,9,0,10.0,1.0,done,125
490,10,0,15.0,1.0,done,168
490,11,0,5.0,1.0,done,51
490,12,0,15.0,1.0,done,17
490,13,5.0,5.0,0.0,pending,
490,14,0,10.0,1.0,done,397
490,15,0,5.0,1.0,done,30
490,16,0,5.0,1.0,done,188
490,17,0,15.0,1.0,done,43
490,18,0,10.0,1.0,done,313
490,19,0,15.0,1.0,done,135
490,20,0,15.0,1.0,done,52
490,21,0,15.0,1.0,done,53
490,22,0,5.0,1.0,done,120
490,23,0,10.0,1.0,done,37
490,24,0,5.0,1.0,done,123
490,25,0,15.0,1.0,done,233
490,26,0,5.0,1.0,done,102
490,27,0,15.0,1.0,done,60
490,28,0,10.0,1.0,done,83
490,29,0,10.0,1.0,done,142
490,30,0,15.0,1.0,done,341
490,31,0,5.0,1.0,done,156
490,32,0,10.0,1.0,done,180
490,33,0,10.0,1.0,done,144
490,34,0,10.0,1.0,done,46
490,35,0,15.0,1.0,done,223
490,36,0,15.0,1.0,done,123
490,37,0,5.0,1.0,done,66
490,38,0,15.0,1.0,done,191
490,39,0,10.0,1.0,done,28
490,40,0,10.0,1.0,done,89
490,41,0,15.0,1.0,done,229
490,42,0,10.0,1.0,done,257
490,43,0,5.0,1.0,done,94
490,44,0,15.0,1.0,done,18
490,45,0,5.0,1.0,done,110
490,46,0,5.0,1.0,done,31
490,47,0,15.0,1.0,done,69
490,48,0,10.0,1.0,done,135
491,0,0,10.0,1.0,done,25
491,1,10.0,10.0,0.0,pending,
491,2,0,5.0,1.0,done,21
491,3,0,10.0,1.0,done,65
491,4,0,15.0,1.0,done,367
491,5,0,10.0,1.0,done,203
491,6,0,10.0,1.0,done,205
491,7,0,10.0,1.0,done,198
491,8,0,10.0,1.0,done,47
491,9,0,10.0,1.0,done,125
491,10,0,15.0,1.0,done,168
491,11,0,5.0,1.0,done,51
491,12,0,15.0,1.0,done,17
491,13,5.0,5.0,0.0,pending,
491,14,0,10.0,1.0,done,397
491,15,0,5.0,1.0,done,30
491,16,0,5.0,1.0,done,188
491,17,0,15.0,1.0,done,43
491,18,0,10.0,1.0,done,313
491,19,0,15.0,1.0,done,135
491,20,0,15.0,1.0,done,52
491,21,0,15.0,1.0,done,53
491,22,0,5.0,1.0,done,120
491,23,0,10.0,1.0,done,37
491,24,0,5.0,1.0,done,123
491,25,0,15.0,1.0,done,233
491,26,0,5.0,1.0,done,102
491,27,0,15.0,1.0,done,60
491,28,0,10.0,1.0,done,83
491,29,0,10.0,1.0,done,142
491,30,0,15.0,1.0,done,341
491,31,0,5.0,1.0,done,156
491,32,0,10.0,1.0,done,180
491,33,0,10.0,1.0,done,144
491,34,0,10.0,1.0,done,46
491,35,0,15.0,1.0,done,223
491,36,0,15.0,1.0,done,123
491,37,0,5.0,1.0,done,66
491,38,0,15.0,1.0,done,191
491,39,0,10.0,1.0,done,28
491,40,0,10.0,1.0,done,89
491,41,0,15.0,1.0,done,229
491,42,0,10.0,1.0,done,257
491,43,0,5.0,1.0,done,94
491,44,0,15.0,1.0,done,18
491,45,0,5.0,1.0,done,110
491,46,0,5.0,1.0,done,31
491,47,0,15.0,1.0,done,69
491,48,0,10.0,1.0,done,135
492,0,0,10.0,1.0,done,25
492,1,10.0,10.0,0.0,pending,
492,2,0,5.0,1.0,done,21
492,3,0,10.0,1.0,done,65
492,4,0,15.0,1.0,done,367
492,5,0,10.0,1.0,done,203
492,6,0,10.0,1.0,done,205
492,7,0,10.0,1.0,done,198
492,8,0,10.0,1.0,done,47
492,9,0,10.0,1.0,done,125
492,10,0,15.0,1.0,done,168
492,11,0,5.0,1.0,done,51
492,12,0,15.0,1.0,done,17
492,13,5.0,5.0,0.0,pending,
492,14,0,10.0,1.0,done,397
492,15,0,5.0,1.0,done,30
492,16,0,5.0,1.0,done,188
492,17,0,15.0,1.0,done,43
492,18,0,10.0,1.0,done,313
492,19,0,15.0,1.0,done,135
492,20,0,15.0,1.0,done,52
492,21,0,15.0,1.0,done,53
492,22,0,5.0,1.0,done,120
492,23,0,10.0,1.0,done,37
492,24,0,5.0,1.0,done,123
492,25,0,15.0,1.0,done,233
492,26,0,5.0,1.0,done,102
492,27,0,15.0,1.0,done,60
492,28,0,10.0,1.0,done,83
492,29,0,10.0,1.0,done,142
492,30,0,15.0,1.0,done,341
492,31,0,5.0,1.0,done,156
492,32,0,10.0,1.0,done,180
492,33,0,10.0,1.0,done,144
492,34,0,10.0,1.0,done,46
492,35,0,15.0,1.0,done,223
492,36,0,15.0,1.0,done,123
492,37,0,5.0,1.0,done,66
492,38,0,15.0,1.0,done,191
492,39,0,10.0,1.0,done,28
492,40,0,10.0,1.0,done,89
492,41,0,15.0,1.0,done,229
492,42,0,10.0,1.0,done,257
492,43,0,5.0,1.0,done,94
492,44,0,15.0,1.0,done,18
492,45,0,5.0,1.0,done,110
492,46,0,5.0,1.0,done,31
492,47,0,15.0,1.0,done,69
492,48,0,10.0,1.0,done,135
493,0,0,10.0,1.0,done,25
493,1,10.0,10.0,0.0,pending,
493,2,0,5.0,1.0,done,21
493,3,0,10.0,1.0,done,65
493,4,0,15.0,1.0,done,367
493,5,0,10.0,1.0,done,203
493,6,0,10.0,1.0,done,205
493,7,0,10.0,1.0,done,198
493,8,0,10.0,1.0,done,47
493,9,0,10.0,1.0,done,125
493,10,0,15.0,1.0,done,168
493,11,0,5.0,1.0,done,51
493,12,0,15.0,1.0,done,17
493,13,5.0,5.0,0.0,pending,
493,14,0,10.0,1.0,done,397
493,15,0,5.0,1.0,done,30
493,16,0,5.0,1.0,done,188
493,17,0,15.0,1.0,done,43
493,18,0,10.0,1.0,done,313
493,19,0,15.0,1.0,done,135
493,20,0,15.0,1.0,done,52
493,21,0,15.0,1.0,done,53
493,22,0,5.0,1.0,done,120
493,23,0,10.0,1.0,done,37
493,24,0,5.0,1.0,done,123
493,25,0,15.0,1.0,done,233
493,26,0,5.0,1.0,done,102
493,27,0,15.0,1.0,done,60
493,28,0,10.0,1.0,done,83
493,29,0,10.0,1.0,done,142
493,30,0,15.0,1.0,done,341
493,31,0,5.0,1.0,done,156
493,32,0,10.0,1.0,done,180
493,33,0,10.0,1.0,done,144
493,34,0,10.0,1.0,done,46
493,35,0,15.0,1.0,done,223
493,36,0,15.0,1.0,done,123
493,37,0,5.0,1.0,done,66
493,38,0,15.0,1.0,done,191
493,39,0,10.0,1.0,done,28
493,40,0,10.0,1.0,done,89
493,41,0,15.0,1.0,done,229
493,42,0,10.0,1.0,done,257
493,43,0,5.0,1.0,done,94
493,44,0,15.0,1.0,done,18
493,45,0,5.0,1.0,done,110
493,46,0,5.0,1.0,done,31
493,47,0,15.0,1.0,done,69
493,48,0,10.0,1.0,done,135
494,0,0,10.0,1.0,done,25
494,1,10.0,10.0,0.0,pending,
494,2,0,5.0,1.0,done,21
494,3,0,10.0,1.0,done,65
494,4,0,15.0,1.0,done,367
494,5,0,10.0,1.0,done,203
494,6,0,10.0,1.0,done,205
494,7,0,10.0,1.0,done,198
494,8,0,10.0,1.0,done,47
494,9,0,10.0,1.0,done,125
494,10,0,15.0,1.0,done,168
494,11,0,5.0,1.0,done,51
494,12,0,15.0,1.0,done,17
494,13,5.0,5.0,0.0,pending,
494,14,0,10.0,1.0,done,397
494,15,0,5.0,1.0,done,30
494,16,0,5.0,1.0,done,188
494,17,0,15.0,1.0,done,43
494,18,0,10.0,1.0,done,313
494,19,0,15.0,1.0,done,135
494,20,0,15.0,1.0,done,52
494,21,0,15.0,1.0,done,53
494,22,0,5.0,1.0,done,120
494,23,0,10.0,1.0,done,37
494,24,0,5.0,1.0,done,123
494,25,0,15.0,1.0,done,233
494,26,0,5.0,1.0,done,102
494,27,0,15.0,1.0,done,60
494,28,0,10.0,1.0,done,83
494,29,0,10.0,1.0,done,142
494,30,0,15.0,1.0,done,341
494,31,0,5.0,1.0,done,156
494,32,0,10.0,1.0,done,180
494,33,0,10.0,1.0,done,144
494,34,0,10.0,1.0,done,46
494,35,0,15.0,1.0,done,223
494,36,0,15.0,1.0,done,123
494,37,0,5.0,1.0,done,66
494,38,0,15.0,1.0,done,191
494,39,0,10.0,1.0,done,28
494,40,0,10.0,1.0,done,89
494,41,0,15.0,1.0,done,229
494,42,0,10.0,1.0,done,257
494,43,0,5.0,1.0,done,94
494,44,0,15.0,1.0,done,18
494,45,0,5.0,1.0,done,110
494,46,0,5.0,1.0,done,31
494,47,0,15.0,1.0,done,69
494,48,0,10.0,1.0,done,135
495,0,0,10.0,1.0,done,25
495,1,10.0,10.0,0.0,pending,
495,2,0,5.0,1.0,done,21
495,3,0,10.0,1.0,done,65
495,4,0,15.0,1.0,done,367
495,5,0,10.0,1.0,done,203
495,6,0,10.0,1.0,done,205
495,7,0,10.0,1.0,done,198
495,8,0,10.0,1.0,done,47
495,9,0,10.0,1.0,done,125
495,10,0,15.0,1.0,done,168
495,11,0,5.0,1.0,done,51
495,12,0,15.0,1.0,done,17
495,13,5.0,5.0,0.0,pending,
495,14,0,10.0,1.0,done,397
495,15,0,5.0,1.0,done,30
495,16,0,5.0,1.0,done,188
495,17,0,15.0,1.0,done,43
495,18,0,10.0,1.0,done,313
495,19,0,15.0,1.0,done,135
495,20,0,15.0,1.0,done,52
495,21,0,15.0,1.0,done,53
495,22,0,5.0,1.0,done,120
495,23,0,10.0,1.0,done,37
495,24,0,5.0,1.0,done,123
495,25,0,15.0,1.0,done,233
495,26,0,5.0,1.0,done,102
495,27,0,15.0,1.0,done,60
495,28,0,10.0,1.0,done,83
495,29,0,10.0,1.0,done,142
495,30,0,15.0,1.0,done,341
495,31,0,5.0,1.0,done,156
495,32,0,10.0,1.0,done,180
495,33,0,10.0,1.0,done,144
495,34,0,10.0,1.0,done,46
495,35,0,15.0,1.0,done,223
495,36,0,15.0,1.0,done,123
495,37,0,5.0,1.0,done,66
495,38,0,15.0,1.0,done,191
495,39,0,10.0,1.0,done,28
495,40,0,10.0,1.0,done,89
495,41,0,15.0,1.0,done,229
495,42,0,10.0,1.0,done,257
495,43,0,5.0,1.0,done,94
495,44,0,15.0,1.0,done,18
495,45,0,5.0,1.0,done,110
495,46,0,5.0,1.0,done,31
495,47,0,15.0,1.0,done,69
495,48,0,10.0,1.0,done,135
496,0,0,10.0,1.0,done,25
496,1,10.0,10.0,0.0,pending,
496,2,0,5.0,1.0,done,21
496,3,0,10.0,1.0,done,65
496,4,0,15.0,1.0,done,367
496,5,0,10.0,1.0,done,203
496,6,0,10.0,1.0,done,205
496,7,0,10.0,1.0,done,198
496,8,0,10.0,1.0,done,47
496,9,0,10.0,1.0,done,125
496,10,0,15.0,1.0,done,168
496,11,0,5.0,1.0,done,51
496,12,0,15.0,1.0,done,17
496,13,5.0,5.0,0.0,pending,
496,14,0,10.0,1.0,done,397
496,15,0,5.0,1.0,done,30
496,16,0,5.0,1.0,done,188
496,17,0,15.0,1.0,done,43
496,18,0,10.0,1.0,done,313
496,19,0,15.0,1.0,done,135
496,20,0,15.0,1.0,done,52
496,21,0,15.0,1.0,done,53
496,22,0,5.0,1.0,done,120
496,23,0,10.0,1.0,done,37
496,24,0,5.0,1.0,done,123
496,25,0,15.0,1.0,done,233
496,26,0,5.0,1.0,done,102
496,27,0,15.0,1.0,done,60
496,28,0,10.0,1.0,done,83
496,29,0,10.0,1.0,done,142
496,30,0,15.0,1.0,done,341
496,31,0,5.0,1.0,done,156
496,32,0,10.0,1.0,done,180
496,33,0,10.0,1.0,done,144
496,34,0,10.0,1.0,done,46
496,35,0,15.0,1.0,done,223
496,36,0,15.0,1.0,done,123
496,37,0,5.0,1.0,done,66
496,38,0,15.0,1.0,done,191
496,39,0,10.0,1.0,done,28
496,40,0,10.0,1.0,done,89
496,41,0,15.0,1.0,done,229
496,42,0,10.0,1.0,done,257
496,43,0,5.0,1.0,done,94
496,44,0,15.0,1.0,done,18
496,45,0,5.0,1.0,done,110
496,46,0,5.0,1.0,done,31
496,47,0,15.0,1.0,done,69
496,48,0,10.0,1.0,done,135
497,0,0,10.0,1.0,done,25
497,1,10.0,10.0,0.0,pending,
497,2,0,5.0,1.0,done,21
497,3,0,10.0,1.0,done,65
497,4,0,15.0,1.0,done,367
497,5,0,10.0,1.0,done,203
497,6,0,10.0,1.0,done,205
497,7,0,10.0,1.0,done,198
497,8,0,10.0,1.0,done,47
497,9,0,10.0,1.0,done,125
497,10,0,15.0,1.0,done,168
497,11,0,5.0,1.0,done,51
497,12,0,15.0,1.0,done,17
497,13,5.0,5.0,0.0,pending,
497,14,0,10.0,1.0,done,397
497,15,0,5.0,1.0,done,30
497,16,0,5.0,1.0,done,188
497,17,0,15.0,1.0,done,43
497,18,0,10.0,1.0,done,313
497,19,0,15.0,1.0,done,135
497,20,0,15.0,1.0,done,52
497,21,0,15.0,1.0,done,53
497,22,0,5.0,1.0,done,120
497,23,0,10.0,1.0,done,37
497,24,0,5.0,1.0,done,123
497,25,0,15.0,1.0,done,233
497,26,0,5.0,1.0,done,102
497,27,0,15.0,1.0,done,60
497,28,0,10.0,1.0,done,83
497,29,0,10.0,1.0,done,142
497,30,0,15.0,1.0,done,341
497,31,0,5.0,1.0,done,156
497,32,0,10.0,1.0,done,180
497,33,0,10.0,1.0,done,144
497,34,0,10.0,1.0,done,46
497,35,0,15.0,1.0,done,223
497,36,0,15.0,1.0,done,123
497,37,0,5.0,1.0,done,66
497,38,0,15.0,1.0,done,191
497,39,0,10.0,1.0,done,28
497,40,0,10.0,1.0,done,89
497,41,0,15.0,1.0,done,229
497,42,0,10.0,1.0,done,257
497,43,0,5.0,1.0,done,94
497,44,0,15.0,1.0,done,18
497,45,0,5.0,1.0,done,110
497,46,0,5.0,1.0,done,31
497,47,0,15.0,1.0,done,69
497,48,0,10.0,1.0,done,135
498,0,0,10.0,1.0,done,25
498,1,10.0,10.0,0.0,pending,
498,2,0,5.0,1.0,done,21
498,3,0,10.0,1.0,done,65
498,4,0,15.0,1.0,done,367
498,5,0,10.0,1.0,done,203
498,6,0,10.0,1.0,done,205
498,7,0,10.0,1.0,done,198
498,8,0,10.0,1.0,done,47
498,9,0,10.0,1.0,done,125
498,10,0,15.0,1.0,done,168
498,11,0,5.0,1.0,done,51
498,12,0,15.0,1.0,done,17
498,13,5.0,5.0,0.0,pending,
498,14,0,10.0,1.0,done,397
498,15,0,5.0,1.0,done,30
498,16,0,5.0,1.0,done,188
498,17,0,15.0,1.0,done,43
498,18,0,10.0,1.0,done,313
498,19,0,15.0,1.0,done,135
498,20,0,15.0,1.0,done,52
498,21,0,15.0,1.0,done,53
498,22,0,5.0,1.0,done,120
498,23,0,10.0,1.0,done,37
498,24,0,5.0,1.0,done,123
498,25,0,15.0,1.0,done,233
498,26,0,5.0,1.0,done,102
498,27,0,15.0,1.0,done,60
498,28,0,10.0,1.0,done,83
498,29,0,10.0,1.0,done,142
498,30,0,15.0,1.0,done,341
498,31,0,5.0,1.0,done,156
498,32,0,10.0,1.0,done,180
498,33,0,10.0,1.0,done,144
498,34,0,10.0,1.0,done,46
498,35,0,15.0,1.0,done,223
498,36,0,15.0,1.0,done,123
498,37,0,5.0,1.0,done,66
498,38,0,15.0,1.0,done,191
498,39,0,10.0,1.0,done,28
498,40,0,10.0,1.0,done,89
498,41,0,15.0,1.0,done,229
498,42,0,10.0,1.0,done,257
498,43,0,5.0,1.0,done,94
498,44,0,15.0,1.0,done,18
498,45,0,5.0,1.0,done,110
498,46,0,5.0,1.0,done,31
498,47,0,15.0,1.0,done,69
498,48,0,10.0,1.0,done,135
499,0,0,10.0,1.0,done,25
499,1,10.0,10.0,0.0,pending,
499,2,0,5.0,1.0,done,21
499,3,0,10.0,1.0,done,65
499,4,0,15.0,1.0,done,367
499,5,0,10.0,1.0,done,203
499,6,0,10.0,1.0,done,205
499,7,0,10.0,1.0,done,198
499,8,0,10.0,1.0,done,47
499,9,0,10.0,1.0,done,125
499,10,0,15.0,1.0,done,168
499,11,0,5.0,1.0,done,51
499,12,0,15.0,1.0,done,17
499,13,5.0,5.0,0.0,pending,
499,14,0,10.0,1.0,done,397
499,15,0,5.0,1.0,done,30
499,16,0,5.0,1.0,done,188
499,17,0,15.0,1.0,done,43
499,18,0,10.0,1.0,done,313
499,19,0,15.0,1.0,done,135
499,20,0,15.0,1.0,done,52
499,21,0,15.0,1.0,done,53
499,22,0,5.0,1.0,done,120
499,23,0,10.0,1.0,done,37
499,24,0,5.0,1.0,done,123
499,25,0,15.0,1.0,done,233
499,26,0,5.0,1.0,done,102
499,27,0,15.0,1.0,done,60
499,28,0,10.0,1.0,done,83
499,29,0,10.0,1.0,done,142
499,30,0,15.0,1.0,done,341
499,31,0,5.0,1.0,done,156
499,32,0,10.0,1.0,done,180
499,33,0,10.0,1.0,done,144
499,34,0,10.0,1.0,done,46
499,35,0,15.0,1.0,done,223
499,36,0,15.0,1.0,done,123
499,37,0,5.0,1.0,done,66
499,38,0,15.0,1.0,done,191
499,39,0,10.0,1.0,done,28
499,40,0,10.0,1.0,done,89
499,41,0,15.0,1.0,done,229
499,42,0,10.0,1.0,done,257
499,43,0,5.0,1.0,done,94
499,44,0,15.0,1.0,done,18
499,45,0,5.0,1.0,done,110
499,46,0,5.0,1.0,done,31
499,47,0,15.0,1.0,done,69
499,48,0,10.0,1.0,done,135
500,0,0,10.0,1.0,done,25
500,1,10.0,10.0,0.0,pending,
500,2,0,5.0,1.0,done,21
500,3,0,10.0,1.0,done,65
500,4,0,15.0,1.0,done,367
500,5,0,10.0,1.0,done,203
500,6,0,10.0,1.0,done,205
500,7,0,10.0,1.0,done,198
500,8,0,10.0,1.0,done,47
500,9,0,10.0,1.0,done,125
500,10,0,15.0,1.0,done,168
500,11,0,5.0,1.0,done,51
500,12,0,15.0,1.0,done,17
500,13,5.0,5.0,0.0,pending,
500,14,0,10.0,1.0,done,397
500,15,0,5.0,1.0,done,30
500,16,0,5.0,1.0,done,188
500,17,0,15.0,1.0,done,43
500,18,0,10.0,1.0,done,313
500,19,0,15.0,1.0,done,135
500,20,0,15.0,1.0,done,52
500,21,0,15.0,1.0,done,53
500,22,0,5.0,1.0,done,120
500,23,0,10.0,1.0,done,37
500,24,0,5.0,1.0,done,123
500,25,0,15.0,1.0,done,233
500,26,0,5.0,1.0,done,102
500,27,0,15.0,1.0,done,60
500,28,0,10.0,1.0,done,83
500,29,0,10.0,1.0,done,142
500,30,0,15.0,1.0,done,341
500,31,0,5.0,1.0,done,156
500,32,0,10.0,1.0,done,180
500,33,0,10.0,1.0,done,144
500,34,0,10.0,1.0,done,46
500,35,0,15.0,1.0,done,223
500,36,0,15.0,1.0,done,123
500,37,0,5.0,1.0,done,66
500,38,0,15.0,1.0,done,191
500,39,0,10.0,1.0,done,28
500,40,0,10.0,1.0,done,89
500,41,0,15.0,1.0,done,229
500,42,0,10.0,1.0,done,257
500,43,0,5.0,1.0,done,94
500,44,0,15.0,1.0,done,18
500,45,0,5.0,1.0,done,110
500,46,0,5.0,1.0,done,31
500,47,0,15.0,1.0,done,69
500,48,0,10.0,1.0,done,135
